x_0,y_0,z_0,v_0,x_1,y_1,z_1,v_1,x_2,y_2,z_2,v_2,x_3,y_3,z_3,v_3,x_4,y_4,z_4,v_4,x_5,y_5,z_5,v_5,x_6,y_6,z_6,v_6,x_7,y_7,z_7,v_7,x_8,y_8,z_8,v_8,x_9,y_9,z_9,v_9,x_10,y_10,z_10,v_10,x_11,y_11,z_11,v_11,x_12,y_12,z_12,v_12,x_13,y_13,z_13,v_13,x_14,y_14,z_14,v_14,x_15,y_15,z_15,v_15,x_16,y_16,z_16,v_16,x_17,y_17,z_17,v_17,x_18,y_18,z_18,v_18,x_19,y_19,z_19,v_19,x_20,y_20,z_20,v_20,x_21,y_21,z_21,v_21,x_22,y_22,z_22,v_22,x_23,y_23,z_23,v_23,x_24,y_24,z_24,v_24,x_25,y_25,z_25,v_25,x_26,y_26,z_26,v_26,x_27,y_27,z_27,v_27,x_28,y_28,z_28,v_28,x_29,y_29,z_29,v_29,x_30,y_30,z_30,v_30,x_31,y_31,z_31,v_31,x_32,y_32,z_32,v_32,label,video_file
,,,,,,,,,,,,,,,,,,,,,,,,,,,,,,,,,,,,,,,,,,,,,,,,,,,,,,,,,,,,,,,,,,,,,,,,,,,,,,,,,,,,,,,,,,,,,,,,,,,,,,,,,,,,,,,,,,,,,,,,,,,,,,,,,,,,PD_Early,004_PD_01_MD.MOV
,,,,,,,,,,,,,,,,,,,,,,,,,,,,,,,,,,,,,,,,,,,,,,,,,,,,,,,,,,,,,,,,,,,,,,,,,,,,,,,,,,,,,,,,,,,,,,,,,,,,,,,,,,,,,,,,,,,,,,,,,,,,,,,,,,,,PD_Early,004_PD_01_MD.MOV
,,,,,,,,,,,,,,,,,,,,,,,,,,,,,,,,,,,,,,,,,,,,,,,,,,,,,,,,,,,,,,,,,,,,,,,,,,,,,,,,,,,,,,,,,,,,,,,,,,,,,,,,,,,,,,,,,,,,,,,,,,,,,,,,,,,,PD_Early,004_PD_01_MD.MOV
,,,,,,,,,,,,,,,,,,,,,,,,,,,,,,,,,,,,,,,,,,,,,,,,,,,,,,,,,,,,,,,,,,,,,,,,,,,,,,,,,,,,,,,,,,,,,,,,,,,,,,,,,,,,,,,,,,,,,,,,,,,,,,,,,,,,PD_Early,004_PD_01_MD.MOV
,,,,,,,,,,,,,,,,,,,,,,,,,,,,,,,,,,,,,,,,,,,,,,,,,,,,,,,,,,,,,,,,,,,,,,,,,,,,,,,,,,,,,,,,,,,,,,,,,,,,,,,,,,,,,,,,,,,,,,,,,,,,,,,,,,,,PD_Early,004_PD_01_MD.MOV
,,,,,,,,,,,,,,,,,,,,,,,,,,,,,,,,,,,,,,,,,,,,,,,,,,,,,,,,,,,,,,,,,,,,,,,,,,,,,,,,,,,,,,,,,,,,,,,,,,,,,,,,,,,,,,,,,,,,,,,,,,,,,,,,,,,,PD_Early,004_PD_01_MD.MOV
,,,,,,,,,,,,,,,,,,,,,,,,,,,,,,,,,,,,,,,,,,,,,,,,,,,,,,,,,,,,,,,,,,,,,,,,,,,,,,,,,,,,,,,,,,,,,,,,,,,,,,,,,,,,,,,,,,,,,,,,,,,,,,,,,,,,PD_Early,004_PD_01_MD.MOV
,,,,,,,,,,,,,,,,,,,,,,,,,,,,,,,,,,,,,,,,,,,,,,,,,,,,,,,,,,,,,,,,,,,,,,,,,,,,,,,,,,,,,,,,,,,,,,,,,,,,,,,,,,,,,,,,,,,,,,,,,,,,,,,,,,,,PD_Early,004_PD_01_MD.MOV
,,,,,,,,,,,,,,,,,,,,,,,,,,,,,,,,,,,,,,,,,,,,,,,,,,,,,,,,,,,,,,,,,,,,,,,,,,,,,,,,,,,,,,,,,,,,,,,,,,,,,,,,,,,,,,,,,,,,,,,,,,,,,,,,,,,,PD_Early,004_PD_01_MD.MOV
,,,,,,,,,,,,,,,,,,,,,,,,,,,,,,,,,,,,,,,,,,,,,,,,,,,,,,,,,,,,,,,,,,,,,,,,,,,,,,,,,,,,,,,,,,,,,,,,,,,,,,,,,,,,,,,,,,,,,,,,,,,,,,,,,,,,PD_Early,004_PD_01_MD.MOV
,,,,,,,,,,,,,,,,,,,,,,,,,,,,,,,,,,,,,,,,,,,,,,,,,,,,,,,,,,,,,,,,,,,,,,,,,,,,,,,,,,,,,,,,,,,,,,,,,,,,,,,,,,,,,,,,,,,,,,,,,,,,,,,,,,,,PD_Early,004_PD_01_MD.MOV
,,,,,,,,,,,,,,,,,,,,,,,,,,,,,,,,,,,,,,,,,,,,,,,,,,,,,,,,,,,,,,,,,,,,,,,,,,,,,,,,,,,,,,,,,,,,,,,,,,,,,,,,,,,,,,,,,,,,,,,,,,,,,,,,,,,,PD_Early,004_PD_01_MD.MOV
,,,,,,,,,,,,,,,,,,,,,,,,,,,,,,,,,,,,,,,,,,,,,,,,,,,,,,,,,,,,,,,,,,,,,,,,,,,,,,,,,,,,,,,,,,,,,,,,,,,,,,,,,,,,,,,,,,,,,,,,,,,,,,,,,,,,PD_Early,004_PD_01_MD.MOV
,,,,,,,,,,,,,,,,,,,,,,,,,,,,,,,,,,,,,,,,,,,,,,,,,,,,,,,,,,,,,,,,,,,,,,,,,,,,,,,,,,,,,,,,,,,,,,,,,,,,,,,,,,,,,,,,,,,,,,,,,,,,,,,,,,,,PD_Early,004_PD_01_MD.MOV
,,,,,,,,,,,,,,,,,,,,,,,,,,,,,,,,,,,,,,,,,,,,,,,,,,,,,,,,,,,,,,,,,,,,,,,,,,,,,,,,,,,,,,,,,,,,,,,,,,,,,,,,,,,,,,,,,,,,,,,,,,,,,,,,,,,,PD_Early,004_PD_01_MD.MOV
,,,,,,,,,,,,,,,,,,,,,,,,,,,,,,,,,,,,,,,,,,,,,,,,,,,,,,,,,,,,,,,,,,,,,,,,,,,,,,,,,,,,,,,,,,,,,,,,,,,,,,,,,,,,,,,,,,,,,,,,,,,,,,,,,,,,PD_Early,004_PD_01_MD.MOV
,,,,,,,,,,,,,,,,,,,,,,,,,,,,,,,,,,,,,,,,,,,,,,,,,,,,,,,,,,,,,,,,,,,,,,,,,,,,,,,,,,,,,,,,,,,,,,,,,,,,,,,,,,,,,,,,,,,,,,,,,,,,,,,,,,,,PD_Early,004_PD_01_MD.MOV
,,,,,,,,,,,,,,,,,,,,,,,,,,,,,,,,,,,,,,,,,,,,,,,,,,,,,,,,,,,,,,,,,,,,,,,,,,,,,,,,,,,,,,,,,,,,,,,,,,,,,,,,,,,,,,,,,,,,,,,,,,,,,,,,,,,,PD_Early,004_PD_01_MD.MOV
,,,,,,,,,,,,,,,,,,,,,,,,,,,,,,,,,,,,,,,,,,,,,,,,,,,,,,,,,,,,,,,,,,,,,,,,,,,,,,,,,,,,,,,,,,,,,,,,,,,,,,,,,,,,,,,,,,,,,,,,,,,,,,,,,,,,PD_Early,004_PD_01_MD.MOV
,,,,,,,,,,,,,,,,,,,,,,,,,,,,,,,,,,,,,,,,,,,,,,,,,,,,,,,,,,,,,,,,,,,,,,,,,,,,,,,,,,,,,,,,,,,,,,,,,,,,,,,,,,,,,,,,,,,,,,,,,,,,,,,,,,,,PD_Early,004_PD_01_MD.MOV
,,,,,,,,,,,,,,,,,,,,,,,,,,,,,,,,,,,,,,,,,,,,,,,,,,,,,,,,,,,,,,,,,,,,,,,,,,,,,,,,,,,,,,,,,,,,,,,,,,,,,,,,,,,,,,,,,,,,,,,,,,,,,,,,,,,,PD_Early,004_PD_01_MD.MOV
,,,,,,,,,,,,,,,,,,,,,,,,,,,,,,,,,,,,,,,,,,,,,,,,,,,,,,,,,,,,,,,,,,,,,,,,,,,,,,,,,,,,,,,,,,,,,,,,,,,,,,,,,,,,,,,,,,,,,,,,,,,,,,,,,,,,PD_Early,004_PD_01_MD.MOV
,,,,,,,,,,,,,,,,,,,,,,,,,,,,,,,,,,,,,,,,,,,,,,,,,,,,,,,,,,,,,,,,,,,,,,,,,,,,,,,,,,,,,,,,,,,,,,,,,,,,,,,,,,,,,,,,,,,,,,,,,,,,,,,,,,,,PD_Early,004_PD_01_MD.MOV
,,,,,,,,,,,,,,,,,,,,,,,,,,,,,,,,,,,,,,,,,,,,,,,,,,,,,,,,,,,,,,,,,,,,,,,,,,,,,,,,,,,,,,,,,,,,,,,,,,,,,,,,,,,,,,,,,,,,,,,,,,,,,,,,,,,,PD_Early,004_PD_01_MD.MOV
,,,,,,,,,,,,,,,,,,,,,,,,,,,,,,,,,,,,,,,,,,,,,,,,,,,,,,,,,,,,,,,,,,,,,,,,,,,,,,,,,,,,,,,,,,,,,,,,,,,,,,,,,,,,,,,,,,,,,,,,,,,,,,,,,,,,PD_Early,004_PD_01_MD.MOV
,,,,,,,,,,,,,,,,,,,,,,,,,,,,,,,,,,,,,,,,,,,,,,,,,,,,,,,,,,,,,,,,,,,,,,,,,,,,,,,,,,,,,,,,,,,,,,,,,,,,,,,,,,,,,,,,,,,,,,,,,,,,,,,,,,,,PD_Early,004_PD_01_MD.MOV
,,,,,,,,,,,,,,,,,,,,,,,,,,,,,,,,,,,,,,,,,,,,,,,,,,,,,,,,,,,,,,,,,,,,,,,,,,,,,,,,,,,,,,,,,,,,,,,,,,,,,,,,,,,,,,,,,,,,,,,,,,,,,,,,,,,,PD_Early,004_PD_01_MD.MOV
,,,,,,,,,,,,,,,,,,,,,,,,,,,,,,,,,,,,,,,,,,,,,,,,,,,,,,,,,,,,,,,,,,,,,,,,,,,,,,,,,,,,,,,,,,,,,,,,,,,,,,,,,,,,,,,,,,,,,,,,,,,,,,,,,,,,PD_Early,004_PD_01_MD.MOV
,,,,,,,,,,,,,,,,,,,,,,,,,,,,,,,,,,,,,,,,,,,,,,,,,,,,,,,,,,,,,,,,,,,,,,,,,,,,,,,,,,,,,,,,,,,,,,,,,,,,,,,,,,,,,,,,,,,,,,,,,,,,,,,,,,,,PD_Early,004_PD_01_MD.MOV
,,,,,,,,,,,,,,,,,,,,,,,,,,,,,,,,,,,,,,,,,,,,,,,,,,,,,,,,,,,,,,,,,,,,,,,,,,,,,,,,,,,,,,,,,,,,,,,,,,,,,,,,,,,,,,,,,,,,,,,,,,,,,,,,,,,,PD_Early,004_PD_01_MD.MOV
,,,,,,,,,,,,,,,,,,,,,,,,,,,,,,,,,,,,,,,,,,,,,,,,,,,,,,,,,,,,,,,,,,,,,,,,,,,,,,,,,,,,,,,,,,,,,,,,,,,,,,,,,,,,,,,,,,,,,,,,,,,,,,,,,,,,PD_Early,004_PD_01_MD.MOV
,,,,,,,,,,,,,,,,,,,,,,,,,,,,,,,,,,,,,,,,,,,,,,,,,,,,,,,,,,,,,,,,,,,,,,,,,,,,,,,,,,,,,,,,,,,,,,,,,,,,,,,,,,,,,,,,,,,,,,,,,,,,,,,,,,,,PD_Early,004_PD_01_MD.MOV
,,,,,,,,,,,,,,,,,,,,,,,,,,,,,,,,,,,,,,,,,,,,,,,,,,,,,,,,,,,,,,,,,,,,,,,,,,,,,,,,,,,,,,,,,,,,,,,,,,,,,,,,,,,,,,,,,,,,,,,,,,,,,,,,,,,,PD_Early,004_PD_01_MD.MOV
,,,,,,,,,,,,,,,,,,,,,,,,,,,,,,,,,,,,,,,,,,,,,,,,,,,,,,,,,,,,,,,,,,,,,,,,,,,,,,,,,,,,,,,,,,,,,,,,,,,,,,,,,,,,,,,,,,,,,,,,,,,,,,,,,,,,PD_Early,004_PD_01_MD.MOV
,,,,,,,,,,,,,,,,,,,,,,,,,,,,,,,,,,,,,,,,,,,,,,,,,,,,,,,,,,,,,,,,,,,,,,,,,,,,,,,,,,,,,,,,,,,,,,,,,,,,,,,,,,,,,,,,,,,,,,,,,,,,,,,,,,,,PD_Early,004_PD_01_MD.MOV
,,,,,,,,,,,,,,,,,,,,,,,,,,,,,,,,,,,,,,,,,,,,,,,,,,,,,,,,,,,,,,,,,,,,,,,,,,,,,,,,,,,,,,,,,,,,,,,,,,,,,,,,,,,,,,,,,,,,,,,,,,,,,,,,,,,,PD_Early,004_PD_01_MD.MOV
,,,,,,,,,,,,,,,,,,,,,,,,,,,,,,,,,,,,,,,,,,,,,,,,,,,,,,,,,,,,,,,,,,,,,,,,,,,,,,,,,,,,,,,,,,,,,,,,,,,,,,,,,,,,,,,,,,,,,,,,,,,,,,,,,,,,PD_Early,004_PD_01_MD.MOV
,,,,,,,,,,,,,,,,,,,,,,,,,,,,,,,,,,,,,,,,,,,,,,,,,,,,,,,,,,,,,,,,,,,,,,,,,,,,,,,,,,,,,,,,,,,,,,,,,,,,,,,,,,,,,,,,,,,,,,,,,,,,,,,,,,,,PD_Early,004_PD_01_MD.MOV
,,,,,,,,,,,,,,,,,,,,,,,,,,,,,,,,,,,,,,,,,,,,,,,,,,,,,,,,,,,,,,,,,,,,,,,,,,,,,,,,,,,,,,,,,,,,,,,,,,,,,,,,,,,,,,,,,,,,,,,,,,,,,,,,,,,,PD_Early,004_PD_01_MD.MOV
,,,,,,,,,,,,,,,,,,,,,,,,,,,,,,,,,,,,,,,,,,,,,,,,,,,,,,,,,,,,,,,,,,,,,,,,,,,,,,,,,,,,,,,,,,,,,,,,,,,,,,,,,,,,,,,,,,,,,,,,,,,,,,,,,,,,PD_Early,004_PD_01_MD.MOV
,,,,,,,,,,,,,,,,,,,,,,,,,,,,,,,,,,,,,,,,,,,,,,,,,,,,,,,,,,,,,,,,,,,,,,,,,,,,,,,,,,,,,,,,,,,,,,,,,,,,,,,,,,,,,,,,,,,,,,,,,,,,,,,,,,,,PD_Early,004_PD_01_MD.MOV
,,,,,,,,,,,,,,,,,,,,,,,,,,,,,,,,,,,,,,,,,,,,,,,,,,,,,,,,,,,,,,,,,,,,,,,,,,,,,,,,,,,,,,,,,,,,,,,,,,,,,,,,,,,,,,,,,,,,,,,,,,,,,,,,,,,,PD_Early,004_PD_01_MD.MOV
,,,,,,,,,,,,,,,,,,,,,,,,,,,,,,,,,,,,,,,,,,,,,,,,,,,,,,,,,,,,,,,,,,,,,,,,,,,,,,,,,,,,,,,,,,,,,,,,,,,,,,,,,,,,,,,,,,,,,,,,,,,,,,,,,,,,PD_Early,004_PD_01_MD.MOV
,,,,,,,,,,,,,,,,,,,,,,,,,,,,,,,,,,,,,,,,,,,,,,,,,,,,,,,,,,,,,,,,,,,,,,,,,,,,,,,,,,,,,,,,,,,,,,,,,,,,,,,,,,,,,,,,,,,,,,,,,,,,,,,,,,,,PD_Early,004_PD_01_MD.MOV
0.08202461898326874,0.25039389729499817,-0.06697691231966019,0.9805176258087158,0.08213227242231369,0.23143702745437622,-0.06381381303071976,0.9787094593048096,0.08140884339809418,0.23020806908607483,-0.06385088711977005,0.9794188141822815,0.08057285845279694,0.22933641076087952,-0.06384139508008957,0.9747580885887146,0.08277760446071625,0.23164063692092896,-0.08847581595182419,0.9812866449356079,0.08227615058422089,0.2305430769920349,-0.08849111944437027,0.9837275743484497,0.08182623982429504,0.22996476292610168,-0.08856497704982758,0.9857889413833618,0.06969790905714035,0.22531196475028992,-0.03479338809847832,0.9747729301452637,0.07235557585954666,0.22813108563423157,-0.1468019038438797,0.9879118800163269,0.07767214626073837,0.2599109411239624,-0.051317501813173294,0.9778432846069336,0.077196404337883,0.25960224866867065,-0.08401373773813248,0.9824782609939575,0.03910546004772186,0.28542232513427734,0.028388090431690216,0.9964078664779663,0.048582110553979874,0.28938934206962585,-0.1922321617603302,0.994358241558075,0.036304451525211334,0.3856399357318878,0.04845845326781273,0.5962750315666199,0.03599084913730621,0.4085971713066101,-0.20552484691143036,0.2545110285282135,0.03831461817026138,0.4902958571910858,0.00367396860383451,0.2926141917705536,0.03992133587598801,0.5178255438804626,-0.15386143326759338,0.2503713071346283,0.039857860654592514,0.5157801508903503,0.0016247641760855913,0.26932552456855774,0.03655117750167847,0.5466275215148926,-0.17202581465244293,0.26949343085289,0.04433377459645271,0.5181789398193359,-0.01895790360867977,0.2650434672832489,0.03986763209104538,0.5435522794723511,-0.16559992730617523,0.2613152861595154,0.04325762018561363,0.5107553005218506,-0.007310913410037756,0.23556053638458252,0.04062875360250473,0.5334473848342896,-0.14991770684719086,0.24207289516925812,0.024486713111400604,0.504974901676178,0.0715041309595108,0.9936760663986206,0.024246906861662865,0.5127274990081787,-0.07165759056806564,0.9873561859130859,0.04053945094347,0.6216374635696411,0.17143653333187103,0.8070946931838989,0.03854256495833397,0.6280969977378845,0.03705734759569168,0.4068334400653839,0.03774140402674675,0.762069046497345,0.2869706153869629,0.8659284710884094,0.04358438774943352,0.7817124128341675,0.1657520830631256,0.5985798835754395,0.031213045120239258,0.7860321998596191,0.2966209053993225,0.8725277781486511,0.03471175581216812,0.8033839464187622,0.1759580820798874,0.6784939169883728,0.0663873627781868,0.797573983669281,0.26365602016448975,0.8216755390167236,0.0714467316865921,0.8156546354293823,0.12493959069252014,0.6296064853668213,PD_Early,004_PD_01_MD.MOV
0.08301401883363724,0.2494429349899292,-0.03443175554275513,0.9811819195747375,0.08268607407808304,0.23119451105594635,-0.03438063710927963,0.9777911901473999,0.08195658773183823,0.22993429005146027,-0.03439600020647049,0.9783073663711548,0.08112040907144547,0.22898554801940918,-0.03435380384325981,0.9745591282844543,0.08345604687929153,0.23143108189105988,-0.05827772989869118,0.980930745601654,0.08321797102689743,0.2303868979215622,-0.058306045830249786,0.9829915761947632,0.08300811797380447,0.22982147336006165,-0.05843006446957588,0.9850258231163025,0.06980053335428238,0.22479574382305145,-0.0192139632999897,0.9703551530838013,0.07441837340593338,0.228156179189682,-0.12710721790790558,0.9860055446624756,0.07833186537027359,0.25810298323631287,-0.0237114317715168,0.9785926342010498,0.0787118673324585,0.2567428648471832,-0.05510829761624336,0.9833264946937561,0.03984035179018974,0.2834472358226776,0.034847185015678406,0.996533215045929,0.04905210807919502,0.2893909513950348,-0.17525474727153778,0.994910717010498,0.03608556091785431,0.3872240483760834,0.05004497244954109,0.5405583381652832,0.035139087587594986,0.40741434693336487,-0.19368772208690643,0.3184513449668884,0.04042907804250717,0.4913193881511688,0.003579577198252082,0.27087897062301636,0.037772778421640396,0.517869234085083,-0.16697996854782104,0.31143489480018616,0.0429881326854229,0.5186055302619934,0.0016364703187718987,0.25132396817207336,0.03498562425374985,0.5465729832649231,-0.18765947222709656,0.3268069922924042,0.04582156985998154,0.5222892761230469,-0.018824661150574684,0.24765172600746155,0.039260055869817734,0.54388827085495,-0.18478843569755554,0.3182402551174164,0.04473891481757164,0.5135524272918701,-0.007323968689888716,0.22129948437213898,0.03987951949238777,0.5344064235687256,-0.1648869663476944,0.29407015442848206,0.03024817630648613,0.5027144551277161,0.06947359442710876,0.994218647480011,0.0314430370926857,0.5080375075340271,-0.06958989799022675,0.9885663390159607,0.040316879749298096,0.6215482354164124,0.1266835778951645,0.7573503851890564,0.040548309683799744,0.628092885017395,0.00039190700044855475,0.4603589177131653,0.03535029664635658,0.7633029222488403,0.20809006690979004,0.848051905632019,0.04391781613230705,0.7825817465782166,0.08549541980028152,0.6342950463294983,0.03089645877480507,0.7863462567329407,0.21335598826408386,0.8585295081138611,0.037145309150218964,0.8036109805107117,0.09045101702213287,0.6998567581176758,0.05745513364672661,0.7959039807319641,0.17228728532791138,0.8193525671958923,0.07555198669433594,0.8158341646194458,0.034223522990942,0.661202073097229,PD_Early,004_PD_01_MD.MOV
0.08505281805992126,0.24874171614646912,-0.005251407157629728,0.9802371859550476,0.08455770462751389,0.23112012445926666,-0.0065566906705498695,0.9733325242996216,0.08390679210424423,0.22987282276153564,-0.006580929271876812,0.973223090171814,0.08313321322202682,0.22891567647457123,-0.006535463500767946,0.9708932638168335,0.08561474829912186,0.23128803074359894,-0.028953002765774727,0.9773831367492676,0.08551549166440964,0.23024490475654602,-0.028965843841433525,0.9783245921134949,0.08501219749450684,0.2296581119298935,-0.029108164831995964,0.9802351593971252,0.07123716920614243,0.22476458549499512,-0.0002532781509216875,0.9585644006729126,0.07691597193479538,0.22800040245056152,-0.10169859975576401,0.9772133827209473,0.08006753772497177,0.2570427358150482,0.0018054816173389554,0.9777366518974304,0.08081818372011185,0.2554110884666443,-0.02761678211390972,0.9827768802642822,0.04123328998684883,0.28393083810806274,0.03716422617435455,0.9966246485710144,0.0507492832839489,0.2890293002128601,-0.14954011142253876,0.9953887462615967,0.03826669231057167,0.3928726017475128,0.0487813800573349,0.49075761437416077,0.03714819997549057,0.4067275822162628,-0.16845674812793732,0.35667628049850464,0.045691609382629395,0.4926021993160248,0.0009090550011023879,0.25338539481163025,0.036407120525836945,0.5127323865890503,-0.15151293575763702,0.34741783142089844,0.04685484990477562,0.5212299823760986,-0.002425482729449868,0.23720160126686096,0.0351458415389061,0.5448221564292908,-0.1698039323091507,0.36094456911087036,0.04990708455443382,0.5238471031188965,-0.020329315215349197,0.23409685492515564,0.03978176787495613,0.5427922606468201,-0.17175917327404022,0.3509986698627472,0.04923754185438156,0.5143435001373291,-0.008951297961175442,0.2102355659008026,0.039876773953437805,0.5329051613807678,-0.15179474651813507,0.32104283571243286,0.03716425597667694,0.5046635866165161,0.06273381412029266,0.9947149157524109,0.03965483233332634,0.5082675218582153,-0.06286658346652985,0.9896345734596252,0.04079136997461319,0.6216426491737366,0.12825283408164978,0.7118876576423645,0.04313352331519127,0.6281470060348511,0.012540494091808796,0.5023981928825378,0.035426780581474304,0.7659376263618469,0.21837224066257477,0.8319479823112488,0.04414824768900871,0.7825763821601868,0.11579255014657974,0.6627079844474792,0.031566545367240906,0.7874849438667297,0.22485044598579407,0.847692608833313,0.03831793740391731,0.8032091856002808,0.12308444082736969,0.7145673632621765,0.05847971886396408,0.7966586351394653,0.18344832956790924,0.8147634863853455,0.07320012897253036,0.8155784606933594,0.06932447105646133,0.6850500702857971,PD_Early,004_PD_01_MD.MOV
0.08846089243888855,0.2479615956544876,-0.026802020147442818,0.97993403673172,0.08895599097013474,0.2306126207113266,-0.02509593963623047,0.9708478450775146,0.08857066929340363,0.22933226823806763,-0.025113176554441452,0.9702558517456055,0.08746004849672318,0.22827494144439697,-0.025073517113924026,0.9689040184020996,0.08905353397130966,0.23072244226932526,-0.04986322671175003,0.9758486151695251,0.08879201114177704,0.22965875267982483,-0.04988604784011841,0.9765134453773499,0.08836977928876877,0.22899463772773743,-0.050006527453660965,0.9785511493682861,0.07687295973300934,0.22427016496658325,-0.005124085117131472,0.9503732323646545,0.07952194660902023,0.2273704707622528,-0.11730410903692245,0.9745073318481445,0.08329365402460098,0.2561170160770416,-0.014681702479720116,0.976641833782196,0.08361545950174332,0.25458866357803345,-0.04723352566361427,0.9826453328132629,0.04523945972323418,0.2838802635669708,0.048365406692028046,0.9965038299560547,0.05251660570502281,0.28893402218818665,-0.1646500527858734,0.9958310723304749,0.04120893403887749,0.395193874835968,0.060102976858615875,0.44360479712486267,0.038456618785858154,0.4058580696582794,-0.19111350178718567,0.40726733207702637,0.04836074262857437,0.4930875897407532,0.014502903446555138,0.2324974089860916,0.03901432827115059,0.5128605365753174,-0.18604432046413422,0.39552628993988037,0.04897933825850487,0.5214160680770874,0.015455590561032295,0.21956969797611237,0.037742242217063904,0.5442950129508972,-0.207631915807724,0.40612658858299255,0.052552349865436554,0.5237143039703369,-0.0035682907328009605,0.21683746576309204,0.04261032119393349,0.5426329970359802,-0.20276787877082825,0.39563238620758057,0.05213576555252075,0.5143767595291138,0.004556435160338879,0.1954548954963684,0.04272933676838875,0.5327726602554321,-0.1835431307554245,0.36062106490135193,0.04173554852604866,0.503858745098114,0.06674271076917648,0.9950717091560364,0.0487985759973526,0.5055651068687439,-0.066823311150074,0.9905546307563782,0.042012769728899,0.623377799987793,0.13590113818645477,0.6666331887245178,0.05061855539679527,0.6308232545852661,-0.006925468798726797,0.5451319813728333,0.035042956471443176,0.7669498324394226,0.2194831222295761,0.8095242381095886,0.04545532912015915,0.7830787897109985,0.08098144829273224,0.6910332441329956,0.029014823958277702,0.7969490885734558,0.22500136494636536,0.8340373635292053,0.03969516605138779,0.8032932281494141,0.08675703406333923,0.7317433953285217,0.058516982942819595,0.7969365119934082,0.19194301962852478,0.8069366812705994,0.07732804119586945,0.8160165548324585,0.03751468285918236,0.7089478373527527,PD_Early,004_PD_01_MD.MOV
0.09027568995952606,0.2469666302204132,-0.030309384688735008,0.9796236753463745,0.0909489244222641,0.22996534407138824,-0.02818612940609455,0.9686378836631775,0.09044494479894638,0.22871334850788116,-0.02819357067346573,0.9679675102233887,0.08920057117938995,0.22767020761966705,-0.02814064547419548,0.9674267172813416,0.09117834270000458,0.23003891110420227,-0.05403197929263115,0.9745039343833923,0.09095560014247894,0.229026660323143,-0.05406397208571434,0.9750915169715881,0.09064974635839462,0.22837962210178375,-0.05419090762734413,0.9771730899810791,0.07878927886486053,0.2239304929971695,-0.008059265092015266,0.9436107873916626,0.08154883980751038,0.22699794173240662,-0.12298937141895294,0.9721918702125549,0.0849379375576973,0.25527143478393555,-0.01809440739452839,0.9757229685783386,0.08548780530691147,0.2540023624897003,-0.051953189074993134,0.9825617074966431,0.04471671208739281,0.2833705246448517,0.04995468631386757,0.9962387681007385,0.05496111139655113,0.28816285729408264,-0.17009419202804565,0.9962294697761536,0.040782030671834946,0.39469072222709656,0.06034897267818451,0.40115776658058167,0.040726497769355774,0.4054562449455261,-0.20191535353660583,0.45535945892333984,0.04765031486749649,0.4930282533168793,0.013770509511232376,0.21349628269672394,0.04089949280023575,0.513268768787384,-0.19049811363220215,0.44301870465278625,0.04916834086179733,0.5221640467643738,0.014867358841001987,0.20331653952598572,0.039695776998996735,0.5446443557739258,-0.2128150910139084,0.45086246728897095,0.05288229510188103,0.5242674946784973,-0.004758032038807869,0.20088528096675873,0.04467308521270752,0.5436839461326599,-0.20713888108730316,0.44015803933143616,0.05195612460374832,0.5143157839775085,0.0035071936435997486,0.18171340227127075,0.04435459151864052,0.5337106585502625,-0.18740534782409668,0.40127256512641907,0.040806304663419724,0.5012447834014893,0.07227756083011627,0.9953703284263611,0.0483841747045517,0.5059782862663269,-0.07235555350780487,0.9913855195045471,0.043901193886995316,0.6233507394790649,0.13811253011226654,0.6308664679527283,0.05332913249731064,0.6307604312896729,-0.012567555531859398,0.5860770344734192,0.03496658429503441,0.7662803530693054,0.22339721024036407,0.7931684851646423,0.046233344823122025,0.7835944890975952,0.06981134414672852,0.7178364992141724,0.029088648036122322,0.7989169359207153,0.22884324193000793,0.8211086988449097,0.03958802670240402,0.8035406470298767,0.07442411780357361,0.7486230731010437,0.05910925939679146,0.7949718832969666,0.19609716534614563,0.8033789396286011,0.0830380842089653,0.8165980577468872,0.022247403860092163,0.7324952483177185,PD_Early,004_PD_01_MD.MOV
0.09392861276865005,0.24700896441936493,-0.07719505578279495,0.9782066941261292,0.09508066624403,0.22999826073646545,-0.06951513886451721,0.9647382497787476,0.09459926187992096,0.22874172031879425,-0.06951533257961273,0.9634270071983337,0.0939236432313919,0.22768279910087585,-0.06945870816707611,0.9639576077461243,0.09463481605052948,0.23004327714443207,-0.10000717639923096,0.972360372543335,0.09405822306871414,0.2290235012769699,-0.10005512088537216,0.9732674360275269,0.09349872916936874,0.22834141552448273,-0.1001896858215332,0.9757730960845947,0.08373239636421204,0.2239120453596115,-0.02339460514485836,0.931110143661499,0.08419124782085419,0.2266806662082672,-0.16205202043056488,0.9703527688980103,0.0883161649107933,0.25530681014060974,-0.05575167387723923,0.9723124504089355,0.08825609087944031,0.2541329562664032,-0.09575792402029037,0.9816111326217651,0.05056432634592056,0.283018559217453,0.05196194350719452,0.9956865310668945,0.05498332902789116,0.2880823612213135,-0.21350541710853577,0.9965903759002686,0.04550332948565483,0.39426055550575256,0.07679343968629837,0.36234647035598755,0.04065323993563652,0.4058414101600647,-0.24938419461250305,0.5032777786254883,0.05205035209655762,0.49503788352012634,0.0348946638405323,0.19571851193904877,0.0429924875497818,0.5134705901145935,-0.24683180451393127,0.4911403954029083,0.05306293070316315,0.5241182446479797,0.0377143956720829,0.18810486793518066,0.04285934939980507,0.5446622967720032,-0.27360999584198,0.4966444671154022,0.05696079879999161,0.525301992893219,0.01590275578200817,0.18599139153957367,0.047825947403907776,0.5436864495277405,-0.2682061791419983,0.4863399267196655,0.05608280748128891,0.5155043005943298,0.023773016408085823,0.16884879767894745,0.04769953712821007,0.5337812304496765,-0.2436409443616867,0.4453967213630676,0.04715689644217491,0.5013531446456909,0.08094680309295654,0.9953685998916626,0.04913809522986412,0.5051283836364746,-0.080976203083992,0.9919887185096741,0.04671924561262131,0.6258813142776489,0.14347876608371735,0.5986939072608948,0.05725514888763428,0.6332255601882935,-0.026163185015320778,0.6219773888587952,0.033115778118371964,0.7661932706832886,0.23351503908634186,0.7737636566162109,0.0468103364109993,0.7862052917480469,0.058600593358278275,0.7411205768585205,0.025793226435780525,0.793119490146637,0.24174027144908905,0.8070056438446045,0.03944636136293411,0.8052851557731628,0.06315720826387405,0.7626162767410278,0.0594882108271122,0.7929108738899231,0.20823810994625092,0.799429178237915,0.08779726922512054,0.8172633647918701,0.006372774485498667,0.7532566785812378,PD_Early,004_PD_01_MD.MOV
0.09652025997638702,0.24756622314453125,-0.06943145394325256,0.9787031412124634,0.0980280414223671,0.2310393899679184,-0.06345142424106598,0.9646037220954895,0.09763198345899582,0.2297295331954956,-0.06344690173864365,0.9630707502365112,0.09681996703147888,0.2285519242286682,-0.06339207291603088,0.963966965675354,0.09740276634693146,0.23101896047592163,-0.09277430921792984,0.9726439714431763,0.09677339345216751,0.2299274504184723,-0.09281173348426819,0.9736366868019104,0.09608431905508041,0.22910718619823456,-0.09293094277381897,0.9761265516281128,0.0867324098944664,0.2242291271686554,-0.023665687069296837,0.928274929523468,0.086287721991539,0.2269977629184723,-0.1587519645690918,0.9706870913505554,0.09021040797233582,0.25571203231811523,-0.05060223117470741,0.9720281958580017,0.09008766710758209,0.2548280358314514,-0.08916886150836945,0.9820654988288879,0.05163586139678955,0.28210902214050293,0.050956372171640396,0.995521068572998,0.05688812956213951,0.28779128193855286,-0.2103174328804016,0.9969203472137451,0.047102902084589005,0.39409732818603516,0.07535619288682938,0.32815226912498474,0.04320048913359642,0.40606316924095154,-0.24260811507701874,0.5469337105751038,0.052258867770433426,0.49763020873069763,0.034990955144166946,0.18137840926647186,0.04751207306981087,0.5135971903800964,-0.23556174337863922,0.5358856916427612,0.05300242081284523,0.5262383222579956,0.03741379827260971,0.17643886804580688,0.04749845340847969,0.544057309627533,-0.26078537106513977,0.5395810008049011,0.05660739913582802,0.5265644192695618,0.01657874695956707,0.1745399832725525,0.05191369354724884,0.5427802801132202,-0.2550819516181946,0.5297632813453674,0.055928584188222885,0.516961932182312,0.024428481236100197,0.15906669199466705,0.05178825184702873,0.5335602164268494,-0.23209615051746368,0.48776841163635254,0.04902255907654762,0.5014355182647705,0.08109214901924133,0.995639979839325,0.053922343999147415,0.5053269267082214,-0.08115866035223007,0.9926825165748596,0.050632018595933914,0.6278744339942932,0.1571022868156433,0.5761114358901978,0.06596198678016663,0.6383357048034668,-0.013010815717279911,0.6556547284126282,0.032729171216487885,0.7661247849464417,0.2555927038192749,0.7669374346733093,0.047252293676137924,0.7892351150512695,0.08118507266044617,0.7636774182319641,0.025747500360012054,0.7884437441825867,0.2626146972179413,0.8030366897583008,0.03938873112201691,0.8066743016242981,0.08744917809963226,0.7783636450767517,0.05962589755654335,0.7910298109054565,0.23370273411273956,0.8019030690193176,0.08850760757923126,0.817579448223114,0.03665203973650932,0.7734789252281189,PD_Early,004_PD_01_MD.MOV
0.0986114889383316,0.2475796490907669,-0.09964065998792648,0.9793446063995361,0.10022953897714615,0.23110191524028778,-0.09127394109964371,0.9649658203125,0.09986203163862228,0.22976990044116974,-0.09125770628452301,0.9633125066757202,0.09925370663404465,0.22856788337230682,-0.09119028598070145,0.9645708203315735,0.09952017664909363,0.2310844510793686,-0.12168041616678238,0.9732967019081116,0.09881898015737534,0.22997760772705078,-0.12172093987464905,0.9743553996086121,0.09802285581827164,0.22913268208503723,-0.12183299660682678,0.976841926574707,0.08905352652072906,0.22422325611114502,-0.041264984756708145,0.9262306690216064,0.08813583105802536,0.2268100380897522,-0.17982107400894165,0.9713502526283264,0.09227263927459717,0.25566256046295166,-0.07644964009523392,0.9716348648071289,0.09202607721090317,0.2548806965351105,-0.11642737686634064,0.9824039340019226,0.054185934364795685,0.28149712085723877,0.04850903898477554,0.9953186511993408,0.05796912685036659,0.28693467378616333,-0.22638167440891266,0.9972155690193176,0.049590326845645905,0.3941497206687927,0.07043841481208801,0.2968605160713196,0.044424403458833694,0.4062024652957916,-0.25977835059165955,0.5875247120857239,0.05659616366028786,0.49855560064315796,0.02875414863228798,0.16707803308963776,0.04891236126422882,0.5146718621253967,-0.25195127725601196,0.5754268169403076,0.05584024637937546,0.5277336835861206,0.029142562299966812,0.1641690880060196,0.04959233105182648,0.5443757176399231,-0.2779961824417114,0.5772221088409424,0.05810754746198654,0.5282580256462097,0.009193461388349533,0.16246172785758972,0.05443213880062103,0.5430988669395447,-0.27193912863731384,0.5678711533546448,0.05730731412768364,0.520183801651001,0.018438370898365974,0.14856749773025513,0.05416083335876465,0.5340265035629272,-0.24818231165409088,0.5244219303131104,0.05255971848964691,0.5001032948493958,0.08345534652471542,0.9957833886146545,0.05621957778930664,0.504226803779602,-0.08355381339788437,0.9932607412338257,0.054927077144384384,0.6290962100028992,0.1651277095079422,0.5593394637107849,0.06898927688598633,0.6396679282188416,-0.02063950151205063,0.6859824657440186,0.03179161623120308,0.7658647894859314,0.271291047334671,0.7614278197288513,0.04885368421673775,0.7899882197380066,0.07086750119924545,0.7837097644805908,0.024670857936143875,0.7838757038116455,0.27835261821746826,0.7988926768302917,0.040539857000112534,0.8071000576019287,0.07644041627645493,0.7920793890953064,0.05979824811220169,0.7901856303215027,0.2445162683725357,0.8055033683776855,0.08853747695684433,0.8185855746269226,0.021174529567360878,0.7919066548347473,PD_Early,004_PD_01_MD.MOV
0.10105820000171661,0.2475661337375641,-0.09873732179403305,0.9798492193222046,0.10255817323923111,0.23106913268566132,-0.09125684946775436,0.9652946591377258,0.10216627269983292,0.22968938946723938,-0.09124705195426941,0.9635083079338074,0.10158499330282211,0.22840091586112976,-0.0911904126405716,0.9650799632072449,0.10180458426475525,0.23108257353305817,-0.12047325074672699,0.9737959504127502,0.10104048252105713,0.22997614741325378,-0.12051106989383698,0.9749257564544678,0.1001749038696289,0.22912812232971191,-0.12061288207769394,0.9773922562599182,0.09132350236177444,0.22374139726161957,-0.04425864666700363,0.9253412485122681,0.0901593491435051,0.22638648748397827,-0.17713332176208496,0.9720007181167603,0.09483624249696732,0.2553882300853729,-0.07663428783416748,0.9716684222221375,0.09448837488889694,0.25481992959976196,-0.11497064679861069,0.982842206954956,0.05774460732936859,0.280716210603714,0.041374802589416504,0.9951190948486328,0.059482112526893616,0.2870028018951416,-0.22145380079746246,0.9974775910377502,0.054194286465644836,0.39408019185066223,0.06958793103694916,0.2692790925502777,0.04857552796602249,0.40733152627944946,-0.2522198259830475,0.6236398816108704,0.06058048456907272,0.4970947802066803,0.025572024285793304,0.15471035242080688,0.05445035174489021,0.5162041783332825,-0.24232584238052368,0.6101602911949158,0.05939357727766037,0.5264881253242493,0.026223424822092056,0.15370407700538635,0.05507836490869522,0.5448046326637268,-0.26679497957229614,0.6099198460578918,0.06099449843168259,0.5263631343841553,0.006356608588248491,0.15220704674720764,0.059123288840055466,0.5432630181312561,-0.2630823850631714,0.6009666919708252,0.06062566861510277,0.5201302766799927,0.015358025208115578,0.1397271752357483,0.05854516476392746,0.5341243743896484,-0.23951265215873718,0.5562156438827515,0.05734085664153099,0.49931058287620544,0.08188976347446442,0.9959707260131836,0.06023554131388664,0.5038730502128601,-0.08198820054531097,0.993791937828064,0.0607871413230896,0.6295789480209351,0.1642318069934845,0.5430281162261963,0.072137251496315,0.6401498317718506,-0.015175491571426392,0.7116901278495789,0.03529452905058861,0.7658714652061462,0.26929813623428345,0.7574183344841003,0.049360934644937515,0.7901490926742554,0.07939871400594711,0.8012543320655823,0.027338944375514984,0.784127950668335,0.27806761860847473,0.7974317669868469,0.04065575823187828,0.8113870024681091,0.08544405549764633,0.8039182424545288,0.06635252386331558,0.7904438972473145,0.24317222833633423,0.8086481094360352,0.08836602419614792,0.8192874789237976,0.03231959789991379,0.8076745867729187,PD_Early,004_PD_01_MD.MOV
0.10204310715198517,0.2486097812652588,-0.08543897420167923,0.9807076454162598,0.10318281501531601,0.2323935627937317,-0.07917669415473938,0.9663572907447815,0.10273274034261703,0.23086275160312653,-0.07917418330907822,0.9645241498947144,0.10178819298744202,0.22939307987689972,-0.0791219174861908,0.96614009141922,0.10243158042430878,0.23262813687324524,-0.10771789401769638,0.9749221205711365,0.10161949694156647,0.2315167635679245,-0.10775680840015411,0.9761542081832886,0.10049343854188919,0.23059462010860443,-0.1078624278306961,0.9784933924674988,0.09189475327730179,0.22406230866909027,-0.04379139840602875,0.9265832901000977,0.09051646292209625,0.22681239247322083,-0.16731902956962585,0.9734393358230591,0.09592600911855698,0.2556167542934418,-0.06552746146917343,0.9724798798561096,0.09559069573879242,0.25519058108329773,-0.10285785794258118,0.983704686164856,0.06221751496195793,0.28065451979637146,0.047594502568244934,0.9950244426727295,0.05897887051105499,0.28760120272636414,-0.21373410522937775,0.9977198243141174,0.059689465910196304,0.3936662971973419,0.07822888344526291,0.24467787146568298,0.05012225732207298,0.40732523798942566,-0.24330292642116547,0.6577118635177612,0.06550244987010956,0.4967457950115204,0.03591112792491913,0.14404183626174927,0.057233430445194244,0.5154812932014465,-0.2352224737405777,0.6434449553489685,0.065508633852005,0.526444137096405,0.036564234644174576,0.14495618641376495,0.0580548495054245,0.5425837635993958,-0.25882282853126526,0.6413992643356323,0.06794910132884979,0.5227871537208557,0.01683473400771618,0.1437578946352005,0.06111432984471321,0.5396901965141296,-0.25628596544265747,0.6329084634780884,0.06718089431524277,0.5170294642448425,0.02583637833595276,0.132568821310997,0.060573648661375046,0.5314679145812988,-0.23269130289554596,0.587790310382843,0.06305216997861862,0.49934032559394836,0.08144058287143707,0.9961428046226501,0.06192775443196297,0.503610372543335,-0.08151300251483917,0.9942986965179443,0.06599579006433487,0.6293601393699646,0.153501495718956,0.5337497591972351,0.0726090595126152,0.639587938785553,-0.037639595568180084,0.7369916439056396,0.04294198006391525,0.76582932472229,0.24534432590007782,0.7571378350257874,0.0499153807759285,0.7899408340454102,0.033984970301389694,0.818108320236206,0.03375658020377159,0.7843397855758667,0.25077155232429504,0.7980393171310425,0.04056086018681526,0.8120645880699158,0.037237748503685,0.8159151673316956,0.07682358473539352,0.7906423211097717,0.21843327581882477,0.8133746385574341,0.0884537622332573,0.8196439743041992,-0.016240814700722694,0.823000967502594,PD_Early,004_PD_01_MD.MOV
0.10159993171691895,0.2495063990354538,-0.0811481699347496,0.9818040132522583,0.1027279868721962,0.2331300973892212,-0.0752302035689354,0.9677373170852661,0.1021713986992836,0.23150357604026794,-0.0752287209033966,0.9660052061080933,0.10140807181596756,0.22996613383293152,-0.0751783475279808,0.9675960540771484,0.10197898745536804,0.233751580119133,-0.1040642037987709,0.9761829972267151,0.10112129151821136,0.23281390964984894,-0.10411276668310165,0.9775126576423645,0.10013888031244278,0.23180513083934784,-0.1042194589972496,0.9796837568283081,0.0920700654387474,0.224076509475708,-0.04105588048696518,0.9290465712547302,0.09049969166517258,0.2276204377412796,-0.16490833461284637,0.9750977158546448,0.09568659216165543,0.25584226846694946,-0.06142871826887131,0.9735540747642517,0.09535889327526093,0.25564518570899963,-0.0989350751042366,0.9845952391624451,0.06303606182336807,0.27989962697029114,0.050848934799432755,0.9951091408729553,0.05901801213622093,0.288694828748703,-0.21212372183799744,0.9979397058486938,0.061967216432094574,0.39312705397605896,0.08266104757785797,0.222914919257164,0.05085869878530502,0.4074404537677765,-0.2405799925327301,0.6899976134300232,0.0690683051943779,0.4941881597042084,0.04239673539996147,0.13546344637870789,0.058984097093343735,0.5141821503639221,-0.23132166266441345,0.6755968332290649,0.07049937546253204,0.523008406162262,0.04440430924296379,0.13808315992355347,0.05948013439774513,0.5405608415603638,-0.2538173496723175,0.6720314025878906,0.07209975272417068,0.5168206691741943,0.02398255467414856,0.13737796247005463,0.062306925654411316,0.5381535291671753,-0.2510433793067932,0.6642496585845947,0.070889912545681,0.5060517191886902,0.032026831060647964,0.12739072740077972,0.06209719926118851,0.5296252965927124,-0.22852389514446259,0.6201865673065186,0.06540815532207489,0.49671539664268494,0.08186409622430801,0.9962440133094788,0.061549700796604156,0.49904993176460266,-0.08190550655126572,0.9947081804275513,0.06895259022712708,0.6291656494140625,0.1223776638507843,0.5323714017868042,0.07158444076776505,0.6387189626693726,-0.06614770740270615,0.7604008316993713,0.048256151378154755,0.7659863233566284,0.19688637554645538,0.7595270872116089,0.049871206283569336,0.7891587018966675,-0.0062011475674808025,0.8336678147315979,0.03796947002410889,0.7845984697341919,0.1997915357351303,0.799306333065033,0.03961733356118202,0.8106147646903992,-0.004259476438164711,0.8268858194351196,0.08257320523262024,0.7917165160179138,0.16288429498672485,0.8190991878509521,0.08781899511814117,0.8199628591537476,-0.05839851126074791,0.837515115737915,PD_Early,004_PD_01_MD.MOV
0.10397688299417496,0.2511650323867798,-0.08451078087091446,0.9833035469055176,0.10547921806573868,0.23515135049819946,-0.07894451171159744,0.9701328277587891,0.10511060059070587,0.2334841638803482,-0.0789409801363945,0.9684516787528992,0.10452696681022644,0.23189961910247803,-0.07889271527528763,0.9699680209159851,0.10435792803764343,0.23585392534732819,-0.10816171765327454,0.9780707955360413,0.10316450148820877,0.23494909703731537,-0.10822175443172455,0.9793456792831421,0.10198268294334412,0.23409129679203033,-0.10832910984754562,0.9813495874404907,0.09436208754777908,0.22504554688930511,-0.03818733990192413,0.9338536262512207,0.09167776256799698,0.22864645719528198,-0.16736556589603424,0.9772173762321472,0.09819822758436203,0.25668853521347046,-0.06321194022893906,0.9755945801734924,0.09746165573596954,0.25644999742507935,-0.1013798788189888,0.985885500907898,0.06872279196977615,0.2799403667449951,0.050050217658281326,0.995310366153717,0.05876832455396652,0.28921231627464294,-0.21266211569309235,0.9981410503387451,0.06816522032022476,0.3930380642414093,0.08627595007419586,0.2045137882232666,0.05104368180036545,0.407571405172348,-0.2405824363231659,0.7195453643798828,0.08142843842506409,0.4941164255142212,0.0464499332010746,0.12965542078018188,0.062152937054634094,0.5141549110412598,-0.23262761533260345,0.7054488658905029,0.08372291177511215,0.5230617523193359,0.048096783459186554,0.13350747525691986,0.0631963387131691,0.5403573513031006,-0.2549431622028351,0.700657069683075,0.08615759760141373,0.517450749874115,0.02764740213751793,0.1334858387708664,0.06630849093198776,0.537666916847229,-0.25434720516204834,0.6935692429542542,0.08412745594978333,0.5068297982215881,0.03597867488861084,0.12461859732866287,0.06622115522623062,0.5292240977287292,-0.23057517409324646,0.6511155366897583,0.073556087911129,0.4960158169269562,0.08162090927362442,0.9964532852172852,0.06060651317238808,0.4978678524494171,-0.08161085098981857,0.995146632194519,0.07840321958065033,0.628553032875061,0.11397279798984528,0.5370140075683594,0.07113463431596756,0.6363166570663452,-0.07958367466926575,0.7803842425346375,0.05281879007816315,0.7674126625061035,0.18862833082675934,0.7642155289649963,0.0500519834458828,0.7884318232536316,-0.0169703159481287,0.8470513224601746,0.042487338185310364,0.7859410643577576,0.19152171909809113,0.8018677830696106,0.03996992111206055,0.808854877948761,-0.015048065222799778,0.8351156711578369,0.08411550521850586,0.7970512509346008,0.15276619791984558,0.8258204460144043,0.0872073844075203,0.8216267824172974,-0.07358341664075851,0.8505541086196899,PD_Early,004_PD_01_MD.MOV
0.105711430311203,0.25441500544548035,-0.0960114374756813,0.9843531250953674,0.10702741146087646,0.23930573463439941,-0.08999919146299362,0.9715676307678223,0.10671761631965637,0.23770788311958313,-0.09000635892152786,0.969904899597168,0.10617293417453766,0.23610952496528625,-0.08996026962995529,0.9713966846466064,0.10564550757408142,0.23943506181240082,-0.1185334250330925,0.9792826175689697,0.10425153374671936,0.2382064312696457,-0.11859382688999176,0.9805737733840942,0.10290469229221344,0.23702728748321533,-0.11871099472045898,0.9824293851852417,0.09598099440336227,0.2278747409582138,-0.04282074049115181,0.936540424823761,0.09193049371242523,0.22987622022628784,-0.17167682945728302,0.978698194026947,0.1002073734998703,0.259275883436203,-0.0730825811624527,0.9770692586898804,0.09898743033409119,0.25860530138015747,-0.11062297970056534,0.9868171811103821,0.07330730557441711,0.28095000982284546,0.04483461380004883,0.9953946471214294,0.05846124514937401,0.2903040051460266,-0.21313318610191345,0.9983188509941101,0.08012798428535461,0.3956887125968933,0.08276806026697159,0.18907788395881653,0.05216449871659279,0.40789270401000977,-0.24071715772151947,0.7456234693527222,0.08641137182712555,0.4941129982471466,0.04247318580746651,0.12710736691951752,0.06508827954530716,0.5140153169631958,-0.2382507026195526,0.731633186340332,0.0881781280040741,0.5237153768539429,0.042943622916936874,0.13195180892944336,0.06678535789251328,0.5399866104125977,-0.2617809474468231,0.725641667842865,0.09020666778087616,0.5182628631591797,0.02234381064772606,0.13274164497852325,0.06998798251152039,0.5364511609077454,-0.26316341757774353,0.7191173434257507,0.08822564035654068,0.5073160529136658,0.032007768750190735,0.12489618360996246,0.06966378539800644,0.5282412767410278,-0.2372012734413147,0.6775814294815063,0.07967004179954529,0.4975128769874573,0.07898593693971634,0.9966034889221191,0.059913165867328644,0.4987618327140808,-0.07894106954336166,0.9955044388771057,0.08473310619592667,0.629429280757904,0.12388360500335693,0.5415734648704529,0.0692828819155693,0.6374843120574951,-0.06301819533109665,0.7980439066886902,0.06286581605672836,0.7671177983283997,0.21215614676475525,0.7651645541191101,0.05253952741622925,0.7884138226509094,0.0024697824846953154,0.8582596778869629,0.052704617381095886,0.7860073447227478,0.21694272756576538,0.802422285079956,0.04389427974820137,0.8089665770530701,-0.00361193111166358,0.8402171730995178,0.09228040277957916,0.7969592213630676,0.17824073135852814,0.8313263654708862,0.0886927917599678,0.8207502961158752,-0.025804825127124786,0.861376166343689,PD_Early,004_PD_01_MD.MOV
0.10905771702528,0.25512242317199707,-0.11518442630767822,0.9856343269348145,0.11060264706611633,0.24029964208602905,-0.11027420312166214,0.9737259745597839,0.11029977351427078,0.2385134994983673,-0.11026456952095032,0.9721584916114807,0.10974767804145813,0.236848384141922,-0.11020760238170624,0.973539412021637,0.10922737419605255,0.240482360124588,-0.1384931057691574,0.9809302687644958,0.10801584273576736,0.23933042585849762,-0.13856735825538635,0.9821575284004211,0.1066223755478859,0.2382635921239853,-0.1386750191450119,0.9838525652885437,0.09854324907064438,0.22876329720020294,-0.06370342522859573,0.9410638809204102,0.09512875229120255,0.23076415061950684,-0.19180800020694733,0.9805137515068054,0.10323599725961685,0.25957873463630676,-0.09248079359531403,0.9789040088653564,0.10209355503320694,0.2589690387248993,-0.12967053055763245,0.9879196286201477,0.07682055979967117,0.28066763281822205,0.022662142291665077,0.9956066012382507,0.05830984190106392,0.2919771671295166,-0.22355835139751434,0.9984814524650574,0.0848669782280922,0.3955216109752655,0.0782623216509819,0.17710822820663452,0.05389974266290665,0.4111742675304413,-0.2404368817806244,0.7701277136802673,0.09196508675813675,0.49012231826782227,0.03927992656826973,0.1279069483280182,0.0675961971282959,0.5140390396118164,-0.2325882762670517,0.7567463517189026,0.09449474513530731,0.520016074180603,0.04001239314675331,0.13334453105926514,0.06852971017360687,0.5400826930999756,-0.25683099031448364,0.7500832080841064,0.09667142480611801,0.5162729620933533,0.019291041418910027,0.1352645605802536,0.07186707854270935,0.5366488099098206,-0.2551744282245636,0.7442033886909485,0.09422185271978378,0.5051180720329285,0.028856946155428886,0.12859927117824554,0.07185851037502289,0.5283308625221252,-0.23092737793922424,0.7048550248146057,0.08493482321500778,0.4952842891216278,0.07591139525175095,0.9967519640922546,0.06074708700180054,0.49903351068496704,-0.07588537782430649,0.9958415627479553,0.09098126739263535,0.6293215155601501,0.11704061180353165,0.5517385601997375,0.06891477853059769,0.6361874938011169,-0.04909377545118332,0.8139531016349792,0.06801839917898178,0.7673312425613403,0.1990230232477188,0.7701889872550964,0.05437297001481056,0.7887592315673828,0.030884968116879463,0.8685970306396484,0.05770943686366081,0.7860367894172668,0.2027580589056015,0.8052573204040527,0.04630856588482857,0.8092400431632996,0.03279757499694824,0.8446382880210876,0.09554529935121536,0.8000801801681519,0.1609983891248703,0.8383739590644836,0.08914685249328613,0.8230757713317871,-0.02340679243206978,0.8716451525688171,PD_Early,004_PD_01_MD.MOV
0.11325288563966751,0.2541593611240387,-0.08761310577392578,0.9866622090339661,0.11402145028114319,0.23984628915786743,-0.08314856886863708,0.9753232002258301,0.11355095356702805,0.23789379000663757,-0.08314479142427444,0.9737733006477356,0.11284242570400238,0.23599188029766083,-0.0830996111035347,0.9751021265983582,0.11309318989515305,0.2402912825345993,-0.11335505545139313,0.9822252988815308,0.11207159608602524,0.2391434907913208,-0.11346153169870377,0.9834322333335876,0.11084955185651779,0.23807333409786224,-0.11359850317239761,0.9850212335586548,0.10090317577123642,0.2271333634853363,-0.04281571879982948,0.943967342376709,0.09927596151828766,0.23010632395744324,-0.181476891040802,0.9820560216903687,0.10669513046741486,0.2577122449874878,-0.06766413897275925,0.9804235696792603,0.10611048340797424,0.25746387243270874,-0.10734426975250244,0.9888774752616882,0.08097098022699356,0.2804405391216278,0.0367930643260479,0.9957757592201233,0.06057010963559151,0.2917636036872864,-0.21913810074329376,0.9986294507980347,0.08606559783220291,0.39489758014678955,0.08705547451972961,0.16438348591327667,0.056931450963020325,0.41023221611976624,-0.233622744679451,0.7922685146331787,0.0969478115439415,0.48593223094940186,0.053562529385089874,0.12560251355171204,0.06966768205165863,0.5127249956130981,-0.22844891250133514,0.7797418832778931,0.10090793669223785,0.5148233771324158,0.05589240416884422,0.1316428929567337,0.07011652737855911,0.5380426645278931,-0.24993354082107544,0.772670328617096,0.1032659038901329,0.5129067301750183,0.035199377685785294,0.13431154191493988,0.0734831765294075,0.5354926586151123,-0.25395187735557556,0.7673326134681702,0.1004292219877243,0.5021806955337524,0.04303580895066261,0.12856926023960114,0.07361099869012833,0.5271772742271423,-0.2281235009431839,0.7301731705665588,0.08628272265195847,0.4942357838153839,0.07504361122846603,0.9968449473381042,0.06498977541923523,0.49758267402648926,-0.07499127089977264,0.9961183071136475,0.0910177081823349,0.6275640726089478,0.08758123964071274,0.5496492385864258,0.07268332690000534,0.6317826509475708,-0.09514061361551285,0.8274437189102173,0.07158318907022476,0.771658718585968,0.14375758171081543,0.766372561454773,0.059345293790102005,0.788720965385437,-0.02985122799873352,0.8765049576759338,0.06182960048317909,0.7902001738548279,0.14409957826137543,0.7997685074806213,0.050537385046482086,0.8092080950737,-0.028420237824320793,0.8464593291282654,0.10259579867124557,0.8040023446083069,0.09621983021497726,0.839013397693634,0.09394706040620804,0.8229901194572449,-0.09786541014909744,0.8800248503684998,PD_Early,004_PD_01_MD.MOV
0.11694861948490143,0.252162903547287,-0.09301567822694778,0.987101137638092,0.1180446669459343,0.23846961557865143,-0.08703690022230148,0.9755615592002869,0.11752437800168991,0.2365523874759674,-0.08703889697790146,0.9740057587623596,0.11636363714933395,0.2346756011247635,-0.08697965741157532,0.9753065705299377,0.11723507940769196,0.23878897726535797,-0.11643265187740326,0.9825476408004761,0.11597242206335068,0.23755526542663574,-0.11651714891195297,0.9838659167289734,0.11477550119161606,0.23633627593517303,-0.11665229499340057,0.9853726029396057,0.10571982711553574,0.22522760927677155,-0.04219735041260719,0.9431701302528381,0.10274475067853928,0.22815002501010895,-0.17650699615478516,0.9827841520309448,0.1103544533252716,0.2557007968425751,-0.07123640179634094,0.9809603691101074,0.10982553660869598,0.2553636431694031,-0.1100250855088234,0.9892774820327759,0.08730661869049072,0.27727481722831726,0.03689562529325485,0.995825469493866,0.06275583058595657,0.2889649271965027,-0.21675041317939758,0.9987581968307495,0.0888511911034584,0.39126068353652954,0.08267828077077866,0.15197928249835968,0.05997948721051216,0.40827351808547974,-0.2336457371711731,0.8118717670440674,0.09773693978786469,0.4822203516960144,0.037120696157217026,0.12092375010251999,0.07146847248077393,0.5120108127593994,-0.22917096316814423,0.7994260191917419,0.10110209882259369,0.5115689039230347,0.035777151584625244,0.12741920351982117,0.07111785560846329,0.5376951098442078,-0.2509179711341858,0.7914107441902161,0.10298079997301102,0.5096901655197144,0.015547600574791431,0.13057556748390198,0.07554078847169876,0.5350644588470459,-0.2533339262008667,0.7865321636199951,0.10035638511180878,0.49868452548980713,0.026406269520521164,0.1256251037120819,0.0759655237197876,0.5266437530517578,-0.2283622771501541,0.7502642273902893,0.0906347781419754,0.4920613169670105,0.07446359097957611,0.996734082698822,0.06959637999534607,0.4940118193626404,-0.07440579682588577,0.996173083782196,0.09325134754180908,0.6252903342247009,0.09057267755270004,0.5475772023200989,0.07249482721090317,0.6290879249572754,-0.06748103350400925,0.8383678793907166,0.08060546219348907,0.7738651037216187,0.15619589388370514,0.7630192637443542,0.06136004254221916,0.7884236574172974,0.009778095409274101,0.8817918300628662,0.07163258641958237,0.793089747428894,0.15752972662448883,0.7956941723823547,0.05147252231836319,0.8091822862625122,0.012616035528481007,0.8426468968391418,0.11225537955760956,0.8050524592399597,0.10603179782629013,0.8410083055496216,0.09408211708068848,0.822990357875824,-0.056392062455415726,0.8856608271598816,PD_Early,004_PD_01_MD.MOV
0.11781980097293854,0.2513265609741211,-0.10265641659498215,0.9878720641136169,0.11880720406770706,0.23804795742034912,-0.09659245610237122,0.9767522811889648,0.11842284351587296,0.23619899153709412,-0.09658942371606827,0.9751874804496765,0.11750615388154984,0.23437178134918213,-0.09652648121118546,0.9764149785041809,0.11750968545675278,0.23818112909793854,-0.1251371204853058,0.9834818840026855,0.11633174866437912,0.23681879043579102,-0.12521174550056458,0.9847859144210815,0.1150134727358818,0.23546728491783142,-0.12533849477767944,0.9862051010131836,0.10785011947154999,0.22497223317623138,-0.04841107130050659,0.9452499747276306,0.10351873189210892,0.22700855135917664,-0.17901334166526794,0.9839444756507874,0.11209111660718918,0.2547575533390045,-0.07993314415216446,0.9820516705513,0.11099296063184738,0.2543622553348541,-0.11774037033319473,0.9899401068687439,0.08596310019493103,0.27732211351394653,0.030549831688404083,0.9959812164306641,0.06273677200078964,0.2873058021068573,-0.21605725586414337,0.9988774657249451,0.09273095428943634,0.3897857666015625,0.07477165758609772,0.14202356338500977,0.059881165623664856,0.40761590003967285,-0.2346619963645935,0.8298154473304749,0.09927915036678314,0.48228317499160767,0.02737278677523136,0.11886372417211533,0.07100560516119003,0.5100789666175842,-0.23468409478664398,0.8178738951683044,0.10183575749397278,0.5121442675590515,0.02512691728770733,0.12558040022850037,0.07151082903146744,0.5368544459342957,-0.2566412091255188,0.8094075322151184,0.10317349433898926,0.5101777911186218,0.004726780112832785,0.12928995490074158,0.07593832910060883,0.5333206057548523,-0.25924021005630493,0.8049657344818115,0.10073720663785934,0.4989909529685974,0.01679837889969349,0.12514500319957733,0.07636667042970657,0.5244612097740173,-0.23387892544269562,0.7701682448387146,0.09368941187858582,0.4895191788673401,0.07113266736268997,0.996728777885437,0.07042699307203293,0.49017515778541565,-0.07107465714216232,0.996310830116272,0.09290765970945358,0.6202194094657898,0.08867798000574112,0.5418630242347717,0.07203570008277893,0.6268718838691711,-0.05921220779418945,0.845176637172699,0.08584056049585342,0.7733456492424011,0.15641221404075623,0.7558151483535767,0.061832740902900696,0.7861427664756775,0.019006384536623955,0.8833340406417847,0.07750870287418365,0.7928395867347717,0.1581239402294159,0.7910097241401672,0.05147841200232506,0.8076385855674744,0.02294202521443367,0.834217369556427,0.11827009171247482,0.8052263855934143,0.10562538355588913,0.8399825692176819,0.09338868409395218,0.8232607841491699,-0.04243535175919533,0.8879494071006775,PD_Early,004_PD_01_MD.MOV
0.12118489295244217,0.2513156533241272,-0.1323995143175125,0.9887896776199341,0.12230527400970459,0.23799505829811096,-0.12801498174667358,0.9784025549888611,0.12189885973930359,0.23615199327468872,-0.1280057281255722,0.9769412875175476,0.12123487889766693,0.23427772521972656,-0.12793919444084167,0.9780473709106445,0.12096644937992096,0.238028883934021,-0.1563081294298172,0.9846869111061096,0.11973950266838074,0.23666656017303467,-0.15639585256576538,0.9859398007392883,0.1181333065032959,0.23534747958183289,-0.15651419758796692,0.9872364401817322,0.11051582545042038,0.22497552633285522,-0.08011007308959961,0.9490079283714294,0.10691551864147186,0.22712568938732147,-0.20904335379600525,0.9852890968322754,0.11533805727958679,0.2547948360443115,-0.10902664065361023,0.9833799004554749,0.11419971287250519,0.2544153928756714,-0.14652732014656067,0.9907287359237671,0.0898430272936821,0.2766580283641815,0.0032017449848353863,0.9961716532707214,0.06525006890296936,0.2882745862007141,-0.2367551624774933,0.9989854693412781,0.09536268562078476,0.38689693808555603,0.051372870802879333,0.13362501561641693,0.0639244094491005,0.40844011306762695,-0.24979355931282043,0.8462018966674805,0.09971949458122253,0.48103705048561096,0.0096895731985569,0.11614256352186203,0.07592959702014923,0.510175347328186,-0.24558025598526,0.8345630764961243,0.10181222856044769,0.5114114284515381,0.007231518160551786,0.1229768618941307,0.07599702477455139,0.5369514226913452,-0.26814812421798706,0.8256214261054993,0.10329627245664597,0.509284257888794,-0.012728913687169552,0.1271478235721588,0.07990454882383347,0.5332173705101013,-0.27174752950668335,0.8215894103050232,0.1009499803185463,0.4978884160518646,-0.0005002330290153623,0.12381910532712936,0.08049964904785156,0.5244695544242859,-0.245226189494133,0.7881883978843689,0.0968031957745552,0.48930662870407104,0.07011129707098007,0.9968521595001221,0.07274249941110611,0.4911940395832062,-0.07006395608186722,0.9965188503265381,0.10171182453632355,0.6158155798912048,0.0968875139951706,0.5510219931602478,0.0690942034125328,0.6281997561454773,-0.0476902574300766,0.856645941734314,0.10729777067899704,0.7729784250259399,0.17028124630451202,0.7606053352355957,0.06129654869437218,0.7854945659637451,0.03977973759174347,0.8896748423576355,0.1005636602640152,0.7956888675689697,0.17273955047130585,0.7928767204284668,0.050243739038705826,0.808314323425293,0.04332590848207474,0.8329487442970276,0.14557857811450958,0.8051018118858337,0.12254495918750763,0.8451995253562927,0.09059450030326843,0.8233321309089661,-0.033329352736473083,0.8934608697891235,PD_Early,004_PD_01_MD.MOV
0.1240755170583725,0.25154849886894226,-0.13019326329231262,0.9897852540016174,0.1253279447555542,0.23781736195087433,-0.12520302832126617,0.980299174785614,0.12488715350627899,0.2359948754310608,-0.12519359588623047,0.9789643287658691,0.12423136830329895,0.2341570407152176,-0.1251213699579239,0.9799619913101196,0.12413482367992401,0.23799537122249603,-0.15372182428836823,0.9860310554504395,0.1229986846446991,0.23674754798412323,-0.15380236506462097,0.9871826171875,0.1214379072189331,0.23563623428344727,-0.15391047298908234,0.9883550405502319,0.11330517381429672,0.22518117725849152,-0.0760934129357338,0.9534770250320435,0.11045453697443008,0.227878138422966,-0.2060350924730301,0.986648678779602,0.11833211779594421,0.25523000955581665,-0.10643884539604187,0.9848496913909912,0.1173090860247612,0.2550884187221527,-0.14424583315849304,0.9915557503700256,0.09034503251314163,0.27683645486831665,0.00649677449837327,0.9964686036109924,0.06844805181026459,0.290393590927124,-0.23433394730091095,0.9990842938423157,0.09456296265125275,0.3866645395755768,0.052589621394872665,0.12784399092197418,0.06493265926837921,0.40912729501724243,-0.24990512430667877,0.8609981536865234,0.09910188615322113,0.4816991090774536,0.009948906488716602,0.11889665573835373,0.07872738689184189,0.5120458006858826,-0.2450273334980011,0.8497647047042847,0.1012280061841011,0.5119478702545166,0.007060979958623648,0.12572601437568665,0.07875284552574158,0.5376583337783813,-0.268714040517807,0.8405308127403259,0.10272838175296783,0.5099434852600098,-0.01328541524708271,0.13064153492450714,0.08272983133792877,0.5352498292922974,-0.27164384722709656,0.8368377089500427,0.10056115686893463,0.4987572133541107,-0.000348557805409655,0.12762153148651123,0.08339222520589828,0.5257640480995178,-0.24449869990348816,0.8047929406166077,0.0977083221077919,0.49218183755874634,0.06939548999071121,0.9970757961273193,0.07595711201429367,0.49244192242622375,-0.06935892254114151,0.9967842102050781,0.10389479994773865,0.616089940071106,0.09836757928133011,0.5647721290588379,0.06529337912797928,0.6307561993598938,-0.03478201478719711,0.8686886429786682,0.11920996010303497,0.7761679291725159,0.17205749452114105,0.7701599597930908,0.060427360236644745,0.7856625914573669,0.0672297403216362,0.8973375558853149,0.1134515106678009,0.8028222322463989,0.17453375458717346,0.7991718053817749,0.04863607510924339,0.8106587529182434,0.07223353534936905,0.8369868397712708,0.16042675077915192,0.8037198781967163,0.1231217011809349,0.8532319664955139,0.09038296341896057,0.8235746026039124,0.0025005927309393883,0.9003399014472961,PD_Early,004_PD_01_MD.MOV
0.1251591295003891,0.2517448365688324,-0.11831016093492508,0.9907416105270386,0.12633684277534485,0.23771096765995026,-0.11291127651929855,0.9821254014968872,0.12586957216262817,0.2359272986650467,-0.11290346086025238,0.9809116721153259,0.1249225065112114,0.2341729998588562,-0.11283431202173233,0.9818095564842224,0.1252470165491104,0.23789344727993011,-0.14129982888698578,0.9873279929161072,0.12405643612146378,0.23665611445903778,-0.141372948884964,0.9883759617805481,0.12269014865159988,0.2355581372976303,-0.1414816826581955,0.9894326329231262,0.1146378219127655,0.225511372089386,-0.06658253818750381,0.9577515125274658,0.11124477535486221,0.22788342833518982,-0.19661514461040497,0.9879249930381775,0.11945295333862305,0.25576528906822205,-0.09525634348392487,0.9862515926361084,0.11852511763572693,0.25549399852752686,-0.13289424777030945,0.9923410415649414,0.09314611554145813,0.2802213132381439,0.014901932328939438,0.9967570900917053,0.07040368765592575,0.2906991243362427,-0.2283775359392166,0.9991738796234131,0.09630212187767029,0.38684067130088806,0.055863309651613235,0.12471874058246613,0.06606787443161011,0.409147173166275,-0.24856284260749817,0.8744125366210938,0.10030131042003632,0.48209133744239807,0.014437989331781864,0.12757763266563416,0.07937871664762497,0.5120680928230286,-0.24131803214550018,0.8636804819107056,0.10227937996387482,0.5120342969894409,0.011188892647624016,0.13396389782428741,0.07913856208324432,0.5377365946769714,-0.2650867700576782,0.8543606400489807,0.10346782207489014,0.5103654861450195,-0.009488476440310478,0.13996630907058716,0.08322262018918991,0.5354337692260742,-0.26713281869888306,0.850956380367279,0.10141266882419586,0.4993205964565277,0.00396914966404438,0.13683848083019257,0.08419008553028107,0.5258412957191467,-0.24046485126018524,0.8203850388526917,0.10076190531253815,0.4963931143283844,0.06844465434551239,0.9972832798957825,0.0772126168012619,0.4957941174507141,-0.06840395927429199,0.9970403909683228,0.10673964768648148,0.6170687675476074,0.09064699709415436,0.5816735029220581,0.06221854314208031,0.6326737999916077,-0.04709164798259735,0.8804633021354675,0.12343481183052063,0.7769303321838379,0.15718650817871094,0.7822794914245605,0.05968230590224266,0.7860772609710693,0.061295285820961,0.905429482460022,0.11718611419200897,0.8055377006530762,0.15886549651622772,0.8082744479179382,0.048018041998147964,0.8116133809089661,0.06412096321582794,0.8437474966049194,0.1647053360939026,0.8011086583137512,0.10585840791463852,0.862065851688385,0.09031400829553604,0.824394166469574,0.002147116232663393,0.9075949788093567,PD_Early,004_PD_01_MD.MOV
0.12736564874649048,0.25229182839393616,-0.13058264553546906,0.9915881156921387,0.12842239439487457,0.23794735968112946,-0.12492310255765915,0.9837479591369629,0.12802757322788239,0.23617640137672424,-0.12491106241941452,0.982649028301239,0.12737341225147247,0.23443758487701416,-0.12483035773038864,0.9834515452384949,0.12733519077301025,0.23826195299625397,-0.15360254049301147,0.9884766340255737,0.1262190341949463,0.23707804083824158,-0.15368947386741638,0.9894362688064575,0.12501831352710724,0.23603716492652893,-0.15379425883293152,0.9903886914253235,0.11722922325134277,0.22598785161972046,-0.07392705976963043,0.9615669250488281,0.11363407224416733,0.22864174842834473,-0.20497576892375946,0.98907071352005,0.12207313627004623,0.25683170557022095,-0.10622791200876236,0.9874946475028992,0.12111834436655045,0.2564474046230316,-0.14430898427963257,0.9930397868156433,0.09407318383455276,0.2817288041114807,0.010802408680319786,0.99701988697052,0.07376404851675034,0.29213032126426697,-0.23533318936824799,0.9992547035217285,0.09537899494171143,0.3882203996181488,0.052237432450056076,0.12041808664798737,0.06925784051418304,0.409762442111969,-0.2553058862686157,0.8864792585372925,0.09944287687540054,0.4864066243171692,0.005644249729812145,0.13013365864753723,0.0831008329987526,0.516542911529541,-0.24910284578800201,0.8761361241340637,0.10143527388572693,0.517408013343811,0.0018631838029250503,0.13677823543548584,0.08227075636386871,0.5420881509780884,-0.27465954422950745,0.8667052388191223,0.10266266018152237,0.5154674649238586,-0.019187893718481064,0.1433120220899582,0.08602691441774368,0.5416923761367798,-0.27633002400398254,0.8635684251785278,0.10075830668210983,0.5043626427650452,-0.0050497958436608315,0.14051321148872375,0.08720020949840546,0.5310303568840027,-0.24814854562282562,0.8342876434326172,0.10160636901855469,0.5001991391181946,0.06933821737766266,0.9974849820137024,0.08111009746789932,0.49911177158355713,-0.06930723041296005,0.9972801208496094,0.10799634456634521,0.6181246638298035,0.10368036478757858,0.5949135422706604,0.062308210879564285,0.6338684558868408,-0.046861108392477036,0.8913372755050659,0.13104745745658875,0.777291476726532,0.17934735119342804,0.7939071655273438,0.0595783032476902,0.7864490151405334,0.05930647626519203,0.913084864616394,0.12418021261692047,0.8076183199882507,0.1817273050546646,0.8162617683410645,0.04670442268252373,0.8129681348800659,0.0641791895031929,0.8504598140716553,0.17321008443832397,0.7996901273727417,0.12757855653762817,0.8703990578651428,0.09096696972846985,0.8256256580352783,-0.0015321220271289349,0.9144465327262878,PD_Early,004_PD_01_MD.MOV
0.13215620815753937,0.2523483335971832,-0.12453117221593857,0.992286741733551,0.1326824277639389,0.23787455260753632,-0.1183474138379097,0.9850917458534241,0.13229088485240936,0.236111581325531,-0.11834575980901718,0.9840947389602661,0.13169752061367035,0.23438571393489838,-0.11827335506677628,0.9848143458366394,0.1316024512052536,0.2382146716117859,-0.14702211320400238,0.9894057512283325,0.13058175146579742,0.23705673217773438,-0.14710202813148499,0.9902976751327515,0.1291651874780655,0.2359941303730011,-0.14721150696277618,0.9911547303199768,0.12085917592048645,0.22598202526569366,-0.06772952526807785,0.9646978974342346,0.11897411197423935,0.22848251461982727,-0.1981707364320755,0.9900372624397278,0.1273607611656189,0.2568857967853546,-0.10023950785398483,0.9885068535804749,0.12637633085250854,0.25648507475852966,-0.13825459778308868,0.9936062693595886,0.0951017439365387,0.2844496965408325,0.013092643581330776,0.9972297549247742,0.08200883865356445,0.29211634397506714,-0.2322709858417511,0.9993262887001038,0.09531112760305405,0.39345869421958923,0.054699067026376724,0.11439508199691772,0.07617511600255966,0.4099111258983612,-0.2554144263267517,0.8970581293106079,0.09893731772899628,0.49423137307167053,0.003720746375620365,0.12957939505577087,0.08731233328580856,0.5203849077224731,-0.25342708826065063,0.8870018124580383,0.10075957328081131,0.5262680649757385,-0.001345549477264285,0.1366773098707199,0.08658375591039658,0.5461479425430298,-0.2812323272228241,0.8773293495178223,0.10197272151708603,0.5237983465194702,-0.022672835737466812,0.14336159825325012,0.0892653837800026,0.5461930632591248,-0.28270211815834045,0.8743922710418701,0.1002037525177002,0.5124546885490417,-0.0074914852157235146,0.14066776633262634,0.09005345404148102,0.5348134636878967,-0.252713143825531,0.8457740545272827,0.10405109077692032,0.5016641020774841,0.07019025832414627,0.9976456165313721,0.08378726989030838,0.4998931288719177,-0.07015684992074966,0.9974614381790161,0.11098623275756836,0.6201621890068054,0.10405199974775314,0.6041101217269897,0.062427230179309845,0.6372107267379761,-0.04771095886826515,0.9006150364875793,0.13236747682094574,0.7794916033744812,0.18016783893108368,0.801215410232544,0.05858226865530014,0.7885555028915405,0.05495566129684448,0.9190621972084045,0.1259290724992752,0.8094632029533386,0.18230898678302765,0.8200889825820923,0.04503891244530678,0.8151957392692566,0.059426065534353256,0.8523179292678833,0.17404033243656158,0.8011025190353394,0.1309853494167328,0.8758771419525146,0.09096810966730118,0.8273816704750061,-0.00759748974815011,0.9195810556411743,PD_Early,004_PD_01_MD.MOV
0.13596588373184204,0.25236374139785767,-0.1458844095468521,0.9929118752479553,0.13668981194496155,0.23777686059474945,-0.13990630209445953,0.9862918853759766,0.13626748323440552,0.23600861430168152,-0.13989996910095215,0.985381007194519,0.1356642246246338,0.23427405953407288,-0.13982461392879486,0.9860191345214844,0.13565130531787872,0.23809099197387695,-0.16909785568714142,0.990249514579773,0.13463932275772095,0.23689737915992737,-0.16918176412582397,0.9910812973976135,0.13320669531822205,0.2357487827539444,-0.16929033398628235,0.9918553829193115,0.12461300939321518,0.22593006491661072,-0.08582907170057297,0.9674824476242065,0.12289901077747345,0.22829101979732513,-0.21920567750930786,0.9909131526947021,0.13066501915454865,0.2571180462837219,-0.12035797536373138,0.9894235730171204,0.129714697599411,0.25673046708106995,-0.15914230048656464,0.9941301941871643,0.09861621260643005,0.2852346897125244,0.002362556755542755,0.9974179267883301,0.08338280022144318,0.2925712466239929,-0.25036224722862244,0.9993910789489746,0.09531860798597336,0.39407894015312195,0.04221320152282715,0.10893689095973969,0.07811837643384933,0.41176220774650574,-0.272479385137558,0.9066531658172607,0.1020442470908165,0.49658989906311035,-0.009250585921108723,0.1280881017446518,0.08932557702064514,0.5241538882255554,-0.26894867420196533,0.8967622518539429,0.10376288741827011,0.5286714434623718,-0.014743637293577194,0.1356113851070404,0.08892261981964111,0.5508814454078674,-0.2973313629627228,0.8868539929389954,0.10496962815523148,0.5264384150505066,-0.036581698805093765,0.14237619936466217,0.0917469710111618,0.5515814423561096,-0.2997029721736908,0.8841168284416199,0.10321151465177536,0.5152016878128052,-0.020688572898507118,0.14012636244297028,0.0926370695233345,0.5393504500389099,-0.26863929629325867,0.8561887741088867,0.10693444311618805,0.5026972889900208,0.07188229262828827,0.9978024959564209,0.08623362332582474,0.5017697811126709,-0.07186832278966904,0.9976399540901184,0.11320029199123383,0.6217584609985352,0.1283210813999176,0.6148674488067627,0.06422054022550583,0.6388853788375854,-0.027211686596274376,0.908995509147644,0.13304774463176727,0.7812900543212891,0.22148475050926208,0.8098146915435791,0.05817057564854622,0.7898865938186646,0.08399795740842819,0.9249032139778137,0.12636002898216248,0.8107057809829712,0.22582456469535828,0.8256836533546448,0.04398416355252266,0.8164267539978027,0.09000958502292633,0.855543315410614,0.1727951169013977,0.8042775392532349,0.17373377084732056,0.8821792602539062,0.09088502079248428,0.8290618658065796,0.017261989414691925,0.9247606992721558,PD_Early,004_PD_01_MD.MOV
0.13840773701667786,0.2527880072593689,-0.14538316428661346,0.9934216737747192,0.13882556557655334,0.23789571225643158,-0.13935896754264832,0.9872425198554993,0.1384550780057907,0.23611296713352203,-0.13935522735118866,0.9864068031311035,0.1378888040781021,0.23437440395355225,-0.13928848505020142,0.9869703054428101,0.1375894546508789,0.23825101554393768,-0.1680670529603958,0.9909048676490784,0.13638855516910553,0.23703746497631073,-0.16814658045768738,0.9916991591453552,0.13506394624710083,0.23588059842586517,-0.1682521402835846,0.992392361164093,0.12763582170009613,0.22626042366027832,-0.08508704602718353,0.9695556163787842,0.12452377378940582,0.2285437285900116,-0.2163194864988327,0.9916189908981323,0.1333499401807785,0.25772830843925476,-0.11988896876573563,0.9901240468025208,0.1321602761745453,0.2573787271976471,-0.15805058181285858,0.9945336580276489,0.10400121659040451,0.286872535943985,0.0032790570985525846,0.9975705742835999,0.08615536242723465,0.29296621680259705,-0.24904298782348633,0.999448835849762,0.09963632375001907,0.39695072174072266,0.0421968437731266,0.10522283613681793,0.08346232771873474,0.4117996096611023,-0.2717353105545044,0.9153251051902771,0.10524190217256546,0.5005996823310852,-0.00790636520832777,0.12939563393592834,0.09656069427728653,0.5242131948471069,-0.2683704197406769,0.9056756496429443,0.10656886547803879,0.5333228707313538,-0.013239913620054722,0.1368468701839447,0.09484664350748062,0.5505543947219849,-0.2964915633201599,0.895617663860321,0.10754116624593735,0.5314710140228271,-0.035099271684885025,0.14382806420326233,0.09757310897111893,0.5510096549987793,-0.29884305596351624,0.8930713534355164,0.1058507114648819,0.5199405550956726,-0.019259359687566757,0.14197216928005219,0.09826403111219406,0.5394894480705261,-0.2679607570171356,0.8658953309059143,0.11088724434375763,0.5028736591339111,0.07235579192638397,0.9979457259178162,0.0888819694519043,0.5024738311767578,-0.07234662026166916,0.997802197933197,0.11645836383104324,0.6247396469116211,0.1285986602306366,0.6224326491355896,0.06914308667182922,0.6409235000610352,-0.024503091350197792,0.9160717725753784,0.1342473328113556,0.7828909754753113,0.21969008445739746,0.8149446249008179,0.05782567709684372,0.7899796962738037,0.08254002034664154,0.9297952651977539,0.12747786939144135,0.8109104633331299,0.2240101397037506,0.8286453485488892,0.04377983137965202,0.8161550164222717,0.08824729174375534,0.856975257396698,0.17395110428333282,0.8064864873886108,0.17143696546554565,0.8864075541496277,0.09131988883018494,0.8293543457984924,0.013715905137360096,0.929063081741333,PD_Early,004_PD_01_MD.MOV
0.14439542591571808,0.2527773678302765,-0.13636794686317444,0.9938784241676331,0.14471639692783356,0.23785904049873352,-0.13104058802127838,0.9880792498588562,0.14433404803276062,0.23610074818134308,-0.13103452324867249,0.9872886538505554,0.1437634527683258,0.23436114192008972,-0.13096018135547638,0.9877939820289612,0.14344753324985504,0.2380496859550476,-0.1595541089773178,0.9915081262588501,0.14225931465625763,0.23671935498714447,-0.15963493287563324,0.9922705292701721,0.14090603590011597,0.2353963851928711,-0.15974660217761993,0.9928974509239197,0.13370251655578613,0.22632411122322083,-0.08184091746807098,0.971216082572937,0.13113166391849518,0.2278936356306076,-0.21455703675746918,0.9922583103179932,0.13934722542762756,0.25778186321258545,-0.1123194545507431,0.9907285571098328,0.13806934654712677,0.25738245248794556,-0.15014959871768951,0.994893491268158,0.11434829235076904,0.28843188285827637,0.012448487803339958,0.9976165890693665,0.09048157185316086,0.29258233308792114,-0.24307499825954437,0.9995006322860718,0.10896275192499161,0.4001293480396271,0.05514105409383774,0.1000828817486763,0.08710922300815582,0.4107106626033783,-0.2654777467250824,0.923251211643219,0.11561262607574463,0.4994025230407715,0.005890560336410999,0.1269756257534027,0.09962041676044464,0.5236232280731201,-0.26173654198646545,0.913870632648468,0.117768794298172,0.5316570997238159,0.0008684519561938941,0.13449396193027496,0.09736203402280807,0.5500290393829346,-0.28856930136680603,0.9037554264068604,0.11827528476715088,0.529755175113678,-0.022314853966236115,0.14164291322231293,0.1019001379609108,0.5500288605690002,-0.2906038463115692,0.9013910889625549,0.1163196936249733,0.5183932781219482,-0.006296905223280191,0.14050965011119843,0.10322902351617813,0.5387957692146301,-0.2611221373081207,0.8750377893447876,0.11700841039419174,0.5027514696121216,0.07341369986534119,0.9980367422103882,0.0943327471613884,0.5007017254829407,-0.07339272648096085,0.9979248642921448,0.12244205921888351,0.6251633763313293,0.1248721331357956,0.6284477114677429,0.07477502524852753,0.6406044363975525,-0.02800781838595867,0.9223001003265381,0.1348828673362732,0.7823845148086548,0.20845338702201843,0.8175498247146606,0.05752617493271828,0.789962887763977,0.06441782414913177,0.9341526627540588,0.12814117968082428,0.8099273443222046,0.21206139028072357,0.8296780586242676,0.04378069192171097,0.816060483455658,0.06840607523918152,0.8575637936592102,0.17422232031822205,0.8068649172782898,0.15506529808044434,0.8890307545661926,0.09175625443458557,0.8296079635620117,-0.012397090904414654,0.9329070448875427,PD_Early,004_PD_01_MD.MOV
0.14745569229125977,0.2523666024208069,-0.13578756153583527,0.9943158030509949,0.1480761170387268,0.23759593069553375,-0.12908193469047546,0.9888961911201477,0.14771668612957,0.23590855300426483,-0.129078671336174,0.9881590604782104,0.1471407413482666,0.23422451317310333,-0.12901444733142853,0.9886143803596497,0.1468134969472885,0.23767434060573578,-0.15842290222644806,0.9920843243598938,0.14561104774475098,0.2363097369670868,-0.1584959179162979,0.9928097724914551,0.1443287581205368,0.23493264615535736,-0.15859870612621307,0.9933719038963318,0.137422576546669,0.2263738214969635,-0.07687651365995407,0.9729054570198059,0.1343936324119568,0.22771891951560974,-0.20993973314762115,0.9928516149520874,0.14212846755981445,0.2576831579208374,-0.11058366298675537,0.9913117289543152,0.14087830483913422,0.2572496831417084,-0.14955328404903412,0.9952328205108643,0.11433050036430359,0.28811678290367126,0.014130395837128162,0.9977074265480042,0.0954727903008461,0.2923825681209564,-0.24568359553813934,0.99954754114151,0.10964822769165039,0.39970916509628296,0.057343728840351105,0.09563775360584259,0.08967636525630951,0.40998074412345886,-0.2709921598434448,0.9302954077720642,0.1177799329161644,0.4992358088493347,0.0067308503203094006,0.12586207687854767,0.1015348955988884,0.5232603549957275,-0.2671944499015808,0.9211292862892151,0.12050186842679977,0.5306543707847595,0.0013711500214412808,0.1335972547531128,0.09933816641569138,0.5497458577156067,-0.2951860725879669,0.9109224677085876,0.1212487667798996,0.5295222401618958,-0.02079569175839424,0.14092300832271576,0.10373812168836594,0.5498260855674744,-0.2967408299446106,0.9087009429931641,0.11914416402578354,0.518295407295227,-0.006054628174751997,0.1404249668121338,0.10482525080442429,0.538465678691864,-0.2664337456226349,0.8829175233840942,0.11859352886676788,0.500563383102417,0.07695484161376953,0.9981369376182556,0.0976359099149704,0.4984000325202942,-0.0769389420747757,0.9980469942092896,0.12415631115436554,0.6249040961265564,0.12763170897960663,0.6321456432342529,0.0791046991944313,0.6404608488082886,-0.03074120730161667,0.9282535910606384,0.1349659562110901,0.7825226783752441,0.21517828106880188,0.8200435042381287,0.057317350059747696,0.7899467945098877,0.06368562579154968,0.9384858012199402,0.1283661425113678,0.8096933960914612,0.21922369301319122,0.8306890726089478,0.04374915733933449,0.8158685564994812,0.06811853498220444,0.8595100045204163,0.1745561808347702,0.8071080446243286,0.16634581983089447,0.8917844891548157,0.09209250658750534,0.8305943012237549,-0.011872359551489353,0.9367300271987915,PD_Early,004_PD_01_MD.MOV
0.1529713124036789,0.2522884011268616,-0.13079525530338287,0.9947366714477539,0.15397781133651733,0.2375626415014267,-0.12276457995176315,0.9896688461303711,0.15350289642810822,0.23587709665298462,-0.12275995314121246,0.988979160785675,0.15277938544750214,0.23419734835624695,-0.12269342690706253,0.989393949508667,0.15304836630821228,0.23764459788799286,-0.15352140367031097,0.9926211833953857,0.15205901861190796,0.23628486692905426,-0.15358977019786835,0.9933118224143982,0.15063054859638214,0.23491595685482025,-0.15367905795574188,0.9938157796859741,0.142093226313591,0.22662071883678436,-0.06729421019554138,0.9743906855583191,0.14111486077308655,0.22774335741996765,-0.20773139595985413,0.9933722019195557,0.14653639495372772,0.2576841413974762,-0.10500433295965195,0.9918249249458313,0.14581246674060822,0.2572524845600128,-0.14616256952285767,0.9955266118049622,0.11494427174329758,0.2879336476325989,0.02558193728327751,0.9977949857711792,0.10369762033224106,0.290839284658432,-0.24323998391628265,0.9995900988578796,0.11038757860660553,0.3996315598487854,0.06987426429986954,0.09127149730920792,0.09588783234357834,0.4071391522884369,-0.2685316801071167,0.9366830587387085,0.11958546191453934,0.49890080094337463,0.02528439648449421,0.12467526644468307,0.1070466861128807,0.5211029052734375,-0.2636195123195648,0.9278716444969177,0.12274633347988129,0.526845395565033,0.023171115666627884,0.13263969123363495,0.10530255734920502,0.5463716983795166,-0.29113733768463135,0.9176987409591675,0.12310552597045898,0.5261176824569702,-0.0010918889893218875,0.1402418613433838,0.10916640609502792,0.5467396974563599,-0.29187634587287903,0.9156296253204346,0.12187054008245468,0.5179440975189209,0.012715665623545647,0.14018982648849487,0.11016673594713211,0.5366957187652588,-0.26248878240585327,0.8904893398284912,0.12102367728948593,0.5002934336662292,0.08063680678606033,0.9982462525367737,0.10314781963825226,0.49784693121910095,-0.08062565326690674,0.9981715679168701,0.12647311389446259,0.6245080232620239,0.12551705539226532,0.6329935193061829,0.08376388996839523,0.6403845548629761,-0.04326383396983147,0.9338434934616089,0.1365557461977005,0.7823773622512817,0.21004503965377808,0.8219951391220093,0.056793488562107086,0.7889546155929565,0.05242953076958656,0.9428194165229797,0.1291097104549408,0.8097284436225891,0.21374885737895966,0.8311275243759155,0.04221750795841217,0.8147581815719604,0.05702268332242966,0.8629313707351685,0.17512492835521698,0.8073573112487793,0.16246096789836884,0.8941695094108582,0.09209813922643661,0.8310548663139343,-0.018760064616799355,0.9407175183296204,PD_Early,004_PD_01_MD.MOV
0.1592821478843689,0.25230059027671814,-0.11966673284769058,0.9950951933860779,0.16072724759578705,0.2375841736793518,-0.11249218136072159,0.9902936220169067,0.16013766825199127,0.23588593304157257,-0.11248328536748886,0.9896672964096069,0.15926310420036316,0.23420590162277222,-0.11240843683481216,0.990047037601471,0.16019974648952484,0.2378048598766327,-0.14284858107566833,0.9930428266525269,0.15937502682209015,0.23653863370418549,-0.14292122423648834,0.9937213063240051,0.15833616256713867,0.23529136180877686,-0.14301195740699768,0.9941601753234863,0.14764752984046936,0.22677583992481232,-0.062441419810056686,0.9756103754043579,0.14799408614635468,0.22833466529846191,-0.2024768441915512,0.9937940239906311,0.15175984799861908,0.2578168511390686,-0.0963032990694046,0.9922316074371338,0.15174299478530884,0.2574491798877716,-0.13695169985294342,0.9957477450370789,0.11629045009613037,0.2872699499130249,0.028607411310076714,0.997910737991333,0.1113891676068306,0.2900279760360718,-0.24210050702095032,0.999628484249115,0.11209645122289658,0.3993588387966156,0.06993138790130615,0.08705956488847733,0.10484344512224197,0.4069021940231323,-0.2664974629878998,0.9422850012779236,0.12168102711439133,0.4997664988040924,0.03386111184954643,0.12335299700498581,0.11182333528995514,0.5209806561470032,-0.25989481806755066,0.9337011575698853,0.12488222867250443,0.5268169045448303,0.035001613199710846,0.13173598051071167,0.11121974140405655,0.5463219881057739,-0.28635475039482117,0.9235259890556335,0.1251050978899002,0.5264625549316406,0.011021027341485023,0.13956446945667267,0.11421632766723633,0.5466914176940918,-0.2838401794433594,0.9216416478157043,0.12562917172908783,0.5195855498313904,0.021864311769604683,0.13977038860321045,0.11480402201414108,0.5366628766059875,-0.25734108686447144,0.8970178365707397,0.12299223989248276,0.49744856357574463,0.08466862887144089,0.9983563423156738,0.1091153621673584,0.49611952900886536,-0.08469835668802261,0.9982907176017761,0.12637074291706085,0.6235130429267883,0.12103501707315445,0.625251054763794,0.09025494009256363,0.6395776271820068,-0.06739135831594467,0.9387549161911011,0.13612578809261322,0.7827739119529724,0.1937057077884674,0.8196853399276733,0.05658740922808647,0.7872064709663391,0.017992977052927017,0.94651198387146,0.12855061888694763,0.8101865649223328,0.19610506296157837,0.8280074596405029,0.0415080264210701,0.812746524810791,0.022032950073480606,0.8668044209480286,0.1744983196258545,0.8080031871795654,0.1496393233537674,0.8941681385040283,0.09209675341844559,0.8310419917106628,-0.04551287367939949,0.9442160129547119,PD_Early,004_PD_01_MD.MOV
0.1654682755470276,0.24996882677078247,-0.1156771332025528,0.995479166507721,0.1664121299982071,0.23504602909088135,-0.10725776106119156,0.9909940361976624,0.16592860221862793,0.23336277902126312,-0.10725630819797516,0.9904078245162964,0.16518893837928772,0.23162762820720673,-0.10718604177236557,0.990749716758728,0.16546611487865448,0.23515434563159943,-0.1383933573961258,0.9935442209243774,0.16442522406578064,0.23377136886119843,-0.13846096396446228,0.9941880106925964,0.16320720314979553,0.23229195177555084,-0.13855423033237457,0.9945824146270752,0.15315371751785278,0.22539865970611572,-0.05225539952516556,0.9770542979240417,0.15252786874771118,0.22585457563400269,-0.19579729437828064,0.9942764639854431,0.15857744216918945,0.25612878799438477,-0.09107086807489395,0.9927552938461304,0.15779556334018707,0.25593969225883484,-0.13262945413589478,0.9960585236549377,0.12467455863952637,0.28672870993614197,0.038646288216114044,0.9980065226554871,0.11256375163793564,0.28877967596054077,-0.24128969013690948,0.9996637105941772,0.12051601707935333,0.4014008343219757,0.07816681265830994,0.08290621638298035,0.10591670125722885,0.4054621160030365,-0.2678685188293457,0.9474979639053345,0.1273064911365509,0.5003133416175842,0.03231113776564598,0.1207365170121193,0.11499106884002686,0.5179812908172607,-0.2630368769168854,0.9392234086990356,0.1296602338552475,0.5278720259666443,0.03075072355568409,0.12952817976474762,0.11344458162784576,0.5433023571968079,-0.29118531942367554,0.9291640520095825,0.1317639946937561,0.5285437107086182,0.006979170721024275,0.13736236095428467,0.11683706939220428,0.5433990359306335,-0.2905053496360779,0.9274177551269531,0.12984324991703033,0.5195689797401428,0.01992311142385006,0.1379464715719223,0.11784827709197998,0.5346906781196594,-0.26131871342658997,0.903444766998291,0.12736046314239502,0.4974895417690277,0.08584049344062805,0.9984534978866577,0.1105090007185936,0.496116578578949,-0.08583518117666245,0.9984031319618225,0.13137473165988922,0.6229700446128845,0.12094254791736603,0.6307761073112488,0.0941142663359642,0.638660728931427,-0.08592557907104492,0.9437296986579895,0.13769526779651642,0.7826112508773804,0.19360129535198212,0.8234544992446899,0.05663761869072914,0.7848096489906311,-0.0009038454154506326,0.9504777193069458,0.12975826859474182,0.8100169897079468,0.1959936022758484,0.8300456404685974,0.041578758507966995,0.8094324469566345,0.002862442284822464,0.871531069278717,0.17568619549274445,0.8092605471611023,0.14690765738487244,0.8972018361091614,0.09256648272275925,0.8309563398361206,-0.07154260575771332,0.9481331706047058,PD_Early,004_PD_01_MD.MOV
0.1698906421661377,0.24929702281951904,-0.11534833163022995,0.9957787394523621,0.17054085433483124,0.23427897691726685,-0.10655740648508072,0.9915220737457275,0.17006061971187592,0.23253071308135986,-0.10655912756919861,0.9909589886665344,0.16938120126724243,0.2306971698999405,-0.1064927726984024,0.9912753105163574,0.16963085532188416,0.23431365191936493,-0.13781729340553284,0.9939336776733398,0.1686059683561325,0.23279112577438354,-0.13788384199142456,0.9945549368858337,0.167063370347023,0.23115794360637665,-0.1379791647195816,0.994907557964325,0.15816542506217957,0.2242184579372406,-0.0498543344438076,0.9778456687927246,0.1572704166173935,0.22419090569019318,-0.19362659752368927,0.9946631789207458,0.16357587277889252,0.2549322843551636,-0.09022272378206253,0.9931115508079529,0.16285280883312225,0.2547934055328369,-0.13187016546726227,0.9962802529335022,0.12931324541568756,0.28572601079940796,0.04299845173954964,0.9981009364128113,0.11680695414543152,0.28794267773628235,-0.24107451736927032,0.9996954798698425,0.12433041632175446,0.4003589451313019,0.08203402161598206,0.07801856100559235,0.10863480716943741,0.4046704173088074,-0.26929301023483276,0.9520455002784729,0.13263694941997528,0.49704408645629883,0.03317509964108467,0.1161089837551117,0.11732969433069229,0.5151154398918152,-0.2647319436073303,0.9437276124954224,0.13537032902240753,0.5233213901519775,0.03150024637579918,0.12535423040390015,0.11605645716190338,0.5395420789718628,-0.29293203353881836,0.9335447549819946,0.13760937750339508,0.5247362852096558,0.007353738881647587,0.13312417268753052,0.12009124457836151,0.539368748664856,-0.2918733060359955,0.9319381713867188,0.13549184799194336,0.5145176649093628,0.020543191581964493,0.13397687673568726,0.12120876461267471,0.5310565233230591,-0.2628971040248871,0.9080629944801331,0.131157785654068,0.4972008466720581,0.08915427327156067,0.9985254406929016,0.11527571082115173,0.49581336975097656,-0.08915542811155319,0.9984999299049377,0.13213777542114258,0.6234501600265503,0.12777961790561676,0.6278309226036072,0.10173115879297256,0.6385515928268433,-0.09372653067111969,0.9481728076934814,0.1383674293756485,0.7830654382705688,0.20900416374206543,0.8254722356796265,0.0575675368309021,0.7826769351959229,-0.014428656548261642,0.9541046023368835,0.13026191294193268,0.810822606086731,0.21189962327480316,0.8315204977989197,0.04190242290496826,0.8050895929336548,-0.01109201181679964,0.8767420649528503,0.17636339366436005,0.8095815181732178,0.16077286005020142,0.8991369605064392,0.09273747354745865,0.8307445049285889,-0.0852467492222786,0.9517489075660706,PD_Early,004_PD_01_MD.MOV
0.17473752796649933,0.24927709996700287,-0.11862899363040924,0.9960329532623291,0.17550665140151978,0.23419077694416046,-0.1083563044667244,0.9919625520706177,0.17500725388526917,0.23243124783039093,-0.10836393386125565,0.9914126396179199,0.17430289089679718,0.2305832952260971,-0.1083015576004982,0.9917153120040894,0.17464293539524078,0.23420493304729462,-0.14080147445201874,0.9942640066146851,0.17362496256828308,0.23265182971954346,-0.1408674567937851,0.9948704838752747,0.17241936922073364,0.23097562789916992,-0.14096514880657196,0.99518883228302,0.1627478152513504,0.2239324450492859,-0.05268944799900055,0.9783965945243835,0.16183103621006012,0.2237480878829956,-0.1966361701488495,0.9949878454208374,0.16837531328201294,0.25487980246543884,-0.09275176376104355,0.993378221988678,0.16778697073459625,0.2546720802783966,-0.1354871392250061,0.9964610934257507,0.13375402987003326,0.285605788230896,0.03894858807325363,0.998161256313324,0.12109576910734177,0.2876560688018799,-0.24618595838546753,0.9997237324714661,0.1286371946334839,0.40027210116386414,0.07770970463752747,0.07288778573274612,0.11328304558992386,0.4044981598854065,-0.2760521173477173,0.9558448195457458,0.13721099495887756,0.4963432550430298,0.029945628717541695,0.109707310795784,0.12084509432315826,0.5131328105926514,-0.27241167426109314,0.9471114873886108,0.1398877054452896,0.5229514837265015,0.02806180715560913,0.11913682520389557,0.11963368952274323,0.537320077419281,-0.30079588294029236,0.936503529548645,0.14257638156414032,0.5235135555267334,0.004420475102961063,0.12664596736431122,0.12338680773973465,0.5369004011154175,-0.2995302081108093,0.9350449442863464,0.1404348760843277,0.5128885507583618,0.017702944576740265,0.12765173614025116,0.12450738251209259,0.5284696221351624,-0.27063482999801636,0.910550594329834,0.13403625786304474,0.4967615306377411,0.09033969789743423,0.9985864758491516,0.11875713616609573,0.49511951208114624,-0.09035153687000275,0.9985902905464172,0.1347278207540512,0.6234148740768433,0.1344931423664093,0.6186679005622864,0.10976482927799225,0.6359813809394836,-0.10469906777143478,0.9517681002616882,0.13815760612487793,0.7829544544219971,0.22247996926307678,0.8237766027450562,0.05923502519726753,0.7779945135116577,-0.02799457684159279,0.9569532871246338,0.13089466094970703,0.8107242584228516,0.22593434154987335,0.8293529152870178,0.04291028529405594,0.7977558374404907,-0.02475065179169178,0.8803949356079102,0.17548920214176178,0.8094624876976013,0.17416813969612122,0.8988847136497498,0.09284858405590057,0.8290477991104126,-0.09889275580644608,0.9547452330589294,PD_Early,004_PD_01_MD.MOV
0.17615826427936554,0.24937865138053894,-0.12076044827699661,0.99617999792099,0.177069753408432,0.2343319207429886,-0.11010803282260895,0.9921239018440247,0.17629848420619965,0.23254570364952087,-0.11011612415313721,0.9915764927864075,0.17551153898239136,0.23066899180412292,-0.11005628854036331,0.9918731451034546,0.17589648067951202,0.2342432737350464,-0.142902672290802,0.9944114089012146,0.1748482584953308,0.23269066214561462,-0.1429704874753952,0.9950332045555115,0.17360548675060272,0.23098188638687134,-0.14307238161563873,0.9953174591064453,0.1646764725446701,0.22380852699279785,-0.05413194000720978,0.9779450297355652,0.16214069724082947,0.2234373837709427,-0.1985655426979065,0.9951725006103516,0.16934649646282196,0.254879355430603,-0.09458016604185104,0.9934023022651672,0.16816210746765137,0.2546285092830658,-0.137518510222435,0.9965291619300842,0.13569743931293488,0.28550854325294495,0.037483278661966324,0.9981992840766907,0.12006194144487381,0.28711366653442383,-0.24814628064632416,0.9997490048408508,0.1311980038881302,0.3984835743904114,0.07625459134578705,0.06812064349651337,0.11334927380084991,0.4027840197086334,-0.27802637219429016,0.9591047167778015,0.1354665756225586,0.49595212936401367,0.026145953685045242,0.10370426625013351,0.12230650335550308,0.5101028084754944,-0.2750595808029175,0.9499049186706543,0.13882894814014435,0.5198477506637573,0.024759020656347275,0.11325064301490784,0.12137894332408905,0.5346496105194092,-0.30349820852279663,0.9389128088951111,0.13939163088798523,0.5193313956260681,0.0011988680344074965,0.12045018374919891,0.1254647821187973,0.5341431498527527,-0.3012925684452057,0.9375990629196167,0.13881072402000427,0.5081875920295715,0.013609861955046654,0.12154556065797806,0.1262984424829483,0.5258206129074097,-0.2728614807128906,0.9123519659042358,0.1357988566160202,0.4964279234409332,0.09087404608726501,0.9986132979393005,0.11988932639360428,0.4939251244068146,-0.09089595824480057,0.9986589550971985,0.13490264117717743,0.6244747042655945,0.13459359109401703,0.610877275466919,0.11478018760681152,0.6351808905601501,-0.11462493240833282,0.9551835060119629,0.13850994408130646,0.7828711271286011,0.22502803802490234,0.8236158490180969,0.06082170456647873,0.7747103571891785,-0.040054839104413986,0.9597046375274658,0.13140986859798431,0.8098085522651672,0.2286892980337143,0.8283536434173584,0.044908713549375534,0.7915992140769958,-0.036752086132764816,0.8842412233352661,0.17615999281406403,0.809687614440918,0.17664296925067902,0.8990988731384277,0.09305931627750397,0.8286935091018677,-0.11042921990156174,0.9576011896133423,PD_Early,004_PD_01_MD.MOV
0.18084955215454102,0.24892494082450867,-0.12496330589056015,0.996330738067627,0.18167446553707123,0.23305094242095947,-0.11472085863351822,0.992284893989563,0.18115203082561493,0.23123958706855774,-0.11472760140895844,0.9917357563972473,0.18043653666973114,0.22935667634010315,-0.11467929929494858,0.9920517802238464,0.18057528138160706,0.23261308670043945,-0.147303968667984,0.9945481419563293,0.17910054326057434,0.23060965538024902,-0.14736948907375336,0.9951817989349365,0.17776603996753693,0.22850270569324493,-0.14747104048728943,0.9954296350479126,0.1688159853219986,0.22236888110637665,-0.055050913244485855,0.977668285369873,0.16700972616672516,0.22101277112960815,-0.2022589147090912,0.9953317046165466,0.17398281395435333,0.2544018030166626,-0.0983884409070015,0.9934197664260864,0.173099085688591,0.253948837518692,-0.14131516218185425,0.9965866804122925,0.1406622976064682,0.2857271134853363,0.03719045966863632,0.9982746839523315,0.12313219159841537,0.2870310842990875,-0.25230687856674194,0.9997717142105103,0.13644972443580627,0.39845848083496094,0.07621005922555923,0.06445203721523285,0.11654051393270493,0.4024438261985779,-0.2827061414718628,0.9618107080459595,0.14348410069942474,0.4960525631904602,0.0283347200602293,0.09955801069736481,0.12547667324543,0.5103486180305481,-0.2780114412307739,0.9519434571266174,0.14593961834907532,0.518756091594696,0.027067089453339577,0.10919328778982162,0.12525305151939392,0.5342175960540771,-0.30638402700424194,0.9404708743095398,0.14507819712162018,0.5178732872009277,0.003633123356848955,0.11622590571641922,0.1289416402578354,0.5338606834411621,-0.30511245131492615,0.9393234848976135,0.14620165526866913,0.5090737342834473,0.015985645353794098,0.11743831634521484,0.12949390709400177,0.5256701707839966,-0.2761550843715668,0.9130105972290039,0.13845637440681458,0.4969814121723175,0.09263583272695541,0.998673141002655,0.12115386128425598,0.4939524233341217,-0.09266266226768494,0.9987347722053528,0.13837775588035583,0.6277399659156799,0.14411130547523499,0.5988454222679138,0.1226871907711029,0.6352034211158752,-0.10941615700721741,0.9579707980155945,0.13856357336044312,0.7827894687652588,0.24389676749706268,0.8205681443214417,0.06528192013502121,0.767167866230011,-0.028744826093316078,0.9617646932601929,0.13125905394554138,0.8096761703491211,0.24864821135997772,0.8249282836914062,0.048925261944532394,0.7811563611030579,-0.02453502267599106,0.8864269852638245,0.17657089233398438,0.8103265762329102,0.19780661165714264,0.8971675038337708,0.09307911992073059,0.8270959258079529,-0.09401074051856995,0.9597741365432739,PD_Early,004_PD_01_MD.MOV
0.18398427963256836,0.2488146424293518,-0.12652471661567688,0.9964920282363892,0.18504293262958527,0.2326863557100296,-0.11649906635284424,0.992472231388092,0.18449455499649048,0.23092027008533478,-0.1165037602186203,0.9919105172157288,0.18327495455741882,0.2290971875190735,-0.11645819991827011,0.9922641515731812,0.18416939675807953,0.23190343379974365,-0.14901788532733917,0.9947065711021423,0.18277086317539215,0.2297600507736206,-0.14908109605312347,0.9953374862670898,0.18151186406612396,0.22747498750686646,-0.14918123185634613,0.9955639243125916,0.17209528386592865,0.22209610044956207,-0.055620674043893814,0.9774723052978516,0.1695353239774704,0.2204321026802063,-0.20371025800704956,0.9954791069030762,0.17683368921279907,0.25433385372161865,-0.09970469027757645,0.9934599995613098,0.17628446221351624,0.25375065207481384,-0.14266644418239594,0.9966562390327454,0.14235813915729523,0.2859939634799957,0.03935888782143593,0.9983465075492859,0.12835948169231415,0.28700968623161316,-0.25421392917633057,0.9997922778129578,0.1388108730316162,0.39852869510650635,0.07892068475484848,0.0609898716211319,0.12214811146259308,0.40240123867988586,-0.28564777970314026,0.963961124420166,0.14695121347904205,0.49636539816856384,0.030674967914819717,0.09529609233140945,0.12984605133533478,0.5105586647987366,-0.28069648146629333,0.9533519148826599,0.1494453400373459,0.5210565328598022,0.029006004333496094,0.10503346472978592,0.1295033097267151,0.5339829325675964,-0.30975446105003357,0.9413453936576843,0.1512197107076645,0.519625186920166,0.005256918724626303,0.11186882108449936,0.1327623873949051,0.5338307023048401,-0.3087528944015503,0.9403281807899475,0.14967100322246552,0.5097628235816956,0.0181227158755064,0.11314580589532852,0.13326090574264526,0.5255370736122131,-0.279031366109848,0.9126167893409729,0.14087632298469543,0.49695920944213867,0.09493773430585861,0.9987301230430603,0.1252964437007904,0.49403947591781616,-0.09497576206922531,0.9988045692443848,0.1412004977464676,0.631048858165741,0.1488608568906784,0.5882260203361511,0.12937401235103607,0.635446310043335,-0.11261803656816483,0.9605230093002319,0.13912789523601532,0.7828754782676697,0.251688688993454,0.8188778162002563,0.07324274629354477,0.7621487379074097,-0.02771819941699505,0.9637773633003235,0.13193413615226746,0.8094300031661987,0.2567611336708069,0.8223942518234253,0.05489542707800865,0.7757234573364258,-0.022996963933110237,0.8888666033744812,0.17681804299354553,0.8112467527389526,0.2061515897512436,0.8962802886962891,0.09679815173149109,0.8260613083839417,-0.09097263962030411,0.9619190692901611,PD_Early,004_PD_01_MD.MOV
0.18680499494075775,0.2488589882850647,-0.11180656403303146,0.9964210391044617,0.18788953125476837,0.232730895280838,-0.10250644385814667,0.9920279383659363,0.1870451718568802,0.23096896708011627,-0.10251502692699432,0.9913665056228638,0.18617336452007294,0.22913777828216553,-0.10247061401605606,0.9918678998947144,0.18692593276500702,0.23197750747203827,-0.1346428543329239,0.9944721460342407,0.1855601817369461,0.22985032200813293,-0.13470026850700378,0.9951541423797607,0.18428736925125122,0.2275819182395935,-0.1348067820072174,0.9953939318656921,0.174882709980011,0.22193275392055511,-0.04534869268536568,0.9749940037727356,0.17231765389442444,0.22013579308986664,-0.19167953729629517,0.9952998757362366,0.18004737794399261,0.2543494701385498,-0.08626578748226166,0.9929180145263672,0.17945100367069244,0.25377798080444336,-0.12878800928592682,0.9964703321456909,0.14312410354614258,0.28597500920295715,0.05039868503808975,0.9983201622962952,0.13164108991622925,0.2856830954551697,-0.24498650431632996,0.999809205532074,0.14358288049697876,0.3982480466365814,0.08850035071372986,0.056855764240026474,0.12538863718509674,0.3991309702396393,-0.27731984853744507,0.9652658104896545,0.14950641989707947,0.48709893226623535,0.04051762819290161,0.08953520655632019,0.1337343156337738,0.5077787041664124,-0.2723744511604309,0.9535946249961853,0.1517963409423828,0.5129677057266235,0.039425235241651535,0.099312923848629,0.13292907178401947,0.5317178964614868,-0.3002156615257263,0.9408040642738342,0.1545332819223404,0.5100130438804626,0.016977913677692413,0.10585031658411026,0.13579712808132172,0.5313364267349243,-0.2977096736431122,0.939852237701416,0.15282827615737915,0.4997311532497406,0.028385229408740997,0.10713246464729309,0.13635510206222534,0.5229641795158386,-0.2701418995857239,0.9099757075309753,0.1431039422750473,0.4968319237232208,0.09394654631614685,0.9987441301345825,0.1282709687948227,0.49407991766929626,-0.09397275745868683,0.9988338351249695,0.14478400349617004,0.6306317448616028,0.13664868474006653,0.5778435468673706,0.13448356091976166,0.6348646283149719,-0.11694938689470291,0.9622410535812378,0.1398651897907257,0.7826703190803528,0.23047219216823578,0.8163145780563354,0.0780954584479332,0.761030912399292,-0.03290233016014099,0.9651343822479248,0.13324907422065735,0.808323085308075,0.23426370322704315,0.8191432952880859,0.0597083605825901,0.7760470509529114,-0.02834026888012886,0.8898718357086182,0.1771755814552307,0.8112295269966125,0.18514898419380188,0.8948983550071716,0.1017504557967186,0.8250795602798462,-0.09405567497015,0.9635666608810425,PD_Early,004_PD_01_MD.MOV
0.1887470930814743,0.24806468188762665,-0.08472443372011185,0.9957119822502136,0.18919433653354645,0.23124085366725922,-0.07622494548559189,0.9898911118507385,0.18861041963100433,0.22945459187030792,-0.076237753033638,0.9889948964118958,0.18777580559253693,0.22767694294452667,-0.07619103789329529,0.9898220300674438,0.1883794665336609,0.23028813302516937,-0.10760419815778732,0.9930985569953918,0.18734481930732727,0.2281559258699417,-0.10765986889600754,0.9940122365951538,0.18615703284740448,0.22589540481567383,-0.1077795922756195,0.9943126440048218,0.17676571011543274,0.22126512229442596,-0.024738462641835213,0.9672870635986328,0.17446495592594147,0.21905678510665894,-0.16748100519180298,0.9942941069602966,0.18183353543281555,0.2539035975933075,-0.06132965534925461,0.9908371567726135,0.18138423562049866,0.253267377614975,-0.10278855264186859,0.9955592155456543,0.14383076131343842,0.28594937920570374,0.0655461773276329,0.998214840888977,0.13728070259094238,0.2846415638923645,-0.22433345019817352,0.9998229146003723,0.14088085293769836,0.39598381519317627,0.09889159351587296,0.052599724382162094,0.1283980906009674,0.3977091312408447,-0.25497621297836304,0.9659626483917236,0.1464931070804596,0.4873828589916229,0.052983447909355164,0.08356212079524994,0.135981947183609,0.5046185255050659,-0.24881096184253693,0.9532224535942078,0.14921189844608307,0.5132191181182861,0.0524376705288887,0.09337572008371353,0.1348719596862793,0.5302734375,-0.27474263310432434,0.9396713972091675,0.15048988163471222,0.5075507760047913,0.03143654763698578,0.0995316430926323,0.1381724625825882,0.5285162329673767,-0.27153316140174866,0.9387052059173584,0.14950305223464966,0.5005889534950256,0.04154370352625847,0.1008487343788147,0.1387295424938202,0.521005392074585,-0.24613149464130402,0.9066810011863708,0.14557811617851257,0.49687856435775757,0.09317807108163834,0.998724639415741,0.13264833390712738,0.49412405490875244,-0.09320102632045746,0.9988285303115845,0.14970152080059052,0.6304240822792053,0.1247861459851265,0.5513008832931519,0.1408574879169464,0.6343518495559692,-0.11126716434955597,0.9617949724197388,0.13942955434322357,0.7826405167579651,0.20538155734539032,0.8015632033348083,0.09034212678670883,0.7606015801429749,-0.024009810760617256,0.9639459848403931,0.1336345374584198,0.8056805729866028,0.20824988186359406,0.8076874613761902,0.07308007776737213,0.7749040126800537,-0.01903853379189968,0.8859993815422058,0.17667850852012634,0.8111703395843506,0.16293221712112427,0.8864108920097351,0.1107403114438057,0.8197102546691895,-0.09271594882011414,0.9630350470542908,PD_Early,004_PD_01_MD.MOV
0.19177652895450592,0.24750696122646332,-0.09538958221673965,0.994284451007843,0.1920965015888214,0.2301293909549713,-0.08673430979251862,0.985795259475708,0.1915716528892517,0.22852134704589844,-0.08674153685569763,0.9845229387283325,0.19029270112514496,0.22693996131420135,-0.08668886125087738,0.9856696724891663,0.19095821678638458,0.22898222506046295,-0.1177104040980339,0.990375816822052,0.18948020040988922,0.2267213612794876,-0.11776158213615417,0.9917121529579163,0.18810534477233887,0.2244565635919571,-0.11788225919008255,0.9922030568122864,0.17883868515491486,0.2212592512369156,-0.03275474160909653,0.9534884095191956,0.17588309943675995,0.2189210206270218,-0.17381557822227478,0.9923464059829712,0.1845870167016983,0.2538457214832306,-0.07094407081604004,0.9874074459075928,0.18388894200325012,0.25309452414512634,-0.1119152158498764,0.9940416216850281,0.15021096169948578,0.28672245144844055,0.05833633616566658,0.9979549646377563,0.13662417232990265,0.28524014353752136,-0.22692438960075378,0.9998349547386169,0.1438826024532318,0.3971887230873108,0.09346261620521545,0.048827122896909714,0.12782759964466095,0.3981015980243683,-0.25692838430404663,0.9675948619842529,0.1489642709493637,0.48760727047920227,0.045260727405548096,0.07850627601146698,0.13845667243003845,0.5053704977035522,-0.25099635124206543,0.9545150995254517,0.1505768895149231,0.5153384804725647,0.04569786787033081,0.08853214234113693,0.13802316784858704,0.5305245518684387,-0.27772098779678345,0.9405345916748047,0.15297609567642212,0.508190393447876,0.02233024686574936,0.09434720873832703,0.14206700026988983,0.5288839340209961,-0.27438637614250183,0.9394577741622925,0.15172883868217468,0.5013346672058105,0.03336478769779205,0.09581471234560013,0.1423066258430481,0.5214623212814331,-0.24820414185523987,0.9064270853996277,0.15039387345314026,0.5011183619499207,0.0929785966873169,0.998676061630249,0.13596290349960327,0.4985384941101074,-0.09297723323106766,0.998803973197937,0.15311531722545624,0.6311862468719482,0.14867815375328064,0.5234952569007874,0.1434113085269928,0.6365784406661987,-0.042258139699697495,0.9588683247566223,0.13893283903598785,0.7770884037017822,0.2518378794193268,0.7830951809883118,0.10519904643297195,0.7615980505943298,0.08740606904029846,0.9599656462669373,0.13288567960262299,0.7946433424949646,0.25821027159690857,0.7961528897285461,0.09143398702144623,0.7767080068588257,0.09694675356149673,0.8772896528244019,0.17470307648181915,0.8095065355300903,0.21807286143302917,0.8789572715759277,0.13214822113513947,0.816196858882904,0.040618423372507095,0.9601612091064453,PD_Early,004_PD_01_MD.MOV
0.19307225942611694,0.2464207410812378,-0.09301166236400604,0.9908453226089478,0.1928127259016037,0.22896708548069,-0.0843166783452034,0.9778002500534058,0.1922736018896103,0.22746767103672028,-0.08431976288557053,0.9765632748603821,0.1913277804851532,0.2259916216135025,-0.0842607319355011,0.9782493114471436,0.19179019331932068,0.2276705950498581,-0.11551060527563095,0.9842642545700073,0.190644308924675,0.22546492516994476,-0.11555855721235275,0.9862129092216492,0.18938322365283966,0.2232643961906433,-0.1156950369477272,0.9870175719261169,0.1803114414215088,0.22098824381828308,-0.03263149783015251,0.9332404136657715,0.17821954190731049,0.21832889318466187,-0.1742916852235794,0.9874032735824585,0.18518614768981934,0.25345367193222046,-0.06926005333662033,0.9812830090522766,0.18488816916942596,0.25251859426498413,-0.11040201038122177,0.9907523393630981,0.14801953732967377,0.287129670381546,0.05669993907213211,0.9977222084999084,0.1422748565673828,0.2850709557533264,-0.22876986861228943,0.9998430609703064,0.14047837257385254,0.3992350101470947,0.0899851992726326,0.045413315296173096,0.130979984998703,0.39836201071739197,-0.25798672437667847,0.9682539105415344,0.14699621498584747,0.494734525680542,0.02859596163034439,0.07425494492053986,0.140452578663826,0.5059021711349487,-0.2464134395122528,0.9549020528793335,0.15026919543743134,0.5198731422424316,0.026840772479772568,0.08449796587228775,0.14026440680027008,0.5320991277694702,-0.2731126844882965,0.9404502511024475,0.15192042291164398,0.5169338583946228,0.006176668219268322,0.0899157002568245,0.14446716010570526,0.5309649109840393,-0.26792117953300476,0.9392020106315613,0.1512431651353836,0.5077831149101257,0.017064692452549934,0.09141698479652405,0.1444830745458603,0.5225920677185059,-0.2428838461637497,0.9046030044555664,0.1510218232870102,0.5028953552246094,0.09255479276180267,0.9985959529876709,0.1393108069896698,0.49995875358581543,-0.09258494526147842,0.9987487196922302,0.15248771011829376,0.6326533555984497,0.16813543438911438,0.49438339471817017,0.14437617361545563,0.640484631061554,-0.019628560170531273,0.9554343819618225,0.1388058066368103,0.7745270133018494,0.28405487537384033,0.7631161212921143,0.11734387278556824,0.7739366888999939,0.11220185458660126,0.9569997787475586,0.13256892561912537,0.788077175617218,0.2916659712791443,0.7844325304031372,0.10302804410457611,0.7880933880805969,0.12187054008245468,0.8739143013954163,0.16862377524375916,0.8070411086082458,0.2504085600376129,0.8705164194107056,0.14935758709907532,0.8166013956069946,0.06307908147573471,0.9582664966583252,PD_Early,004_PD_01_MD.MOV
0.1946346014738083,0.2473117709159851,-0.0977495014667511,0.988945722579956,0.19504986703395844,0.23000743985176086,-0.08935262262821198,0.974667489528656,0.19421933591365814,0.22857888042926788,-0.08935733139514923,0.9729852676391602,0.19333483278751373,0.2272062748670578,-0.08930368721485138,0.9752559065818787,0.19365699589252472,0.22875873744487762,-0.11988633126020432,0.9821569919586182,0.19253945350646973,0.22661560773849487,-0.11993508785963058,0.9843413829803467,0.19120365381240845,0.22453519701957703,-0.12003269791603088,0.9857186675071716,0.18237954378128052,0.22186517715454102,-0.035716645419597626,0.9260737895965576,0.17971812188625336,0.21970918774604797,-0.17676332592964172,0.9857934713363647,0.18712040781974792,0.2544577419757843,-0.07337871193885803,0.9787247180938721,0.18659095466136932,0.25337451696395874,-0.11380574107170105,0.9896620512008667,0.15344278514385223,0.28763288259506226,0.05587558075785637,0.9971206188201904,0.14181558787822723,0.28724798560142517,-0.23130451142787933,0.9998446106910706,0.14390479028224945,0.40067753195762634,0.08578868210315704,0.04249432682991028,0.13117492198944092,0.40159955620765686,-0.2641492784023285,0.969618022441864,0.15142831206321716,0.49796754121780396,0.027834879234433174,0.07006306201219559,0.1412564069032669,0.5105928182601929,-0.255344420671463,0.9562665224075317,0.153531014919281,0.5207990407943726,0.026551008224487305,0.08037559688091278,0.13949547708034515,0.5377493500709534,-0.2814348638057709,0.9414594173431396,0.15597788989543915,0.518433153629303,0.005701655521988869,0.08546122908592224,0.14571687579154968,0.5358738899230957,-0.2755182683467865,0.9401438236236572,0.15533600747585297,0.5139628648757935,0.016229525208473206,0.08702483773231506,0.14659205079078674,0.5268257856369019,-0.2514611482620239,0.9050503373146057,0.14999112486839294,0.5026733875274658,0.08917298167943954,0.998177170753479,0.14146418869495392,0.5000289082527161,-0.08920887857675552,0.998471200466156,0.15407925844192505,0.6324219703674316,0.14063912630081177,0.469106525182724,0.1528651863336563,0.6378568410873413,-0.04320188984274864,0.949424147605896,0.13513782620429993,0.7739684581756592,0.22859987616539001,0.732163667678833,0.12948296964168549,0.7781108021736145,0.060008469969034195,0.9490417242050171,0.1262919008731842,0.7907984256744385,0.23266059160232544,0.7618677616119385,0.118911013007164,0.798216700553894,0.06641964614391327,0.866572916507721,0.16751618683338165,0.804577112197876,0.1875941902399063,0.8519061207771301,0.16574867069721222,0.8147544860839844,0.0032908699940890074,0.9522274732589722,PD_Early,004_PD_01_MD.MOV
0.19841551780700684,0.24808953702449799,-0.09809157997369766,0.9884604215621948,0.19891664385795593,0.23029810190200806,-0.08955197036266327,0.9739470481872559,0.19842205941677094,0.22888119518756866,-0.089554563164711,0.9719275236129761,0.19771479070186615,0.2275465726852417,-0.08949185907840729,0.9743302464485168,0.19720856845378876,0.22894300520420074,-0.12052322179079056,0.9818745255470276,0.19554336369037628,0.22673755884170532,-0.12058591842651367,0.9841615557670593,0.19395947456359863,0.224641352891922,-0.12071745097637177,0.985763430595398,0.18614599108695984,0.22219960391521454,-0.036544959992170334,0.9244296550750732,0.18286234140396118,0.21995308995246887,-0.17758651077747345,0.9858312606811523,0.19108067452907562,0.2556270658969879,-0.07402442395687103,0.9786619544029236,0.18989601731300354,0.25446853041648865,-0.11478474736213684,0.9897706508636475,0.16149203479290009,0.28838929533958435,0.05377566069364548,0.9966687560081482,0.14314836263656616,0.28870201110839844,-0.23148822784423828,0.9998531937599182,0.15496793389320374,0.4018663465976715,0.08501339703798294,0.040110137313604355,0.13290606439113617,0.40410512685775757,-0.2641388177871704,0.971474289894104,0.15876206755638123,0.4995686709880829,0.02813841961324215,0.066416896879673,0.14401625096797943,0.5152998566627502,-0.2585757076740265,0.9584140181541443,0.1600247025489807,0.5276504755020142,0.02672075293958187,0.07671581208705902,0.14210520684719086,0.5425537824630737,-0.285532146692276,0.9435896277427673,0.1621241718530655,0.5252201557159424,0.00576617568731308,0.08152245730161667,0.14860351383686066,0.5411255955696106,-0.28171926736831665,0.9421953558921814,0.16085869073867798,0.5162892937660217,0.01649346947669983,0.0831938162446022,0.14963237941265106,0.5307222008705139,-0.25545406341552734,0.9075674414634705,0.15461620688438416,0.5027526617050171,0.08682642132043839,0.9979566931724548,0.14446903765201569,0.5001187920570374,-0.086826391518116,0.9983575940132141,0.1571667492389679,0.6324366331100464,0.1230325698852539,0.4467715322971344,0.15411348640918732,0.6356042623519897,-0.048368871212005615,0.9466182589530945,0.13846726715564728,0.7743135094642639,0.20105788111686707,0.7071081399917603,0.1400700956583023,0.782261848449707,0.046523358672857285,0.9451558589935303,0.12893621623516083,0.7945777177810669,0.2040122002363205,0.7465656399726868,0.12983840703964233,0.8066245317459106,0.05286715179681778,0.8643607497215271,0.17307567596435547,0.8034845590591431,0.15623387694358826,0.838532567024231,0.17787747085094452,0.8151190876960754,-0.01053914800286293,0.9491758942604065,PD_Early,004_PD_01_MD.MOV
0.20337547361850739,0.24910777807235718,-0.08113547414541245,0.9885185956954956,0.20400458574295044,0.2312874048948288,-0.0727512463927269,0.9744107127189636,0.20346730947494507,0.22974812984466553,-0.0727524682879448,0.9723592400550842,0.20193125307559967,0.2282876968383789,-0.07268190383911133,0.9747166037559509,0.20257361233234406,0.22987230122089386,-0.10349143296480179,0.9821827411651611,0.20116539299488068,0.2272457629442215,-0.10355452448129654,0.9844749569892883,0.1991586983203888,0.22498057782649994,-0.1036902666091919,0.9861432313919067,0.19033344089984894,0.22221504151821136,-0.024801764637231827,0.9264581203460693,0.188136026263237,0.21998882293701172,-0.16408997774124146,0.986222505569458,0.19570064544677734,0.25620803236961365,-0.05936906859278679,0.9792163968086243,0.19482801854610443,0.25501301884651184,-0.099749356508255,0.9900990724563599,0.16002029180526733,0.28849220275878906,0.05825494974851608,0.9964855909347534,0.14760728180408478,0.28849413990974426,-0.22062581777572632,0.999862551689148,0.1516449749469757,0.4028412401676178,0.08638997375965118,0.03788764029741287,0.13626575469970703,0.4041318893432617,-0.25414150953292847,0.9729048609733582,0.15570665895938873,0.5042992234230042,0.035478170961141586,0.06354422867298126,0.14626267552375793,0.5152413845062256,-0.25451475381851196,0.9602994918823242,0.15693967044353485,0.5294286608695984,0.03527815267443657,0.07404418289661407,0.1429995894432068,0.5436998605728149,-0.2814854681491852,0.9456306099891663,0.15981310606002808,0.527766227722168,0.014159152284264565,0.07856149226427078,0.14929600059986115,0.5420420169830322,-0.2779894471168518,0.944180428981781,0.1579923927783966,0.5229228138923645,0.023955298587679863,0.0803024098277092,0.15058192610740662,0.5322005748748779,-0.25168105959892273,0.9101279377937317,0.1540747731924057,0.5018714666366577,0.08496267348527908,0.997771680355072,0.14687331020832062,0.4995359182357788,-0.0849306508898735,0.9982646107673645,0.15530329942703247,0.6322618126869202,0.1053009033203125,0.42428815364837646,0.15568600594997406,0.6335203647613525,-0.05459491163492203,0.9448925852775574,0.14315888285636902,0.7746080160140991,0.17016084492206573,0.6803768277168274,0.14697693288326263,0.7840136885643005,0.014490189030766487,0.9417320489883423,0.1329849809408188,0.7972409725189209,0.1715920865535736,0.7289010882377625,0.13641873002052307,0.8084347248077393,0.0166646558791399,0.8626386523246765,0.1790563464164734,0.8036566972732544,0.12470753490924835,0.8219401836395264,0.18476024270057678,0.815381646156311,-0.047032371163368225,0.9458214640617371,PD_Early,004_PD_01_MD.MOV
0.21042603254318237,0.24967747926712036,-0.08913381397724152,0.9891003370285034,0.2115592658519745,0.23134684562683105,-0.08050303161144257,0.9759043455123901,0.21114642918109894,0.22977286577224731,-0.08050338178873062,0.9739148020744324,0.21041148900985718,0.22829771041870117,-0.08043469488620758,0.9760956764221191,0.21015211939811707,0.22990670800209045,-0.11088182777166367,0.9832857251167297,0.20875483751296997,0.22735534608364105,-0.11094161868095398,0.9854266047477722,0.20711813867092133,0.22505414485931396,-0.11106579005718231,0.9870569705963135,0.19616664946079254,0.22214312851428986,-0.02972329780459404,0.9310017824172974,0.193829745054245,0.2196076661348343,-0.16595710813999176,0.9871875643730164,0.20255973935127258,0.2567586898803711,-0.06613414734601974,0.9804733991622925,0.20149636268615723,0.25571441650390625,-0.10619088262319565,0.9907668232917786,0.1661154329776764,0.28875088691711426,0.056616101413965225,0.9963217377662659,0.15114521980285645,0.2886359691619873,-0.21665695309638977,0.9998722076416016,0.15951116383075714,0.40121886134147644,0.0811791941523552,0.03554035723209381,0.1385529637336731,0.40434733033180237,-0.25180602073669434,0.9738287925720215,0.16260598599910736,0.500121533870697,0.028221556916832924,0.06029198318719864,0.1481725424528122,0.5157096982002258,-0.2543398141860962,0.9610090851783752,0.16320139169692993,0.5279781818389893,0.028438100591301918,0.0712764784693718,0.145949125289917,0.5446487069129944,-0.28165605664253235,0.946551501750946,0.16354264318943024,0.526066243648529,0.0072633675299584866,0.07543857395648956,0.1518370807170868,0.5436914563179016,-0.2777775526046753,0.9450255036354065,0.16499821841716766,0.5178812742233276,0.017120059579610825,0.07725247740745544,0.15305966138839722,0.5332277417182922,-0.25145116448402405,0.9111942648887634,0.15533854067325592,0.5024962425231934,0.08349835127592087,0.9977547526359558,0.15093033015727997,0.5003998279571533,-0.08346205204725266,0.9983184933662415,0.15465736389160156,0.6334843039512634,0.13295941054821014,0.4167795479297638,0.1610678732395172,0.6335605978965759,-0.034732986241579056,0.9474490880966187,0.14412762224674225,0.7742145657539368,0.21731166541576385,0.680839478969574,0.16211570799350739,0.7845284342765808,0.04317343607544899,0.944179356098175,0.13668407499790192,0.7969725728034973,0.22198013961315155,0.7347137331962585,0.15423980355262756,0.8067209720611572,0.046835098415613174,0.86972576379776,0.17772993445396423,0.8019772171974182,0.18455944955348969,0.822622537612915,0.20077736675739288,0.8154205083847046,-0.011641832999885082,0.9471988677978516,PD_Early,004_PD_01_MD.MOV
0.21142788231372833,0.25005409121513367,-0.10636265575885773,0.9894930720329285,0.2124289572238922,0.23136527836322784,-0.09698764234781265,0.9769710302352905,0.21194609999656677,0.22979535162448883,-0.09698913991451263,0.9749124050140381,0.21123899519443512,0.22831398248672485,-0.09692168235778809,0.9770169854164124,0.2110327184200287,0.22995935380458832,-0.12612676620483398,0.9840987324714661,0.2096724808216095,0.22743161022663116,-0.1261754333972931,0.9860755205154419,0.20778439939022064,0.22514164447784424,-0.12628522515296936,0.9877617955207825,0.19834670424461365,0.22216813266277313,-0.04152536764740944,0.9339343905448914,0.19648166000843048,0.21966364979743958,-0.17170186340808868,0.9878994822502136,0.2034703940153122,0.2571043372154236,-0.08156000822782516,0.9813734889030457,0.20246164500713348,0.2562299966812134,-0.11987430602312088,0.9912967681884766,0.16804581880569458,0.2888823449611664,0.04515274614095688,0.9961624145507812,0.15434575080871582,0.28917166590690613,-0.22072790563106537,0.9998806118965149,0.15999861061573029,0.4012337923049927,0.06995867937803268,0.033272795379161835,0.14096513390541077,0.4059761166572571,-0.25733238458633423,0.9741166830062866,0.16378344595432281,0.4989256262779236,0.014361630193889141,0.05731230229139328,0.14951582252979279,0.518444299697876,-0.26500841975212097,0.9608801603317261,0.16351601481437683,0.5276824831962585,0.012663153931498528,0.06866619735956192,0.14673739671707153,0.5462477207183838,-0.2950703799724579,0.9463931322097778,0.16413326561450958,0.525722086429596,-0.008921954780817032,0.07247791439294815,0.15274734795093536,0.5458307862281799,-0.29044803977012634,0.9447165727615356,0.16471436619758606,0.5164370536804199,0.0029884667601436377,0.07431299984455109,0.15397541224956512,0.5351409316062927,-0.26221856474876404,0.9105876684188843,0.15638072788715363,0.5038363933563232,0.08219928294420242,0.9977022409439087,0.15308384597301483,0.5015192627906799,-0.08216974139213562,0.9983675479888916,0.15386515855789185,0.6345816850662231,0.16467808187007904,0.4041755199432373,0.16588334739208221,0.6336191296577454,-0.02209237776696682,0.9487377405166626,0.14369221031665802,0.7741574645042419,0.27196842432022095,0.6767309308052063,0.17597201466560364,0.7847234010696411,0.06940178573131561,0.9449598789215088,0.13669386506080627,0.7971820831298828,0.27891647815704346,0.7359884977340698,0.16951631009578705,0.806563138961792,0.07478577643632889,0.8738134503364563,0.1741279810667038,0.8003852367401123,0.2390982210636139,0.8202635049819946,0.21345080435276031,0.813433825969696,0.015225781127810478,0.9468871355056763,PD_Early,004_PD_01_MD.MOV
0.21101804077625275,0.25068849325180054,-0.10580873489379883,0.9900627732276917,0.2120356261730194,0.231935054063797,-0.09659851342439651,0.9782993197441101,0.21158525347709656,0.23021267354488373,-0.09659895300865173,0.9763008952140808,0.21086464822292328,0.2286585420370102,-0.09653038531541824,0.9782764315605164,0.21085050702095032,0.2304852306842804,-0.12604907155036926,0.9850412011146545,0.20971179008483887,0.22803643345832825,-0.12609876692295074,0.9868806004524231,0.2083486169576645,0.22580768167972565,-0.1262090653181076,0.9885308146476746,0.19941924512386322,0.2223852425813675,-0.042257606983184814,0.9374163746833801,0.19727154076099396,0.22058196365833282,-0.17293651401996613,0.9886226654052734,0.2034200131893158,0.2579324543476105,-0.08136136829853058,0.9824013113975525,0.2027171403169632,0.25713473558425903,-0.12011060118675232,0.991845965385437,0.16580531001091003,0.28891628980636597,0.04438583552837372,0.9961408376693726,0.1585303097963333,0.2894268035888672,-0.22100165486335754,0.999889075756073,0.15822596848011017,0.4017448425292969,0.06946901232004166,0.03157835081219673,0.14432480931282043,0.40638530254364014,-0.2614341974258423,0.9746677875518799,0.16216962039470673,0.502497136592865,0.017173707485198975,0.05534536764025688,0.15128163993358612,0.5194852948188782,-0.2675068974494934,0.9614040851593018,0.1612413227558136,0.530354917049408,0.016080429777503014,0.06702879071235657,0.14789102971553802,0.5465927124023438,-0.2978927791118622,0.9470979571342468,0.16243086755275726,0.5297298431396484,-0.005720734130591154,0.07051217555999756,0.15371264517307281,0.5467416644096375,-0.2929275333881378,0.9452875256538391,0.16295114159584045,0.5197053551673889,0.00569547712802887,0.07237710058689117,0.15503250062465668,0.5363694429397583,-0.2645288407802582,0.9110782742500305,0.1568138301372528,0.5042616128921509,0.08264551311731339,0.9977257251739502,0.1545737385749817,0.5020824670791626,-0.08262622356414795,0.9984488487243652,0.15265457332134247,0.6344225406646729,0.16831165552139282,0.3985942304134369,0.16684970259666443,0.6336426734924316,-0.03281683474779129,0.9517827033996582,0.14416629076004028,0.7740423679351807,0.2737608551979065,0.6802229881286621,0.17814534902572632,0.7844467759132385,0.06229217350482941,0.9477340579032898,0.13651350140571594,0.7974584698677063,0.2802419364452362,0.7400202751159668,0.17077729105949402,0.8077702522277832,0.07378290593624115,0.8796456456184387,0.17262862622737885,0.7991506457328796,0.2400650978088379,0.8231349587440491,0.2162543088197708,0.8120120763778687,0.009729316458106041,0.94887375831604,PD_Early,004_PD_01_MD.MOV
0.21187591552734375,0.25031426548957825,-0.10561876744031906,0.9906231760978699,0.2121768742799759,0.23067225515842438,-0.09650532156229019,0.9795505404472351,0.211703360080719,0.22891190648078918,-0.09650630503892899,0.9775619506835938,0.21098746359348297,0.227279931306839,-0.09643793106079102,0.9794119000434875,0.2110782414674759,0.22929394245147705,-0.12593723833560944,0.9859727025032043,0.21002744138240814,0.22688454389572144,-0.12598778307437897,0.987688422203064,0.2088271528482437,0.22467687726020813,-0.126099094748497,0.9892987608909607,0.20074062049388885,0.22206233441829681,-0.042318250983953476,0.9405321478843689,0.19876694679260254,0.22026106715202332,-0.17371220886707306,0.9893271923065186,0.20498140156269073,0.25784972310066223,-0.08131558448076248,0.9834349751472473,0.2042485922574997,0.25710341334342957,-0.12004482001066208,0.99240642786026,0.17058099806308746,0.2889035940170288,0.04438517242670059,0.9960744380950928,0.16058655083179474,0.28944602608680725,-0.2215220332145691,0.999897301197052,0.16424672305583954,0.4017626643180847,0.07058835029602051,0.030085522681474686,0.14834466576576233,0.40633437037467957,-0.260515958070755,0.9751966595649719,0.16663411259651184,0.5022220611572266,0.017257923260331154,0.053446587175130844,0.15395082533359528,0.5197181701660156,-0.2665128707885742,0.9616374373435974,0.16649077832698822,0.5299975872039795,0.015376303344964981,0.06543522328138351,0.15073928236961365,0.5464686155319214,-0.29612141847610474,0.9473266005516052,0.16846132278442383,0.5291038155555725,-0.006288076750934124,0.06865990906953812,0.15694911777973175,0.5471009612083435,-0.29228675365448,0.9453641772270203,0.16779205203056335,0.5191817879676819,0.005751720629632473,0.07060999423265457,0.15795612335205078,0.5370568633079529,-0.26383712887763977,0.91112220287323,0.15969218313694,0.5038087964057922,0.08131171017885208,0.9976426362991333,0.15721495449543,0.5019094347953796,-0.08127880841493607,0.9985126852989197,0.1528099924325943,0.6333870887756348,0.16416750848293304,0.386692076921463,0.1706385314464569,0.6327412128448486,-0.03299480676651001,0.9533416032791138,0.143685445189476,0.7736572027206421,0.26772603392601013,0.6729102730751038,0.18070721626281738,0.7848194241523743,0.014937409199774265,0.9486092329025269,0.13619022071361542,0.7976076006889343,0.27409616112709045,0.7370319366455078,0.17303137481212616,0.8079705238342285,0.016766762360930443,0.8828644156455994,0.1714063137769699,0.7986076474189758,0.2343980371952057,0.8188356757164001,0.21796704828739166,0.8123900294303894,-0.048585548996925354,0.9487016797065735,PD_Early,004_PD_01_MD.MOV
0.21436284482479095,0.24989844858646393,-0.0994139015674591,0.9909568428993225,0.21426816284656525,0.2295154184103012,-0.08993443101644516,0.9802965521812439,0.21375465393066406,0.22775864601135254,-0.08994361758232117,0.9782600402832031,0.21303211152553558,0.22610855102539062,-0.08987382054328918,0.9800205826759338,0.21341533958911896,0.2283163070678711,-0.11953501403331757,0.9865840077400208,0.21249696612358093,0.22601580619812012,-0.11957797408103943,0.9882112145423889,0.21147844195365906,0.22388674318790436,-0.11969015747308731,0.9898021817207336,0.20232358574867249,0.22186365723609924,-0.0356014259159565,0.9416608214378357,0.2017526626586914,0.2200959473848343,-0.16959993541240692,0.9896665811538696,0.20757465064525604,0.2577895224094391,-0.0752708911895752,0.984025239944458,0.2070949673652649,0.25709229707717896,-0.11420045047998428,0.992761492729187,0.1731761246919632,0.28890207409858704,0.0508277453482151,0.995999276638031,0.16482987999916077,0.289500892162323,-0.21951182186603546,0.999903678894043,0.16779735684394836,0.40173977613449097,0.07505417615175247,0.02873249538242817,0.15342000126838684,0.4056888520717621,-0.25895199179649353,0.9749674797058105,0.16950204968452454,0.5021483898162842,0.020004648715257645,0.051888469606637955,0.15735551714897156,0.5187628865242004,-0.26584047079086304,0.9610527753829956,0.16922953724861145,0.5296324491500854,0.017732921987771988,0.06406006217002869,0.15519526600837708,0.5455020666122437,-0.29526185989379883,0.9467713236808777,0.17147378623485565,0.5286319851875305,-0.0040239072404801846,0.06706546247005463,0.15959733724594116,0.5464749336242676,-0.2917727530002594,0.9446280002593994,0.1707373559474945,0.5188374519348145,0.008367947302758694,0.06902693957090378,0.1607765555381775,0.5366745591163635,-0.26325562596321106,0.9097594618797302,0.1628081500530243,0.5029411315917969,0.08160743117332458,0.9974966645240784,0.16295747458934784,0.501735508441925,-0.08157581835985184,0.998559296131134,0.1537567675113678,0.6316134929656982,0.17264489829540253,0.3786846101284027,0.17471729218959808,0.6313378810882568,-0.050837598741054535,0.9551108479499817,0.14334462583065033,0.7732341885566711,0.2822192311286926,0.6701793074607849,0.18486790359020233,0.7865591049194336,-0.0073953671380877495,0.9504421353340149,0.13592535257339478,0.7976409792900085,0.28925859928131104,0.7365713715553284,0.17668375372886658,0.8084543943405151,-0.007136371452361345,0.8872906565666199,0.1708405613899231,0.798572838306427,0.24900296330451965,0.817457914352417,0.2205204963684082,0.8155354261398315,-0.07594373822212219,0.9497524499893188,PD_Early,004_PD_01_MD.MOV
0.2180207520723343,0.2497083842754364,-0.0873999148607254,0.9911867380142212,0.2179509550333023,0.22901864349842072,-0.07781229168176651,0.9809092879295349,0.2174878865480423,0.22722391784191132,-0.07783125340938568,0.9788921475410461,0.21686039865016937,0.22554603219032288,-0.07776223123073578,0.9805929660797119,0.2172613888978958,0.22802060842514038,-0.10808062553405762,0.9869881868362427,0.21645958721637726,0.22579418122768402,-0.10811968147754669,0.9885219931602478,0.2155836671590805,0.22372987866401672,-0.10823115706443787,0.9901008605957031,0.20575173199176788,0.22168435156345367,-0.025610577315092087,0.9428110718727112,0.20561937987804413,0.22006388008594513,-0.16298453509807587,0.9897738695144653,0.21114499866962433,0.25772804021835327,-0.06418464332818985,0.9844096899032593,0.21085074543952942,0.2570688724517822,-0.10399142652750015,0.9929632544517517,0.17258940637111664,0.2902728021144867,0.05880310758948326,0.996070384979248,0.17018531262874603,0.29102393984794617,-0.21580582857131958,0.9999080300331116,0.16737677156925201,0.4018000364303589,0.082505002617836,0.027568811550736427,0.1554764360189438,0.4052407443523407,-0.2556881308555603,0.9737236499786377,0.16933421790599823,0.5019493699073792,0.028762347996234894,0.051271792501211166,0.1622888594865799,0.5176778435707092,-0.26472195982933044,0.9598501324653625,0.16833730041980743,0.5297815203666687,0.026585590094327927,0.06388138234615326,0.1597900241613388,0.5440384149551392,-0.29470008611679077,0.9456645250320435,0.17021536827087402,0.5285272598266602,0.004012129735201597,0.06672318279743195,0.16289392113685608,0.544805645942688,-0.2916947901248932,0.9434005618095398,0.1698017120361328,0.5189721584320068,0.016745729371905327,0.06859295815229416,0.1637219339609146,0.5353434085845947,-0.2622374892234802,0.9075564742088318,0.16399899125099182,0.5036495327949524,0.08304250985383987,0.997446596622467,0.16743339598178864,0.5032249093055725,-0.08303200453519821,0.9986045360565186,0.15515534579753876,0.6315493583679199,0.18270884454250336,0.3735294044017792,0.17836660146713257,0.6308895349502563,-0.05570242181420326,0.9570596814155579,0.14352181553840637,0.7732535600662231,0.3002031743526459,0.6708003878593445,0.18648065626621246,0.7870824933052063,-0.0018230973510071635,0.9525078535079956,0.13596710562705994,0.7977129817008972,0.30782610177993774,0.7380170226097107,0.178420290350914,0.8080531358718872,-0.0003408430493436754,0.8916991949081421,0.1709170788526535,0.7987250685691833,0.26680582761764526,0.8178632259368896,0.22162100672721863,0.8192247152328491,-0.06741146743297577,0.9512827396392822,PD_Early,004_PD_01_MD.MOV
0.22066368162631989,0.2489476203918457,-0.09608295559883118,0.9909409880638123,0.22035115957260132,0.22778533399105072,-0.08578990399837494,0.9803126454353333,0.2198653668165207,0.22600817680358887,-0.0858086496591568,0.9780416488647461,0.21923284232616425,0.2243269383907318,-0.0857391357421875,0.979834794998169,0.21963371336460114,0.22696414589881897,-0.11683956533670425,0.9868023991584778,0.21880106627941132,0.22485925257205963,-0.11686960607767105,0.9883491396903992,0.2179052233695984,0.22288060188293457,-0.1169901192188263,0.9900583028793335,0.20849277079105377,0.22111742198467255,-0.027440518140792847,0.9399116039276123,0.20813575387001038,0.21989263594150543,-0.16899141669273376,0.9895081520080566,0.21401076018810272,0.2571781575679779,-0.07052214443683624,0.9840920567512512,0.21362733840942383,0.25674691796302795,-0.1112208366394043,0.9929583668708801,0.17801383137702942,0.2900846302509308,0.0566529780626297,0.9958884119987488,0.17143239080905914,0.2909913659095764,-0.21915258467197418,0.9999122023582458,0.17369094491004944,0.4017903208732605,0.08261185139417648,0.026211123913526535,0.15928047895431519,0.40522870421409607,-0.2604212164878845,0.9739699959754944,0.17788265645503998,0.5011469721794128,0.028438188135623932,0.04967199265956879,0.16399416327476501,0.5177213549613953,-0.2679423391819,0.9600142240524292,0.17836181819438934,0.5293335318565369,0.026381028816103935,0.06252254545688629,0.16237381100654602,0.5440489649772644,-0.2980974018573761,0.9459094405174255,0.18103617429733276,0.5283935070037842,0.0039043298456817865,0.06515895575284958,0.167329803109169,0.5448355674743652,-0.2948489189147949,0.9434871673583984,0.17993620038032532,0.5185356736183167,0.016477975994348526,0.0670304223895073,0.16822485625743866,0.5357184410095215,-0.2654806673526764,0.9074169397354126,0.17064453661441803,0.5030217170715332,0.08317674696445465,0.9972928166389465,0.17157898843288422,0.5026193857192993,-0.08317769318819046,0.9986068606376648,0.15944340825080872,0.6308544278144836,0.17591029405593872,0.3696652054786682,0.18194937705993652,0.6307764649391174,-0.04899691045284271,0.9576813578605652,0.14340145885944366,0.7739319205284119,0.28712907433509827,0.6696969866752625,0.18649908900260925,0.7878328561782837,0.011317369528114796,0.9534029364585876,0.13592594861984253,0.7977293729782104,0.29439857602119446,0.7394137978553772,0.17857235670089722,0.8083249926567078,0.012594848871231079,0.8948075175285339,0.17088864743709564,0.7981268763542175,0.2533145546913147,0.8179771304130554,0.22435921430587769,0.821384608745575,-0.06005052849650383,0.9517015218734741,PD_Early,004_PD_01_MD.MOV
0.22539545595645905,0.24731457233428955,-0.10177697986364365,0.9895911812782288,0.22497548162937164,0.22576221823692322,-0.09151127189397812,0.9776524305343628,0.22426477074623108,0.22387491166591644,-0.09152255207300186,0.9746628999710083,0.2235962599515915,0.22210633754730225,-0.0914541706442833,0.977098286151886,0.22404813766479492,0.22506551444530487,-0.12277700006961823,0.9852042198181152,0.22315098345279694,0.22295530140399933,-0.12281519919633865,0.9867675304412842,0.22222372889518738,0.22074590623378754,-0.12294767051935196,0.9889890551567078,0.21343527734279633,0.2189277708530426,-0.032760269939899445,0.9316183924674988,0.21190163493156433,0.2183915674686432,-0.17572681605815887,0.9879512190818787,0.21864233911037445,0.2551949620246887,-0.07600236684083939,0.9817342758178711,0.2181447148323059,0.2549341320991516,-0.11699093878269196,0.9919955134391785,0.18308420479297638,0.2892320156097412,0.053823091089725494,0.9955350160598755,0.17458441853523254,0.2904750108718872,-0.22450606524944305,0.9999110698699951,0.1790953278541565,0.4015646278858185,0.07991521060466766,0.024691913276910782,0.16369874775409698,0.4052448868751526,-0.2632772624492645,0.9732233881950378,0.18371059000492096,0.5009472966194153,0.02504551224410534,0.04762071371078491,0.16830945014953613,0.5177345275878906,-0.2672341465950012,0.958965539932251,0.1848401129245758,0.5292348861694336,0.023719988763332367,0.060528915375471115,0.16739939153194427,0.5454316139221191,-0.2971477508544922,0.944642961025238,0.18706628680229187,0.528416633605957,0.0011057486990466714,0.06296659260988235,0.17316602170467377,0.5463117361068726,-0.29426848888397217,0.9419741034507751,0.1858403980731964,0.5185901522636414,0.013028005138039589,0.06485026329755783,0.17399613559246063,0.5364778637886047,-0.264810711145401,0.9050131440162659,0.17823974788188934,0.5018531084060669,0.08327211439609528,0.9969357252120972,0.1768302023410797,0.5020214915275574,-0.08328203856945038,0.9984440803527832,0.16765254735946655,0.6299741864204407,0.1724315732717514,0.3496926724910736,0.18629877269268036,0.630190908908844,-0.04125974699854851,0.9515769481658936,0.15495352447032928,0.7737486362457275,0.2797369360923767,0.6409457325935364,0.1856338381767273,0.7877933979034424,0.03933239355683327,0.9465382099151611,0.14037111401557922,0.7948267459869385,0.2859465777873993,0.7219803929328918,0.1774032860994339,0.8081109523773193,0.04357721656560898,0.8895226120948792,0.17618335783481598,0.7979797720909119,0.24273648858070374,0.7980287075042725,0.22136364877223969,0.8233240842819214,-0.01977984979748726,0.9447444677352905,PD_Early,004_PD_01_MD.MOV
0.22725725173950195,0.24667564034461975,-0.10735910385847092,0.9891250133514404,0.2267555296421051,0.2253991961479187,-0.0966273620724678,0.9768742918968201,0.22615079581737518,0.22350166738033295,-0.09664176404476166,0.9738423228263855,0.22543081641197205,0.22172531485557556,-0.09657859802246094,0.9764977097511292,0.22607165575027466,0.2247857302427292,-0.12735043466091156,0.9845207333564758,0.22522816061973572,0.2227189838886261,-0.12738630175590515,0.9860628843307495,0.2243329882621765,0.22062918543815613,-0.1275050938129425,0.9884639978408813,0.21428066492080688,0.21856200695037842,-0.037814829498529434,0.9298036098480225,0.21398597955703735,0.21821783483028412,-0.17804816365242004,0.987068235874176,0.22036586701869965,0.25441592931747437,-0.08169248700141907,0.9811142683029175,0.2197180688381195,0.25436368584632874,-0.12190531939268112,0.9916694164276123,0.1811240166425705,0.2899828255176544,0.04896591231226921,0.9954988956451416,0.17949651181697845,0.29193034768104553,-0.22572040557861328,0.9999087452888489,0.1766039878129959,0.40388023853302,0.06853839755058289,0.024122200906276703,0.1689242273569107,0.4079011082649231,-0.26359114050865173,0.9715256094932556,0.17894382774829865,0.5033193230628967,0.011628938838839531,0.04737212881445885,0.17400962114334106,0.5177100300788879,-0.2670181095600128,0.9560756087303162,0.17906710505485535,0.5302041172981262,0.007988463155925274,0.060731709003448486,0.17149433493614197,0.5450471639633179,-0.29672086238861084,0.9414767026901245,0.1811976283788681,0.5298020839691162,-0.012977960519492626,0.062961645424366,0.17620012164115906,0.5458211898803711,-0.2934980094432831,0.9385619759559631,0.18073025345802307,0.5199332237243652,0.00020193151431158185,0.0646967664361,0.17674760520458221,0.5364094972610474,-0.2646009027957916,0.8999609351158142,0.17725473642349243,0.5018941164016724,0.08457581698894501,0.9968830943107605,0.1796470284461975,0.502185583114624,-0.08461525291204453,0.9984176158905029,0.1688198447227478,0.6319473385810852,0.1718517243862152,0.3472176790237427,0.1904035061597824,0.632553219795227,-0.039604172110557556,0.9520923495292664,0.1520470827817917,0.773772120475769,0.2800825536251068,0.6434494256973267,0.1873316913843155,0.7879658341407776,0.040968041867017746,0.9476746916770935,0.13928984105587006,0.7949687242507935,0.28681036829948425,0.7255211472511292,0.17994298040866852,0.8083665370941162,0.04504271596670151,0.8926452398300171,0.1761658936738968,0.7980772256851196,0.24478907883167267,0.7997713685035706,0.22506843507289886,0.8246703743934631,-0.019542289897799492,0.9452456831932068,PD_Early,004_PD_01_MD.MOV
0.2318560779094696,0.24651268124580383,-0.10859809815883636,0.9868031740188599,0.23183049261569977,0.22533342242240906,-0.09811046719551086,0.9728246927261353,0.2309366911649704,0.2233862429857254,-0.09812517464160919,0.9693555235862732,0.23022262752056122,0.2215462028980255,-0.09806223958730698,0.9728372693061829,0.2311011701822281,0.22475947439670563,-0.12930746376514435,0.9815762042999268,0.22996164858341217,0.22267474234104156,-0.1293509304523468,0.9832906126976013,0.2290349155664444,0.2205887883901596,-0.12947902083396912,0.9864118695259094,0.21930798888206482,0.21791350841522217,-0.04152994602918625,0.919242799282074,0.21795831620693207,0.21774788200855255,-0.1837964653968811,0.9841184616088867,0.22433795034885406,0.2541484832763672,-0.08363793045282364,0.9770640730857849,0.2239372432231903,0.2541719079017639,-0.12450511753559113,0.9898090362548828,0.1854146420955658,0.29011592268943787,0.045123614370822906,0.9950686693191528,0.18191485106945038,0.29281947016716003,-0.23223081231117249,0.999904215335846,0.1800944209098816,0.4041997790336609,0.06533866375684738,0.02266469970345497,0.17104071378707886,0.4104515612125397,-0.267120361328125,0.9696903228759766,0.1817527711391449,0.5052551627159119,0.011082233861088753,0.045104723423719406,0.17915748059749603,0.5191547870635986,-0.2671947479248047,0.9536362886428833,0.18354128301143646,0.5326600670814514,0.00841634999960661,0.05840619280934334,0.1781952977180481,0.5467047691345215,-0.2964167594909668,0.9388077259063721,0.1855543702840805,0.532642126083374,-0.012278194539248943,0.06047428771853447,0.18289265036582947,0.547491729259491,-0.2929433286190033,0.935704231262207,0.18530318140983582,0.5220963358879089,-0.0003163135552313179,0.06215265393257141,0.1831822395324707,0.5373611450195312,-0.2645670771598816,0.8954535722732544,0.18305149674415588,0.5023070573806763,0.08462055027484894,0.9964699149131775,0.18312521278858185,0.5033226609230042,-0.08466080576181412,0.9982823133468628,0.1760587841272354,0.6330495476722717,0.16942767798900604,0.331317663192749,0.1921849250793457,0.6332782506942749,-0.04095476120710373,0.9465961456298828,0.1540076583623886,0.7742487788200378,0.27703678607940674,0.6216196417808533,0.18734528124332428,0.7880581021308899,0.034187912940979004,0.9412122964859009,0.13879208266735077,0.7947399020195007,0.2838069498538971,0.7107381820678711,0.18014702200889587,0.8087283372879028,0.037525903433561325,0.8877248764038086,0.17828984558582306,0.7981455326080322,0.24254466593265533,0.7847495675086975,0.22726140916347504,0.8251943588256836,-0.026795515790581703,0.9390769600868225,PD_Early,004_PD_01_MD.MOV
0.23047369718551636,0.24630339443683624,-0.12353142350912094,0.9856916069984436,0.230324849486351,0.22544525563716888,-0.11269598454236984,0.9705883264541626,0.22965773940086365,0.22351476550102234,-0.1126992329955101,0.9668771028518677,0.22891351580619812,0.22168466448783875,-0.11264099925756454,0.9707728028297424,0.22970543801784515,0.22486376762390137,-0.14431142807006836,0.9802500605583191,0.2288185954093933,0.22276164591312408,-0.14435681700706482,0.9821481108665466,0.22793294489383698,0.22063682973384857,-0.14447908103466034,0.985567033290863,0.21828342974185944,0.21794381737709045,-0.05293947830796242,0.9134765267372131,0.21791499853134155,0.21783281862735748,-0.19607755541801453,0.982780396938324,0.22320927679538727,0.2539301812648773,-0.09693238139152527,0.9748876690864563,0.22295355796813965,0.2539663314819336,-0.13826864957809448,0.9889065623283386,0.186952143907547,0.2899232506752014,0.041583456099033356,0.9946519136428833,0.18311172723770142,0.2929002046585083,-0.24549296498298645,0.9999033808708191,0.18408775329589844,0.4036182463169098,0.06480064243078232,0.021569380536675453,0.1738467961549759,0.41061460971832275,-0.2807437777519226,0.9694679379463196,0.1860649734735489,0.5052006840705872,0.010750043205916882,0.04310121759772301,0.1819424033164978,0.5194926857948303,-0.27782896161079407,0.9526156187057495,0.18775534629821777,0.5325455665588379,0.009086324833333492,0.05631605163216591,0.18170902132987976,0.5468036532402039,-0.3073035180568695,0.9374625086784363,0.18928728997707367,0.5321927666664124,-0.011971209198236465,0.058177947998046875,0.18613915145397186,0.5474319458007812,-0.3025522828102112,0.934209942817688,0.18920806050300598,0.5218973755836487,-0.0007569220033474267,0.059770938009023666,0.18629883229732513,0.5373750329017639,-0.2747212052345276,0.8928487300872803,0.18508261442184448,0.5003612637519836,0.0876673012971878,0.9962578415870667,0.18546204268932343,0.5025603175163269,-0.08774066716432571,0.9982224106788635,0.17955739796161652,0.633290708065033,0.17679545283317566,0.3323882520198822,0.19890038669109344,0.6338871717453003,-0.03579529747366905,0.9471765756607056,0.1524619460105896,0.7735739946365356,0.2915116846561432,0.6211589574813843,0.1897856444120407,0.790459394454956,0.05103379115462303,0.9426035284996033,0.13847729563713074,0.7917162179946899,0.29936689138412476,0.7105512619018555,0.18297317624092102,0.8099722862243652,0.055904168635606766,0.8906958103179932,0.17806889116764069,0.7976928353309631,0.26007214188575745,0.785393238067627,0.2286762297153473,0.8248355388641357,-0.008237775415182114,0.9401059746742249,PD_Early,004_PD_01_MD.MOV
0.23037591576576233,0.24633978307247162,-0.12778127193450928,0.9855429530143738,0.23024673759937286,0.22639060020446777,-0.11742346733808517,0.9700525403022766,0.2296682447195053,0.2244788408279419,-0.11742624640464783,0.9664072394371033,0.22893980145454407,0.22260260581970215,-0.11737072467803955,0.9703462719917297,0.2296442836523056,0.22608831524848938,-0.1488928645849228,0.9800940752029419,0.2288283407688141,0.22422173619270325,-0.14893889427185059,0.982157826423645,0.22777768969535828,0.22234193980693817,-0.14905327558517456,0.9855647087097168,0.21847526729106903,0.21858400106430054,-0.05854251608252525,0.9124047756195068,0.21827158331871033,0.2187810242176056,-0.20078137516975403,0.9825943112373352,0.22343704104423523,0.25393423438072205,-0.10140599310398102,0.9743950963020325,0.22316867113113403,0.2539701461791992,-0.14253047108650208,0.9887568950653076,0.1886119842529297,0.2887290418148041,0.037181660532951355,0.9944707155227661,0.18382497131824493,0.2937502861022949,-0.24775877594947815,0.9999043345451355,0.18664135038852692,0.402084082365036,0.0645645409822464,0.02091999538242817,0.17588196694850922,0.41185781359672546,-0.28170740604400635,0.9699767827987671,0.19180531799793243,0.5032978653907776,0.011955564841628075,0.04196662828326225,0.1843821406364441,0.5207525491714478,-0.27970370650291443,0.9528971910476685,0.19195552170276642,0.5309326648712158,0.010730394162237644,0.055380672216415405,0.18391050398349762,0.5470593571662903,-0.3087643086910248,0.9377152323722839,0.19293007254600525,0.531615674495697,-0.010655175894498825,0.05706743523478508,0.18787029385566711,0.5476000905036926,-0.3047688603401184,0.9344417452812195,0.19289012253284454,0.5213369727134705,0.00038034829776734114,0.05857594311237335,0.18811479210853577,0.5377066731452942,-0.2768985331058502,0.892873227596283,0.18694132566452026,0.49841806292533875,0.08789755403995514,0.9961290955543518,0.1869194656610489,0.5017961263656616,-0.08796902000904083,0.9981917142868042,0.18423272669315338,0.6332620978355408,0.1739179939031601,0.34489017724990845,0.2022562325000763,0.6343006491661072,-0.03804541006684303,0.9491568803787231,0.15161916613578796,0.7732719779014587,0.2857993543148041,0.6309846639633179,0.191263347864151,0.7909278869628906,0.04421647638082504,0.9449629783630371,0.1381872594356537,0.7904356122016907,0.2928435206413269,0.7164891362190247,0.18368574976921082,0.8105403780937195,0.04842380806803703,0.8944041728973389,0.17714501917362213,0.7977249026298523,0.251169890165329,0.7916989922523499,0.22973115742206573,0.8246042132377625,-0.015940533950924873,0.9421479105949402,PD_Early,004_PD_01_MD.MOV
0.2314971536397934,0.24618296325206757,-0.13372257351875305,0.9861135482788086,0.23138001561164856,0.22647689282894135,-0.12391985207796097,0.971010684967041,0.2308252453804016,0.2245827466249466,-0.12391414493322372,0.9674860835075378,0.23008757829666138,0.222701758146286,-0.12385823577642441,0.971341073513031,0.23076553642749786,0.22623451054096222,-0.15556098520755768,0.98091059923172,0.22996529936790466,0.22443349659442902,-0.15561062097549438,0.9829565286636353,0.22881531715393066,0.22261781990528107,-0.1557191163301468,0.9861793518066406,0.21998919546604156,0.21860824525356293,-0.06454172730445862,0.914734959602356,0.2196946144104004,0.21878589689731598,-0.20775073766708374,0.9831421971321106,0.22474513947963715,0.25338706374168396,-0.10693389922380447,0.9752269387245178,0.22443433105945587,0.2533401846885681,-0.14837521314620972,0.9891297221183777,0.19199785590171814,0.28713303804397583,0.03352814540266991,0.9945377111434937,0.18522672355175018,0.29367795586586,-0.2531362771987915,0.999907374382019,0.1945268213748932,0.3989432454109192,0.0656534731388092,0.02133682370185852,0.17743134498596191,0.4117927849292755,-0.2857098877429962,0.9706327319145203,0.2009446918964386,0.49470382928848267,0.013024911284446716,0.04306543245911598,0.18696096539497375,0.5206636190414429,-0.2854137718677521,0.9537891745567322,0.2054305374622345,0.5234007835388184,0.0110164238139987,0.056923456490039825,0.18751755356788635,0.5470409393310547,-0.3140850067138672,0.9387842416763306,0.20758329331874847,0.529754102230072,-0.009750047698616982,0.05856757238507271,0.1917465776205063,0.5475699305534363,-0.3115352988243103,0.9355576634407043,0.20599029958248138,0.5197663307189941,0.001492653856985271,0.060007110238075256,0.19180487096309662,0.5375608205795288,-0.283029705286026,0.8941503167152405,0.19132709503173828,0.4969858229160309,0.08840098232030869,0.9960910081863403,0.189595565199852,0.5006927847862244,-0.08846890181303024,0.9982037544250488,0.19164793193340302,0.6332347989082336,0.17244504392147064,0.35738879442214966,0.2060035914182663,0.6367718577384949,-0.04295254498720169,0.9507517218589783,0.1535484343767166,0.7723523378372192,0.2821803689002991,0.639589786529541,0.1919076144695282,0.792751133441925,0.03171459212899208,0.9471430778503418,0.140772745013237,0.7867555618286133,0.2892340123653412,0.7226220965385437,0.18477515876293182,0.8119321465492249,0.034914374351501465,0.8976197242736816,0.18134698271751404,0.7975424528121948,0.24827717244625092,0.7972621321678162,0.22910533845424652,0.8244222402572632,-0.032745011150836945,0.9441385865211487,PD_Early,004_PD_01_MD.MOV
0.23271283507347107,0.24600866436958313,-0.13556768000125885,0.9865638613700867,0.23240582644939423,0.22654247283935547,-0.12599661946296692,0.971643328666687,0.23186258971691132,0.22466915845870972,-0.12598666548728943,0.968117892742157,0.23093844950199127,0.22280535101890564,-0.12592436373233795,0.9719695448875427,0.231759175658226,0.22628439962863922,-0.15846918523311615,0.981608510017395,0.23081070184707642,0.22448036074638367,-0.15852227807044983,0.9836345314979553,0.22976350784301758,0.2226540446281433,-0.15864112973213196,0.9867141246795654,0.2213793843984604,0.21862803399562836,-0.06642568856477737,0.9157559275627136,0.21991389989852905,0.21878165006637573,-0.21357984840869904,0.983565628528595,0.2260066419839859,0.2530442476272583,-0.1085224375128746,0.9757533073425293,0.22564291954040527,0.2527875602245331,-0.1511109322309494,0.989400327205658,0.19615738093852997,0.2865143418312073,0.03322382643818855,0.994514524936676,0.1849527806043625,0.2921398878097534,-0.2605900764465332,0.9999100565910339,0.1987036019563675,0.39634969830513,0.06680957227945328,0.021296555176377296,0.17830340564250946,0.4111233353614807,-0.29600968956947327,0.9715820550918579,0.20571908354759216,0.4934341311454773,0.016722114756703377,0.04328891262412071,0.1887943148612976,0.5191642045974731,-0.29603299498558044,0.9549196362495422,0.21055592596530914,0.5199140310287476,0.01681588403880596,0.057361751794815063,0.19026757776737213,0.5446312427520752,-0.3252856433391571,0.9399890899658203,0.2114371657371521,0.5242447257041931,-0.006457644514739513,0.05900886282324791,0.19447848200798035,0.5443382263183594,-0.32191336154937744,0.9367746710777283,0.20982439815998077,0.5146440863609314,0.004465595353394747,0.06039232015609741,0.19430671632289886,0.5347288846969604,-0.29326117038726807,0.8953819274902344,0.19798874855041504,0.4961826503276825,0.09075141698122025,0.9960418939590454,0.19262483716011047,0.4992007911205292,-0.09083198755979538,0.9982088804244995,0.19731618463993073,0.633115291595459,0.17654578387737274,0.366488516330719,0.20859473943710327,0.6382617950439453,-0.045501526445150375,0.9522764086723328,0.16196900606155396,0.7709358334541321,0.29089346528053284,0.644027590751648,0.19163551926612854,0.7935102581977844,0.03023642674088478,0.9493419528007507,0.15070056915283203,0.7844027876853943,0.298493355512619,0.7262218594551086,0.18296581506729126,0.8121320009231567,0.033395905047655106,0.9010941982269287,0.1929546296596527,0.7976581454277039,0.25674742460250854,0.8020557165145874,0.22726760804653168,0.8244470357894897,-0.035717882215976715,0.9464466571807861,PD_Early,004_PD_01_MD.MOV
0.23454459011554718,0.24600279331207275,-0.12977831065654755,0.9856909513473511,0.2342621386051178,0.22696766257286072,-0.12002343684434891,0.9694546461105347,0.23364348709583282,0.2251397967338562,-0.120017409324646,0.9658603072166443,0.23249569535255432,0.22330154478549957,-0.11995299160480499,0.9699886441230774,0.23379163444042206,0.2267378568649292,-0.15229912102222443,0.9807502627372742,0.23274633288383484,0.22499395906925201,-0.15235097706317902,0.983063280582428,0.2318132370710373,0.22318676114082336,-0.15247493982315063,0.9861279129981995,0.22260423004627228,0.218837171792984,-0.061530448496341705,0.9099996089935303,0.22233916819095612,0.2190384566783905,-0.20820856094360352,0.9824134707450867,0.22738085687160492,0.2528618574142456,-0.10330190509557724,0.9735636115074158,0.22729091346263885,0.2525462806224823,-0.1456276923418045,0.9884567260742188,0.1945747584104538,0.2863418459892273,0.03432077169418335,0.9940467476844788,0.18842272460460663,0.29159224033355713,-0.2577958405017853,0.9999082684516907,0.19866147637367249,0.39605551958084106,0.07334435731172562,0.0204522293061018,0.18231232464313507,0.4105881154537201,-0.29277563095092773,0.9718309640884399,0.20252451300621033,0.49384042620658875,0.027531709522008896,0.041804827749729156,0.1911720633506775,0.5169574022293091,-0.2913919985294342,0.9550711512565613,0.2050255984067917,0.51987224817276,0.029951030388474464,0.05581521987915039,0.1921909749507904,0.5420928597450256,-0.32025668025016785,0.940182626247406,0.2077755481004715,0.5225076079368591,0.006330668460577726,0.057374875992536545,0.19634883105754852,0.5422411561012268,-0.3158296048641205,0.9369430541992188,0.2066453993320465,0.5115436315536499,0.015333601273596287,0.05867461860179901,0.1960095912218094,0.5327646732330322,-0.2882190942764282,0.8948779106140137,0.19916360080242157,0.49539047479629517,0.09348787367343903,0.9958047270774841,0.19705958664417267,0.498157799243927,-0.09358534216880798,0.9981273412704468,0.20047540962696075,0.6318913102149963,0.17497354745864868,0.37771695852279663,0.21001821756362915,0.6380876302719116,-0.04871206358075142,0.9539155960083008,0.16682401299476624,0.76943039894104,0.2866838574409485,0.6513046026229858,0.19157080352306366,0.7944483160972595,0.027238449081778526,0.9519457817077637,0.15414676070213318,0.7818559408187866,0.2939333915710449,0.7324430346488953,0.18219111859798431,0.8139863610267639,0.030461134389042854,0.9056369662284851,0.19356189668178558,0.7976711988449097,0.2530571222305298,0.8081531524658203,0.2255088835954666,0.8251568078994751,-0.0383819118142128,0.949123740196228,PD_Early,004_PD_01_MD.MOV
0.23591656982898712,0.24612031877040863,-0.1167420893907547,0.9850974678993225,0.23541034758090973,0.22744573652744293,-0.10707955807447433,0.9680899381637573,0.23447206616401672,0.22571304440498352,-0.1070643737912178,0.9642991423606873,0.2334485501050949,0.22388644516468048,-0.10699432343244553,0.9689937829971313,0.23503953218460083,0.22706539928913116,-0.13992072641849518,0.9800734519958496,0.23396722972393036,0.22534282505512238,-0.13997595012187958,0.9825072288513184,0.23304420709609985,0.22355011105537415,-0.14011076092720032,0.985636293888092,0.22349540889263153,0.21934950351715088,-0.04941336065530777,0.906390368938446,0.22353006899356842,0.21954543888568878,-0.19898727536201477,0.9814589619636536,0.22863610088825226,0.2531469464302063,-0.09072049707174301,0.9723573923110962,0.22872236371040344,0.2526913583278656,-0.13383835554122925,0.9876878261566162,0.19542405009269714,0.2864508032798767,0.049214016646146774,0.9938281178474426,0.19065023958683014,0.29072606563568115,-0.2573639452457428,0.999904215335846,0.20042715966701508,0.3961910903453827,0.08614926040172577,0.02012494020164013,0.18601897358894348,0.4086048901081085,-0.29083091020584106,0.9720101356506348,0.20713528990745544,0.494920015335083,0.03897479549050331,0.04155852645635605,0.1956057846546173,0.5148237347602844,-0.283063143491745,0.9550761580467224,0.21156202256679535,0.5192438364028931,0.04111981391906738,0.055585213005542755,0.19651132822036743,0.5392105579376221,-0.3111127018928528,0.9398057460784912,0.21371760964393616,0.5231387615203857,0.016675246879458427,0.057189952582120895,0.2004214972257614,0.5394530892372131,-0.3056686222553253,0.9365509748458862,0.21048615872859955,0.5118980407714844,0.026264645159244537,0.05845453962683678,0.2002875655889511,0.5305479764938354,-0.27948543429374695,0.8938630223274231,0.20191334187984467,0.49343007802963257,0.09470098465681076,0.9954872131347656,0.20073403418064117,0.49425026774406433,-0.09477884322404861,0.997825026512146,0.20511119067668915,0.6315794587135315,0.14168016612529755,0.37165409326553345,0.2119312733411789,0.6366240978240967,-0.05646099895238876,0.9518319964408875,0.17689940333366394,0.7704786658287048,0.2266092747449875,0.6414958238601685,0.1903240829706192,0.7943043112754822,0.021292511373758316,0.9516791701316833,0.16427700221538544,0.7821400761604309,0.23045846819877625,0.7271895408630371,0.18201561272144318,0.8138386607170105,0.02473190426826477,0.9060816764831543,0.20446588099002838,0.8012049198150635,0.1817808598279953,0.8033226728439331,0.22504623234272003,0.8250687718391418,-0.04381586238741875,0.9491090774536133,PD_Early,004_PD_01_MD.MOV
0.2392732948064804,0.24731168150901794,-0.11745236814022064,0.9856950044631958,0.2391360104084015,0.22870749235153198,-0.10840952396392822,0.9688693881034851,0.2383289635181427,0.22688527405261993,-0.10839053988456726,0.9651299715042114,0.23729246854782104,0.22509008646011353,-0.10831896215677261,0.969760000705719,0.23862983286380768,0.22830131649971008,-0.1414213478565216,0.9807486534118652,0.23764123022556305,0.22644492983818054,-0.14148426055908203,0.983192503452301,0.23613478243350983,0.22446484863758087,-0.14162252843379974,0.9861685633659363,0.22599394619464874,0.2199832946062088,-0.050813447684049606,0.9084186553955078,0.22574183344841003,0.22010119259357452,-0.2003450095653534,0.982140064239502,0.2310183048248291,0.25429773330688477,-0.09132508933544159,0.9733179211616516,0.2309580296278,0.2535434067249298,-0.13477610051631927,0.9881282448768616,0.20088401436805725,0.2864600419998169,0.04834836721420288,0.9940122365951538,0.19104333221912384,0.28985217213630676,-0.2537600100040436,0.9999076128005981,0.2050119936466217,0.39598822593688965,0.08664467930793762,0.02032266929745674,0.18674680590629578,0.40738826990127563,-0.2876076102256775,0.9732151031494141,0.2151840180158615,0.49474915862083435,0.03762604296207428,0.04173684120178223,0.19874683022499084,0.51324462890625,-0.28463736176490784,0.9568431377410889,0.2223307192325592,0.5172277688980103,0.03818522021174431,0.055482521653175354,0.19960470497608185,0.5371466279029846,-0.3136061131954193,0.9413664937019348,0.22183774411678314,0.5230110287666321,0.013492081314325333,0.05733299255371094,0.20382185280323029,0.5365706086158752,-0.3100956678390503,0.9383159875869751,0.2194581776857376,0.5120072960853577,0.024599779397249222,0.05852791666984558,0.20403306186199188,0.5283268690109253,-0.2818759083747864,0.896106481552124,0.20935076475143433,0.4924468994140625,0.09387549757957458,0.9954960942268372,0.20302774012088776,0.4919067323207855,-0.0939040333032608,0.9977417588233948,0.21200360357761383,0.6315743923187256,0.13251763582229614,0.3753369152545929,0.2135661095380783,0.634915292263031,-0.05555931106209755,0.949510931968689,0.18508538603782654,0.7719658613204956,0.22228559851646423,0.6395415663719177,0.1900397092103958,0.7901568412780762,0.031047534197568893,0.9513931274414062,0.17401625216007233,0.7888785600662231,0.22646521031856537,0.724246084690094,0.1801692545413971,0.8118805289268494,0.03573234751820564,0.9049308896064758,0.21442009508609772,0.8057197332382202,0.17367586493492126,0.8039690256118774,0.22203829884529114,0.82486891746521,-0.0356970839202404,0.9497085809707642,PD_Early,004_PD_01_MD.MOV
0.24126094579696655,0.24783119559288025,-0.11927656829357147,0.9858454465866089,0.2411363273859024,0.23016151785850525,-0.11083485931158066,0.9688748121261597,0.24034947156906128,0.22834698855876923,-0.11081989109516144,0.9653213620185852,0.23930595815181732,0.2265884429216385,-0.11075334995985031,0.9698432087898254,0.24059759080410004,0.22986842691898346,-0.14379571378231049,0.9807436466217041,0.23958663642406464,0.22807924449443817,-0.14386603236198425,0.9833658933639526,0.23789915442466736,0.2263275533914566,-0.14400558173656464,0.9862266182899475,0.22781014442443848,0.22080883383750916,-0.05338601395487785,0.9092655181884766,0.22717805206775665,0.22102461755275726,-0.20242805778980255,0.9824211001396179,0.2335432469844818,0.2545543313026428,-0.09301814436912537,0.973696768283844,0.23339630663394928,0.25372689962387085,-0.13647304475307465,0.9882426261901855,0.20256851613521576,0.2863727807998657,0.04751626402139664,0.9940659403800964,0.19296172261238098,0.28879639506340027,-0.2545662224292755,0.9999093413352966,0.206084206700325,0.3960104286670685,0.08751876652240753,0.020316600799560547,0.18854735791683197,0.4066484868526459,-0.2869156002998352,0.9743930101394653,0.21904356777668,0.4948703944683075,0.03752664476633072,0.04112429544329643,0.20319199562072754,0.5109320878982544,-0.2857150435447693,0.9581555724143982,0.22362534701824188,0.5177716016769409,0.03771713003516197,0.05442750081419945,0.20444998145103455,0.5354363918304443,-0.3152000606060028,0.9421255588531494,0.22646354138851166,0.5231239199638367,0.012777864001691341,0.05648491531610489,0.20805604755878448,0.5343217253684998,-0.31218650937080383,0.939253032207489,0.22391222417354584,0.512165904045105,0.02425835281610489,0.05768326669931412,0.20808911323547363,0.5264144539833069,-0.2832459807395935,0.8969258069992065,0.2104663997888565,0.49244916439056396,0.09341643005609512,0.9953609108924866,0.20255501568317413,0.4914034903049469,-0.0934714525938034,0.9975464344024658,0.21636468172073364,0.6321351528167725,0.12911587953567505,0.373432457447052,0.21200893819332123,0.6349185109138489,-0.05677967146039009,0.9460344910621643,0.18957167863845825,0.7759497165679932,0.2174253612756729,0.6314614415168762,0.18929718434810638,0.7898123860359192,0.03249683603644371,0.9486874341964722,0.17874322831630707,0.795724093914032,0.22128884494304657,0.7161641120910645,0.1794629991054535,0.8116779327392578,0.036960966885089874,0.8999018669128418,0.2202957272529602,0.8094193339347839,0.1676330417394638,0.8005186319351196,0.2219689041376114,0.8243547081947327,-0.035600125789642334,0.9481838345527649,PD_Early,004_PD_01_MD.MOV
0.24477452039718628,0.24762669205665588,-0.12049227207899094,0.9857674241065979,0.24478565156459808,0.23001441359519958,-0.11179308593273163,0.9685958623886108,0.24404188990592957,0.22815915942192078,-0.11178366094827652,0.9653253555297852,0.2430252581834793,0.22635473310947418,-0.11172028630971909,0.9696473479270935,0.24414294958114624,0.22975502908229828,-0.1450078785419464,0.9804672598838806,0.24309514462947845,0.22795650362968445,-0.1450803428888321,0.983316957950592,0.24175690114498138,0.22607389092445374,-0.1452222317457199,0.9860183000564575,0.23070257902145386,0.22033824026584625,-0.05336681380867958,0.9089893698692322,0.23017165064811707,0.22070389986038208,-0.20300936698913574,0.9825229048728943,0.23658433556556702,0.2541375458240509,-0.09375569969415665,0.9738796949386597,0.23638209700584412,0.2533184587955475,-0.13755665719509125,0.9881791472434998,0.20483793318271637,0.2858021855354309,0.04807030409574509,0.9940460920333862,0.19580765068531036,0.2873902916908264,-0.2548280358314514,0.9999104142189026,0.20833860337734222,0.39604634046554565,0.09025084972381592,0.020052699372172356,0.19125032424926758,0.40643179416656494,-0.2860206365585327,0.9755696654319763,0.2227277159690857,0.49166062474250793,0.03507281467318535,0.04030199721455574,0.20647032558918,0.5088551044464111,-0.2866702973842621,0.9595479965209961,0.22725816071033478,0.51740962266922,0.035539958626031876,0.05300544202327728,0.20760376751422882,0.5335697531700134,-0.3171635568141937,0.943058431148529,0.2298816740512848,0.5196697115898132,0.01231062039732933,0.05530019849538803,0.21057575941085815,0.5324642658233643,-0.31489691138267517,0.9403689503669739,0.22739337384700775,0.508369505405426,0.022035537287592888,0.056483618915081024,0.21071483194828033,0.524296760559082,-0.28455469012260437,0.8979266285896301,0.21600709855556488,0.49255749583244324,0.09305785596370697,0.9952358603477478,0.20560845732688904,0.4912886917591095,-0.09309467673301697,0.9973549246788025,0.22169780731201172,0.6329730153083801,0.13704083859920502,0.37185603380203247,0.2102281153202057,0.6350238919258118,-0.04684080183506012,0.9421463012695312,0.19971047341823578,0.7778206467628479,0.2344181090593338,0.6281256079673767,0.19228240847587585,0.7902083396911621,0.05896829441189766,0.946776270866394,0.18902797996997833,0.7987480163574219,0.2393948882818222,0.7128391861915588,0.18235741555690765,0.8135956525802612,0.06403578817844391,0.8956887722015381,0.2302858829498291,0.8099907040596008,0.18523715436458588,0.8009745478630066,0.2269657701253891,0.824332594871521,-0.015364871360361576,0.9473682641983032,PD_Early,004_PD_01_MD.MOV
0.2462349236011505,0.24565565586090088,-0.11631803214550018,0.9865326285362244,0.24609605967998505,0.22880852222442627,-0.10750970989465714,0.9703033566474915,0.24535420536994934,0.22692464292049408,-0.10749811679124832,0.9671834111213684,0.24436445534229279,0.22507432103157043,-0.10743515193462372,0.9713127613067627,0.2455350011587143,0.22900477051734924,-0.13966137170791626,0.9815452694892883,0.24454550445079803,0.22744302451610565,-0.13973364233970642,0.9842798113822937,0.24336601793766022,0.22570553421974182,-0.139862522482872,0.9868486523628235,0.23240436613559723,0.21923895180225372,-0.05139022693037987,0.9144319891929626,0.23203447461128235,0.22030533850193024,-0.1972838044166565,0.9836252331733704,0.2383614331483841,0.2515692412853241,-0.0909547433257103,0.9753408432006836,0.2382691204547882,0.2513286769390106,-0.1333998739719391,0.9888330698013306,0.2067316621541977,0.28345605731010437,0.04756678268313408,0.9942255020141602,0.19744202494621277,0.28726494312286377,-0.24680142104625702,0.9999133348464966,0.21059967577457428,0.3951035141944885,0.08773152530193329,0.020421486347913742,0.19314798712730408,0.4058295786380768,-0.27769675850868225,0.9770355224609375,0.2245972454547882,0.4859631657600403,0.03376872092485428,0.0406649112701416,0.20742253959178925,0.5079507231712341,-0.27703773975372314,0.9612604379653931,0.22890259325504303,0.5115999579429626,0.0338967964053154,0.05324852466583252,0.2085210233926773,0.5333383083343506,-0.305173397064209,0.9447268843650818,0.23192653059959412,0.5113468766212463,0.010491163469851017,0.05567929521203041,0.21190379559993744,0.5318701863288879,-0.3029981255531311,0.9422234296798706,0.22934846580028534,0.5014186501502991,0.020868591964244843,0.056790564209222794,0.21196499466896057,0.5234642028808594,-0.2750122845172882,0.9008498787879944,0.2165173590183258,0.488863468170166,0.09195158630609512,0.9952290058135986,0.20729891955852509,0.48756781220436096,-0.09194884449243546,0.9972344040870667,0.22053088247776031,0.6294506192207336,0.09851035475730896,0.3774332106113434,0.21657821536064148,0.631137490272522,-0.08130185306072235,0.9436568021774292,0.20338374376296997,0.7794051170349121,0.16443921625614166,0.6254720687866211,0.2006182223558426,0.7895612716674805,-0.01294299028813839,0.9468325972557068,0.19322800636291504,0.8011701703071594,0.16576744616031647,0.709799587726593,0.190323606133461,0.8129988312721252,-0.010794098488986492,0.8950219750404358,0.23431219160556793,0.8109272122383118,0.11063922196626663,0.7997497320175171,0.23291322588920593,0.8243058323860168,-0.08126649260520935,0.94768226146698,PD_Early,004_PD_01_MD.MOV
0.24763910472393036,0.2441374957561493,-0.10522793233394623,0.9874638915061951,0.24707350134849548,0.22763967514038086,-0.09558679908514023,0.9723489880561829,0.24630694091320038,0.2258848249912262,-0.0955779105424881,0.9694634079933167,0.24530714750289917,0.22412966191768646,-0.09551224112510681,0.9732601046562195,0.24657899141311646,0.22790749371051788,-0.12717418372631073,0.9828152060508728,0.24561423063278198,0.22643430531024933,-0.1272331327199936,0.9853919744491577,0.24447676539421082,0.22486159205436707,-0.12735003232955933,0.987762987613678,0.2337913066148758,0.21890190243721008,-0.03870614990592003,0.9204313158988953,0.23355025053024292,0.21969200670719147,-0.1822274625301361,0.9848141074180603,0.24040403962135315,0.2500651180744171,-0.08013171702623367,0.9770187139511108,0.2403661608695984,0.24990853667259216,-0.12176373600959778,0.989586353302002,0.20955389738082886,0.283436119556427,0.05387454479932785,0.9944300651550293,0.19863341748714447,0.2868582606315613,-0.23481692373752594,0.999916136264801,0.2143818587064743,0.39515113830566406,0.09028970450162888,0.020932085812091827,0.1935790628194809,0.405458927154541,-0.26966479420661926,0.9785418510437012,0.22843068838119507,0.48549556732177734,0.03437196835875511,0.041629157960414886,0.2078743278980255,0.5072131752967834,-0.26917916536331177,0.9630248546600342,0.23609691858291626,0.5094601511955261,0.03372656926512718,0.05400441586971283,0.20841878652572632,0.5334651470184326,-0.29684725403785706,0.9464277029037476,0.23586145043373108,0.5113107562065125,0.010150030255317688,0.0566660575568676,0.21329908072948456,0.5322014689445496,-0.2946358621120453,0.94407719373703,0.23299241065979004,0.5013884902000427,0.021393153816461563,0.05778918415307999,0.21375998854637146,0.5234324932098389,-0.2671436071395874,0.9037026166915894,0.2186068743467331,0.4873812198638916,0.09020093828439713,0.9951271414756775,0.20771180093288422,0.4857472777366638,-0.0901670828461647,0.9970415234565735,0.22214055061340332,0.6267001628875732,0.10604128241539001,0.38458484411239624,0.21504901349544525,0.6297860145568848,-0.07111413776874542,0.94456946849823,0.21086318790912628,0.7832367420196533,0.17578278481960297,0.6247433423995972,0.2031126618385315,0.7888556122779846,-0.0002841189270839095,0.9472718238830566,0.19831745326519012,0.8004619479179382,0.17764446139335632,0.7082499861717224,0.19419033825397491,0.8115757703781128,0.0017306060763075948,0.8944677114486694,0.23764781653881073,0.8105419874191284,0.12312478572130203,0.8003965616226196,0.2369084656238556,0.8242920637130737,-0.07135245203971863,0.9481191039085388,PD_Early,004_PD_01_MD.MOV
0.24772080779075623,0.2439945936203003,-0.12765797972679138,0.9879686236381531,0.2477751076221466,0.2273033857345581,-0.11911309510469437,0.9733735918998718,0.24710717797279358,0.22556467354297638,-0.11911085247993469,0.9705802202224731,0.24618910253047943,0.22384893894195557,-0.11905084550380707,0.974199652671814,0.24711067974567413,0.22780141234397888,-0.15119339525699615,0.9834331274032593,0.24612945318222046,0.22642011940479279,-0.15126757323741913,0.9859294295310974,0.24494431912899017,0.22487786412239075,-0.15139371156692505,0.9881990551948547,0.23542936146259308,0.21890760958194733,-0.061244331300258636,0.9231961965560913,0.23395970463752747,0.21988186240196228,-0.2068812996149063,0.9855642318725586,0.24031461775302887,0.2501876950263977,-0.10149116814136505,0.9779636263847351,0.2401299625635147,0.24996241927146912,-0.14373622834682465,0.9900180101394653,0.2132698893547058,0.28292208909988403,0.035023536533117294,0.9945014715194702,0.19965289533138275,0.28744080662727356,-0.2513357400894165,0.9999184608459473,0.21531765162944794,0.3952122628688812,0.07494043558835983,0.021032487973570824,0.1955067217350006,0.4063999652862549,-0.2793005704879761,0.9799752235412598,0.22542056441307068,0.485891729593277,0.02064240537583828,0.04128922149538994,0.20990027487277985,0.5084574818611145,-0.2774534821510315,0.9649950861930847,0.23454280197620392,0.5083373188972473,0.018654832616448402,0.05330345779657364,0.2103164941072464,0.5358805060386658,-0.30551499128341675,0.9485224485397339,0.23210150003433228,0.5121917724609375,-0.004420329350978136,0.056042760610580444,0.21572034060955048,0.53470778465271,-0.3046679198741913,0.9462898373603821,0.2295999974012375,0.5020538568496704,0.007933408953249454,0.05726918578147888,0.21623656153678894,0.5245442390441895,-0.27591437101364136,0.9071217775344849,0.2227630466222763,0.4866527318954468,0.08916690945625305,0.9951816201210022,0.2094501107931137,0.4847962558269501,-0.08914434909820557,0.9970274567604065,0.227479949593544,0.623226523399353,0.1122673824429512,0.3896869421005249,0.21343006193637848,0.6293285489082336,-0.07011805474758148,0.9442252516746521,0.22505897283554077,0.7817342877388,0.19379742443561554,0.6258620619773865,0.20012791454792023,0.7881847023963928,0.0040313368663191795,0.9468882083892822,0.2125207781791687,0.8000807762145996,0.19678102433681488,0.7068692445755005,0.1910376250743866,0.8115807175636292,0.005399955436587334,0.8905001282691956,0.2621184289455414,0.8080042004585266,0.14136329293251038,0.8016752600669861,0.23402734100818634,0.8240916132926941,-0.05999058857560158,0.9478262066841125,PD_Early,004_PD_01_MD.MOV
0.25129422545433044,0.243938609957695,-0.12780365347862244,0.988915205001831,0.2515391409397125,0.22694897651672363,-0.11926151812076569,0.9754625558853149,0.2508547902107239,0.22521361708641052,-0.11926113069057465,0.9728885889053345,0.24978001415729523,0.22353267669677734,-0.11919979006052017,0.9762037992477417,0.25082412362098694,0.22763030230998993,-0.15095917880535126,0.9846814274787903,0.24971570074558258,0.22636082768440247,-0.15102876722812653,0.9869875311851501,0.24854573607444763,0.2248707115650177,-0.1511463224887848,0.9890707731246948,0.23883549869060516,0.21889522671699524,-0.061061158776283264,0.9291613101959229,0.2371644377708435,0.21996599435806274,-0.20526641607284546,0.9867257475852966,0.24332724511623383,0.2502332031726837,-0.10161145776510239,0.9796842932701111,0.24312467873096466,0.25008800625801086,-0.14339189231395721,0.9907816648483276,0.21742157638072968,0.2826370894908905,0.0343947596848011,0.9948244094848633,0.2026032954454422,0.28781652450561523,-0.250518262386322,0.9999227523803711,0.21773777902126312,0.39535579085350037,0.07444148510694504,0.021795004606246948,0.19784797728061676,0.40735557675361633,-0.27527788281440735,0.9814236760139465,0.22586636245250702,0.4901438355445862,0.020721880719065666,0.0420333668589592,0.21313561499118805,0.5135525465011597,-0.27332162857055664,0.9671308994293213,0.23119927942752838,0.5187074542045593,0.018062127754092216,0.053641922771930695,0.21243292093276978,0.5405982732772827,-0.30127277970314026,0.9509913921356201,0.231952503323555,0.5192168951034546,-0.004672016017138958,0.05654359236359596,0.21839943528175354,0.5409781336784363,-0.3018563687801361,0.9488826990127563,0.22938436269760132,0.5081580877304077,0.00818725023418665,0.057828448712825775,0.21920539438724518,0.5297072529792786,-0.2723495066165924,0.9112237095832825,0.22530096769332886,0.486625999212265,0.08512399345636368,0.9954922199249268,0.21119703352451324,0.4849950671195984,-0.08509813249111176,0.9971680045127869,0.2322216033935547,0.6188169717788696,0.0881255567073822,0.4040606915950775,0.2111271470785141,0.6293501257896423,-0.07664605230093002,0.94533371925354,0.24206991493701935,0.7813974618911743,0.1560467779636383,0.63984614610672,0.1977652907371521,0.7882212996482849,0.004111038520932198,0.9479942917823792,0.2372705489397049,0.8045176863670349,0.1573009043931961,0.7153871655464172,0.18961605429649353,0.815300464630127,0.006410450208932161,0.8885911703109741,0.280208021402359,0.8050786256790161,0.0965491458773613,0.8095670938491821,0.22934193909168243,0.8240979909896851,-0.07194454967975616,0.9487362504005432,PD_Early,004_PD_01_MD.MOV
0.2534423768520355,0.2446131408214569,-0.12606211006641388,0.989757776260376,0.2541011571884155,0.22763383388519287,-0.11729716509580612,0.9773051142692566,0.2532116770744324,0.22583700716495514,-0.1172950342297554,0.9749345779418945,0.25213444232940674,0.22411417961120605,-0.11723197251558304,0.977973222732544,0.2534157931804657,0.22866134345531464,-0.14907962083816528,0.9857897758483887,0.2524566054344177,0.2275552600622177,-0.1491468846797943,0.9879310131072998,0.251315176486969,0.22635877132415771,-0.14926694333553314,0.9898455142974854,0.24102872610092163,0.21960780024528503,-0.05950961634516716,0.9344183206558228,0.23983314633369446,0.2210654467344284,-0.20387864112854004,0.9877680540084839,0.2448861002922058,0.2514871656894684,-0.09997203201055527,0.9812269806861877,0.2449553906917572,0.2514811158180237,-0.14183372259140015,0.9914690852165222,0.21796976029872894,0.2825348675251007,0.03556503355503082,0.9950876832008362,0.20453515648841858,0.2879498600959778,-0.249393492937088,0.9999273419380188,0.21721307933330536,0.39539819955825806,0.07457853853702545,0.02229388803243637,0.20001882314682007,0.40769222378730774,-0.2739330232143402,0.9827550649642944,0.22380252182483673,0.49179404973983765,0.020649472251534462,0.04263230040669441,0.21526668965816498,0.5144921541213989,-0.27358171343803406,0.96923828125,0.22980406880378723,0.5186383724212646,0.01770412176847458,0.05389542877674103,0.2143872231245041,0.5407708287239075,-0.3019695281982422,0.9535871744155884,0.23039118945598602,0.5182047486305237,-0.00464350963011384,0.056906558573246,0.21955330669879913,0.5413274168968201,-0.30184799432754517,0.9515900611877441,0.22943730652332306,0.5076626539230347,0.008263622410595417,0.058123499155044556,0.220464289188385,0.530440092086792,-0.2723388075828552,0.9154514670372009,0.22679252922534943,0.4869213402271271,0.08406896889209747,0.99577796459198,0.21229910850524902,0.4853443205356598,-0.08404707908630371,0.997326135635376,0.23470203578472137,0.6171836853027344,0.08559023588895798,0.42062729597091675,0.20983274281024933,0.6293559670448303,-0.08318696916103363,0.947718620300293,0.24809502065181732,0.7813599705696106,0.1555667370557785,0.6563868522644043,0.19534319639205933,0.7884282469749451,0.0005153479869477451,0.9502242207527161,0.2443440556526184,0.8055949807167053,0.15704701840877533,0.7258273363113403,0.18771013617515564,0.8170663714408875,0.0031049284152686596,0.8895850777626038,0.2875902056694031,0.8019933700561523,0.09607553482055664,0.818878173828125,0.2291276752948761,0.8240829706192017,-0.07806526124477386,0.9506712555885315,PD_Early,004_PD_01_MD.MOV
0.2560173571109772,0.24539890885353088,-0.1250910460948944,0.990576446056366,0.25656068325042725,0.22845368087291718,-0.11624942719936371,0.9791187644004822,0.2555505633354187,0.22660034894943237,-0.1162467896938324,0.9769290685653687,0.2544263005256653,0.22477875649929047,-0.11618304252624512,0.9797124266624451,0.25607120990753174,0.2294580638408661,-0.1480899304151535,0.9868842959403992,0.25500282645225525,0.2283433973789215,-0.1481563299894333,0.9888438582420349,0.2538893520832062,0.22714179754257202,-0.14827655255794525,0.9905972480773926,0.24274563789367676,0.21985602378845215,-0.05927366763353348,0.9394551515579224,0.24204260110855103,0.22141577303409576,-0.203214630484581,0.9887492656707764,0.24734799563884735,0.2525829076766968,-0.0991528183221817,0.9827285408973694,0.24750342965126038,0.25253868103027344,-0.1409737765789032,0.9921295642852783,0.21889565885066986,0.2825697660446167,0.03776209428906441,0.9953793287277222,0.20822854340076447,0.2879677414894104,-0.24855977296829224,0.9999316334724426,0.22028277814388275,0.3959353268146515,0.07668126374483109,0.02330262027680874,0.20291930437088013,0.40764257311820984,-0.2743739187717438,0.9838516712188721,0.22678114473819733,0.4923577904701233,0.02126392349600792,0.04442218318581581,0.21806859970092773,0.5146267414093018,-0.2737037241458893,0.9709821343421936,0.23218412697315216,0.5187904238700867,0.017485301941633224,0.05531898885965347,0.21672339737415314,0.5406956076622009,-0.30420225858688354,0.955686628818512,0.23442703485488892,0.5182123780250549,-0.005494644865393639,0.058570027351379395,0.2218468338251114,0.541171133518219,-0.30440014600753784,0.9537726044654846,0.23363414406776428,0.507707953453064,0.008626318536698818,0.05981190502643585,0.22272467613220215,0.5304620862007141,-0.2729125916957855,0.9188269376754761,0.2284374237060547,0.48953506350517273,0.08449654281139374,0.9960718154907227,0.21519917249679565,0.4863237142562866,-0.08447685092687607,0.9974880218505859,0.23848631978034973,0.6183200478553772,0.10298904776573181,0.4395335912704468,0.20880796015262604,0.6300041675567627,-0.0595804825425148,0.9505022764205933,0.25885310769081116,0.7810716032981873,0.19951187074184418,0.6755051612854004,0.1945357322692871,0.7890806794166565,0.04574889317154884,0.9532262682914734,0.25413399934768677,0.8068428635597229,0.20335882902145386,0.7388395667076111,0.18645979464054108,0.818418025970459,0.0503402017056942,0.8924327492713928,0.29841479659080505,0.7991262674331665,0.1394580900669098,0.8292694091796875,0.22855830192565918,0.8242247700691223,-0.032253559678792953,0.9532117247581482,PD_Early,004_PD_01_MD.MOV
0.26108819246292114,0.2459927350282669,-0.12569628655910492,0.9914113283157349,0.2613275945186615,0.22928839921951294,-0.11672261357307434,0.9809595346450806,0.2605389952659607,0.22745080292224884,-0.1167207732796669,0.9789515137672424,0.25954577326774597,0.22561784088611603,-0.11665742099285126,0.9814816117286682,0.2607477605342865,0.23016372323036194,-0.14856794476509094,0.9880199432373047,0.2597368359565735,0.22901418805122375,-0.1486324518918991,0.989798903465271,0.25838834047317505,0.22782978415489197,-0.14874598383903503,0.991393506526947,0.24771375954151154,0.2202979326248169,-0.05849137529730797,0.9446542859077454,0.24757352471351624,0.22174495458602905,-0.2026483714580536,0.9897482395172119,0.25316306948661804,0.25358280539512634,-0.09902404993772507,0.9842402338981628,0.2529226243495941,0.25347405672073364,-0.14097601175308228,0.9928088784217834,0.22440309822559357,0.2837287187576294,0.038895152509212494,0.9956877827644348,0.21155500411987305,0.2883301079273224,-0.2476465404033661,0.9999362826347351,0.22524724900722504,0.3975411057472229,0.07995054870843887,0.024642489850521088,0.20509029924869537,0.4076341390609741,-0.274598628282547,0.9849761724472046,0.23399989306926727,0.49382901191711426,0.02171742171049118,0.046716779470443726,0.2208532989025116,0.5148602724075317,-0.27393144369125366,0.9727933406829834,0.23812153935432434,0.5226027369499207,0.018415147438645363,0.05712530016899109,0.21878843009471893,0.5406845808029175,-0.3049972951412201,0.9579170942306519,0.24042195081710815,0.5209680795669556,-0.004896713420748711,0.06070505827665329,0.2243596762418747,0.5413092970848083,-0.3056011199951172,0.9560986757278442,0.2382693886756897,0.5099682807922363,0.00918195117264986,0.06200791895389557,0.22544273734092712,0.5308929681777954,-0.27321144938468933,0.922527015209198,0.23207904398441315,0.4910454750061035,0.08461800962686539,0.9963663220405579,0.21824897825717926,0.4866804778575897,-0.08460595458745956,0.9976603984832764,0.24205884337425232,0.618716299533844,0.10774862766265869,0.4597497582435608,0.20875999331474304,0.6300652623176575,-0.06097038835287094,0.9533241987228394,0.26526904106140137,0.7808325290679932,0.19842982292175293,0.6942826509475708,0.19393585622310638,0.7903396487236023,0.03979892656207085,0.9561504125595093,0.2600814402103424,0.8078382611274719,0.20198394358158112,0.7517246603965759,0.1853533387184143,0.8204303979873657,0.04438561573624611,0.8956133127212524,0.3036807179450989,0.7986745834350586,0.1393313854932785,0.8392766118049622,0.2282194197177887,0.8249467611312866,-0.03747069090604782,0.9557453393936157,PD_Early,004_PD_01_MD.MOV
0.26357394456863403,0.24664168059825897,-0.12523460388183594,0.9921560287475586,0.26358529925346375,0.22979921102523804,-0.1162014827132225,0.9826193451881409,0.26282593607902527,0.22796878218650818,-0.11619937419891357,0.980774462223053,0.2616250514984131,0.2261827141046524,-0.11613580584526062,0.9830770492553711,0.26290905475616455,0.23065103590488434,-0.14806556701660156,0.9890466332435608,0.2617676854133606,0.22952884435653687,-0.14812999963760376,0.9906647205352783,0.2605457305908203,0.228380024433136,-0.14824526011943817,0.9921175241470337,0.24995189905166626,0.22097647190093994,-0.056655142456293106,0.9493829607963562,0.24894098937511444,0.2226429134607315,-0.20081891119480133,0.9906595349311829,0.25565454363822937,0.25451982021331787,-0.09862713515758514,0.9856094717979431,0.2554609477519989,0.25438037514686584,-0.1406063586473465,0.993428647518158,0.22773367166519165,0.28489547967910767,0.040856439620256424,0.995961606502533,0.2140231430530548,0.28986039757728577,-0.24370206892490387,0.9999401569366455,0.22733673453330994,0.3981282413005829,0.08234778046607971,0.025822024792432785,0.20741453766822815,0.40761619806289673,-0.2718088924884796,0.9859777092933655,0.23501580953598022,0.4938242733478546,0.022113647311925888,0.048149727284908295,0.22227850556373596,0.5155825614929199,-0.27302634716033936,0.9743224382400513,0.23819677531719208,0.5226262807846069,0.018482018262147903,0.058177147060632706,0.22024178504943848,0.5409404039382935,-0.304119735956192,0.959730863571167,0.24036116898059845,0.5209277272224426,-0.004981095902621746,0.06196857616305351,0.22560720145702362,0.5417153239250183,-0.30505940318107605,0.9579929709434509,0.2399805337190628,0.5098342299461365,0.009551777504384518,0.06321969628334045,0.2266293168067932,0.5314164757728577,-0.2723977267742157,0.9255338907241821,0.2345830500125885,0.49138781428337097,0.08452745527029037,0.9966219663619995,0.2208656370639801,0.4872985780239105,-0.08451754599809647,0.9978041052818298,0.2437749207019806,0.6190663576126099,0.10296392440795898,0.48220592737197876,0.20959123969078064,0.630098819732666,-0.06740285456180573,0.9559702277183533,0.266189843416214,0.7807705998420715,0.18579088151454926,0.7124484181404114,0.19348149001598358,0.7909298539161682,0.03606303036212921,0.9587845206260681,0.2603469491004944,0.8090245723724365,0.18848057091236115,0.7640495896339417,0.18456129729747772,0.8207182288169861,0.03987620398402214,0.8981996178627014,0.30371591448783875,0.7988176345825195,0.1252661645412445,0.8486413955688477,0.2281922996044159,0.8256213068962097,-0.04444071277976036,0.9579821228981018,PD_Early,004_PD_01_MD.MOV
0.26759377121925354,0.24664297699928284,-0.12595586478710175,0.9928716421127319,0.2674350440502167,0.22979091107845306,-0.11644428223371506,0.98420250415802,0.26671960949897766,0.2279660552740097,-0.11644198000431061,0.9825158715248108,0.26573556661605835,0.22618304193019867,-0.1163802295923233,0.9846070408821106,0.2668437957763672,0.23062673211097717,-0.14838042855262756,0.9900311231613159,0.2658931612968445,0.229495108127594,-0.14844252169132233,0.9914978742599487,0.26470428705215454,0.22834983468055725,-0.14854995906352997,0.9928150177001953,0.2540625035762787,0.22101306915283203,-0.05635011941194534,0.9538958668708801,0.2531650960445404,0.22266103327274323,-0.20070014894008636,0.9915140271186829,0.26013487577438354,0.2545514404773712,-0.09888618439435959,0.9869151711463928,0.2599727213382721,0.2544113099575043,-0.14108115434646606,0.994019091129303,0.23047755658626556,0.28614214062690735,0.041313182562589645,0.9962435960769653,0.21848343312740326,0.29014331102371216,-0.24378204345703125,0.9999442100524902,0.2321343570947647,0.3989414572715759,0.0832294300198555,0.02769249491393566,0.21147911250591278,0.40746963024139404,-0.27310651540756226,0.9869307279586792,0.24045170843601227,0.49763578176498413,0.023497939109802246,0.051700934767723083,0.2250691056251526,0.5158763527870178,-0.27564293146133423,0.9758578538894653,0.24402031302452087,0.5275406837463379,0.018556077033281326,0.06108473986387253,0.2224084883928299,0.5409960746765137,-0.3074762523174286,0.9616526961326599,0.2459864765405655,0.5261744856834412,-0.004539833404123783,0.06523352861404419,0.22827717661857605,0.5418151617050171,-0.3081795275211334,0.959981381893158,0.24393583834171295,0.5151001811027527,0.01036582887172699,0.066454216837883,0.2296644002199173,0.5316553711891174,-0.2751578688621521,0.9287096858024597,0.2380380481481552,0.4914514124393463,0.08458361774682999,0.9968676567077637,0.22438372671604156,0.48743104934692383,-0.08457771688699722,0.9979447722434998,0.24655118584632874,0.6193575859069824,0.10154145210981369,0.5003593564033508,0.21074697375297546,0.6308302283287048,-0.07138637453317642,0.9584454298019409,0.26799288392066956,0.7817495465278625,0.18330803513526917,0.7273299694061279,0.19289922714233398,0.7914531230926514,0.03420843556523323,0.961187481880188,0.2617711126804352,0.8102079033851624,0.1859915852546692,0.7740596532821655,0.18330244719982147,0.8219030499458313,0.03869714215397835,0.9006366729736328,0.30421942472457886,0.7994191646575928,0.12225481867790222,0.856579601764679,0.22806718945503235,0.8260143399238586,-0.051654767245054245,0.9600141644477844,PD_Early,004_PD_01_MD.MOV
0.27296367287635803,0.24695731699466705,-0.1274973601102829,0.993519127368927,0.2731245160102844,0.23008036613464355,-0.11792471259832382,0.9856303930282593,0.2724326252937317,0.22819602489471436,-0.11792005598545074,0.9840895533561707,0.271475613117218,0.22634297609329224,-0.11785607039928436,0.985990047454834,0.2725057005882263,0.23078639805316925,-0.14986196160316467,0.9909176230430603,0.2715740203857422,0.2295680195093155,-0.14992494881153107,0.9922489523887634,0.27010592818260193,0.22837141156196594,-0.1500273495912552,0.9934415221214294,0.2590896189212799,0.22096623480319977,-0.05676933005452156,0.9579570889472961,0.2594881057739258,0.22263604402542114,-0.2018241435289383,0.9922778010368347,0.26549047231674194,0.25490444898605347,-0.10029879212379456,0.988095760345459,0.2653171420097351,0.25467684864997864,-0.1425805687904358,0.9945505857467651,0.23323814570903778,0.28685733675956726,0.04082934558391571,0.9965192079544067,0.22362975776195526,0.2902415990829468,-0.24536919593811035,0.9999478459358215,0.23613117635250092,0.3989332914352417,0.08306832611560822,0.030644414946436882,0.21564370393753052,0.40746191143989563,-0.2753618061542511,0.9877946376800537,0.2451760619878769,0.4990236163139343,0.023569045588374138,0.05774237960577011,0.2285451889038086,0.5162261724472046,-0.2784910202026367,0.9773354530334473,0.24873441457748413,0.5294785499572754,0.018975168466567993,0.06637013703584671,0.22641488909721375,0.5412487387657166,-0.3108282685279846,0.9635875225067139,0.2502739727497101,0.5285944938659668,-0.004729205276817083,0.07104954123497009,0.23162896931171417,0.5422359108924866,-0.3116731643676758,0.9619948267936707,0.24794918298721313,0.5174294114112854,0.010491941124200821,0.07220690697431564,0.2329341024160385,0.5321599245071411,-0.27807414531707764,0.9319721460342407,0.2417076677083969,0.49171414971351624,0.08467593789100647,0.9971033930778503,0.22919367253780365,0.48763400316238403,-0.0846734568476677,0.9980776906013489,0.24998688697814941,0.6196044683456421,0.10711546987295151,0.5185424089431763,0.21357440948486328,0.6322678923606873,-0.06623280048370361,0.9608791470527649,0.2684658169746399,0.7821749448776245,0.19613009691238403,0.7415509819984436,0.19250765442848206,0.7913375496864319,0.037696219980716705,0.9636030197143555,0.26241645216941833,0.8102498650550842,0.199429452419281,0.783568799495697,0.1822744458913803,0.8214910626411438,0.042124971747398376,0.9033383727073669,0.3053326904773712,0.8013055324554443,0.13449229300022125,0.8642164468765259,0.22778981924057007,0.8260058760643005,-0.04370516911149025,0.9621559977531433,PD_Early,004_PD_01_MD.MOV
0.27593889832496643,0.2461468130350113,-0.1199207529425621,0.9941200017929077,0.27547624707221985,0.22897283732891083,-0.10973425209522247,0.9869566559791565,0.2745100259780884,0.22713513672351837,-0.10973326116800308,0.9855487942695618,0.2735229432582855,0.22533071041107178,-0.10967406630516052,0.9872753024101257,0.2749134600162506,0.2292523980140686,-0.1416792869567871,0.9917475581169128,0.2738112509250641,0.2279558926820755,-0.14173771440982819,0.9929547905921936,0.27269017696380615,0.22663268446922302,-0.1418367475271225,0.9940363168716431,0.26221299171447754,0.22026421129703522,-0.047086965292692184,0.9617732167243958,0.26135894656181335,0.22170981764793396,-0.19292226433753967,0.992996096611023,0.2688899040222168,0.25418218970298767,-0.0926475003361702,0.9891933798789978,0.26872873306274414,0.2540725767612457,-0.13502304255962372,0.9950518012046814,0.2372029721736908,0.2873777151107788,0.04954499751329422,0.9967642426490784,0.22630104422569275,0.29015427827835083,-0.238547220826149,0.9999514222145081,0.23987048864364624,0.3989998400211334,0.09210154414176941,0.03289346769452095,0.21825703978538513,0.4055081307888031,-0.2713412344455719,0.9885713458061218,0.24878613650798798,0.49876081943511963,0.03372574970126152,0.06189853325486183,0.230874702334404,0.5151002407073975,-0.2767256796360016,0.9786384701728821,0.2525540292263031,0.5285593271255493,0.029190171509981155,0.07000770419836044,0.2286575436592102,0.5399454832077026,-0.30898958444595337,0.9652428030967712,0.25435134768486023,0.527890145778656,0.004344441462308168,0.07499317079782486,0.2339211106300354,0.5404325127601624,-0.3100842535495758,0.9636890292167664,0.25176727771759033,0.5167873501777649,0.020156865939497948,0.07591108977794647,0.235182523727417,0.5308578610420227,-0.27630382776260376,0.934639573097229,0.24481964111328125,0.4900885224342346,0.08461162447929382,0.9973020553588867,0.23120521008968353,0.4859730005264282,-0.08460310846567154,0.9981939792633057,0.2528447210788727,0.6192091703414917,0.08084499090909958,0.5352374315261841,0.2171560674905777,0.6318255066871643,-0.10843396186828613,0.9631660580635071,0.26816844940185547,0.7822564244270325,0.14446216821670532,0.7527645230293274,0.19187429547309875,0.7908818125724792,-0.024716118350625038,0.9656493067741394,0.26279085874557495,0.8100257515907288,0.14504823088645935,0.7905558943748474,0.18059948086738586,0.8212067484855652,-0.02198764868080616,0.9055364727973938,0.304936021566391,0.8022443652153015,0.0802670568227768,0.8700628876686096,0.22755543887615204,0.825992226600647,-0.1076936423778534,0.9640237092971802,PD_Early,004_PD_01_MD.MOV
0.27928173542022705,0.2461511641740799,-0.11817027628421783,0.9945786595344543,0.27907028794288635,0.22894683480262756,-0.10814296454191208,0.9879543781280518,0.2783031463623047,0.22710037231445312,-0.10814307630062103,0.9866297841072083,0.2773360311985016,0.2252694070339203,-0.10807956010103226,0.9882297515869141,0.27859118580818176,0.22921794652938843,-0.1401066780090332,0.9923596978187561,0.27770137786865234,0.22788287699222565,-0.1401638686656952,0.9934671521186829,0.27649667859077454,0.2265312671661377,-0.1402709186077118,0.9944663643836975,0.2660137116909027,0.22006021440029144,-0.04668758809566498,0.9644774794578552,0.2662660479545593,0.22154489159584045,-0.19244804978370667,0.9935396909713745,0.2723570466041565,0.2541845142841339,-0.0913047045469284,0.9900218844413757,0.27227622270584106,0.25408899784088135,-0.13359245657920837,0.9954281449317932,0.24013501405715942,0.28766971826553345,0.04956548660993576,0.9969081878662109,0.23262324929237366,0.290277898311615,-0.23931525647640228,0.9999538660049438,0.23991510272026062,0.40070369839668274,0.08991817384958267,0.03251521661877632,0.22304631769657135,0.4054981768131256,-0.27186018228530884,0.9890930652618408,0.2482629269361496,0.49969103932380676,0.03220332786440849,0.06174829974770546,0.23620277643203735,0.5150893926620483,-0.27609679102897644,0.97945237159729,0.2518671154975891,0.5294383764266968,0.028326023370027542,0.06984693557024002,0.23320701718330383,0.5399373173713684,-0.3083491027355194,0.9660986065864563,0.25382837653160095,0.5285373330116272,0.0034220025409013033,0.07486458122730255,0.23804159462451935,0.5405981540679932,-0.30927637219429016,0.9645395874977112,0.25155767798423767,0.517466127872467,0.018787940964102745,0.07578033953905106,0.2395206242799759,0.5309565663337708,-0.2755724787712097,0.9359554052352905,0.2472861409187317,0.4915083646774292,0.08464644104242325,0.997465968132019,0.23697970807552338,0.4870765507221222,-0.08463482558727264,0.998286783695221,0.2535170912742615,0.6193825006484985,0.10169008374214172,0.541167140007019,0.22209659218788147,0.6323003172874451,-0.08752379566431046,0.9644076824188232,0.26681819558143616,0.7821164727210999,0.18822143971920013,0.7605018615722656,0.1919085532426834,0.7906621098518372,0.022127637639641762,0.9670633673667908,0.26225340366363525,0.8097229599952698,0.19143901765346527,0.7954245209693909,0.18064182996749878,0.8211363554000854,0.027123266831040382,0.9070698618888855,0.3024788796901703,0.8022485375404358,0.13073615729808807,0.87467360496521,0.22784410417079926,0.8263326287269592,-0.05570119246840477,0.965279221534729,PD_Early,004_PD_01_MD.MOV
0.2841567397117615,0.24599888920783997,-0.11242438107728958,0.9949937462806702,0.2837744653224945,0.22862762212753296,-0.10244778543710709,0.9888582825660706,0.2829698324203491,0.22679197788238525,-0.10245078057050705,0.9876103401184082,0.28194740414619446,0.22493186593055725,-0.10238400101661682,0.9890901446342468,0.28349801898002625,0.22879308462142944,-0.13431532680988312,0.9929107427597046,0.28269654512405396,0.22740313410758972,-0.13437065482139587,0.9939314723014832,0.28153765201568604,0.22597995400428772,-0.13447825610637665,0.9948558211326599,0.270900160074234,0.21962139010429382,-0.04219486191868782,0.9669373035430908,0.27161258459091187,0.22093236446380615,-0.18742910027503967,0.9940363764762878,0.27742260694503784,0.2539437711238861,-0.0860426127910614,0.9907574653625488,0.27742376923561096,0.25394386053085327,-0.1281260848045349,0.9957650899887085,0.24458932876586914,0.287825345993042,0.053499769419431686,0.9970470666885376,0.23809845745563507,0.2902701795101166,-0.23711834847927094,0.9999563097953796,0.2411453127861023,0.4016423225402832,0.09155581146478653,0.031675007194280624,0.2281065434217453,0.40524065494537354,-0.2704913914203644,0.9896270632743835,0.24940632283687592,0.4999918043613434,0.035914696753025055,0.06087344139814377,0.24050933122634888,0.5150701999664307,-0.27299171686172485,0.9802600145339966,0.2529834508895874,0.5295253396034241,0.03192944452166557,0.0690833330154419,0.23718778789043427,0.5398754477500916,-0.304500937461853,0.9669851660728455,0.25527554750442505,0.52846759557724,0.008404371328651905,0.07406491041183472,0.24275237321853638,0.5406343936920166,-0.3040987551212311,0.9654300212860107,0.25306054949760437,0.5174195170402527,0.022766271606087685,0.07495733350515366,0.24408458173274994,0.5309903025627136,-0.27203530073165894,0.9373796582221985,0.25020813941955566,0.4932616055011749,0.08468015491962433,0.9976253509521484,0.24108028411865234,0.4885285496711731,-0.08467187732458115,0.9983746409416199,0.2553675174713135,0.6197274327278137,0.10292032361030579,0.5422343611717224,0.2277335673570633,0.6324072480201721,-0.08252368867397308,0.9654551148414612,0.26698052883148193,0.7820832133293152,0.18818479776382446,0.7653550505638123,0.19253210723400116,0.7895424365997314,0.02278156951069832,0.9681254029273987,0.2619166374206543,0.8099082112312317,0.19127918779850006,0.7984572052955627,0.18089766800403595,0.8192936778068542,0.027707397937774658,0.9083927273750305,0.3038460910320282,0.8026677370071411,0.1309596598148346,0.8778401613235474,0.22836193442344666,0.8272095918655396,-0.05315513536334038,0.9662383794784546,PD_Early,004_PD_01_MD.MOV
0.2860969603061676,0.24313218891620636,-0.11176889389753342,0.9952771663665771,0.2846708595752716,0.22464077174663544,-0.10170157253742218,0.9894663095474243,0.28387242555618286,0.22302678227424622,-0.10170961916446686,0.988254964351654,0.2828691303730011,0.22140449285507202,-0.10165118426084518,0.989642322063446,0.2844085693359375,0.22433297336101532,-0.1334761679172516,0.9932377934455872,0.2836168706417084,0.22277630865573883,-0.13352933526039124,0.9942030310630798,0.2826572060585022,0.22120527923107147,-0.13363783061504364,0.9950649738311768,0.27269867062568665,0.2173517942428589,-0.04015135392546654,0.9683377742767334,0.27289822697639465,0.21799787878990173,-0.1848863661289215,0.9943511486053467,0.2799437642097473,0.2516215145587921,-0.08488663285970688,0.9912708401679993,0.2800367474555969,0.2517566680908203,-0.1268400102853775,0.9959937930107117,0.2476155012845993,0.28780806064605713,0.05747790262103081,0.9971516132354736,0.24011380970478058,0.2885679006576538,-0.23478898406028748,0.999957799911499,0.24278998374938965,0.40161922574043274,0.09561457484960556,0.03089277632534504,0.23037174344062805,0.40268459916114807,-0.2667158246040344,0.9899065494537354,0.2504837214946747,0.49987712502479553,0.0412723571062088,0.060099486261606216,0.24311907589435577,0.5118697881698608,-0.26772090792655945,0.9806931614875793,0.2571691572666168,0.5293115377426147,0.037032391875982285,0.06844081729650497,0.24003440141677856,0.5368836522102356,-0.2983999252319336,0.9673565626144409,0.25595974922180176,0.5283493995666504,0.013049551285803318,0.07339787483215332,0.24486203491687775,0.537432849407196,-0.2981995642185211,0.9657906889915466,0.25390228629112244,0.5172377824783325,0.0279418732970953,0.0742909163236618,0.24624179303646088,0.5285958647727966,-0.2667330205440521,0.9379055500030518,0.25320661067962646,0.4928448796272278,0.08533506095409393,0.9977383017539978,0.24157550930976868,0.488162636756897,-0.0853295773267746,0.9984185099601746,0.2588418424129486,0.6207894682884216,0.10338668525218964,0.5396126508712769,0.23021523654460907,0.6325974464416504,-0.07499529421329498,0.9651496410369873,0.26824143528938293,0.7828488945960999,0.18779340386390686,0.7673430442810059,0.1928219348192215,0.7881700396537781,0.02435329556465149,0.9686902761459351,0.26293855905532837,0.8106135129928589,0.19057686626911163,0.799799919128418,0.18094152212142944,0.8166944980621338,0.028721589595079422,0.9083224534988403,0.3055206537246704,0.803170382976532,0.13042552769184113,0.8785129189491272,0.22850999236106873,0.8280065059661865,-0.052905481308698654,0.9665818214416504,PD_Early,004_PD_01_MD.MOV
0.29095420241355896,0.24322998523712158,-0.10827943682670593,0.9955275654792786,0.2903140187263489,0.22480496764183044,-0.09837163984775543,0.989982008934021,0.28949204087257385,0.22315600514411926,-0.09837815165519714,0.9888110160827637,0.28826531767845154,0.2214953601360321,-0.09832009673118591,0.9901227355003357,0.2898939251899719,0.22452223300933838,-0.12979398667812347,0.993516743183136,0.28882256150245667,0.22293193638324738,-0.12984837591648102,0.9944470524787903,0.28776267170906067,0.22132517397403717,-0.12995578348636627,0.9952470064163208,0.2778613269329071,0.2173660695552826,-0.037685394287109375,0.9694408178329468,0.2767091989517212,0.21794338524341583,-0.18085144460201263,0.9946197271347046,0.284084677696228,0.25185057520866394,-0.081759013235569,0.9916799664497375,0.2840942442417145,0.25193485617637634,-0.12325184792280197,0.9961766600608826,0.25169360637664795,0.28780055046081543,0.05915992334485054,0.9972051978111267,0.2451946884393692,0.28775063157081604,-0.23117095232009888,0.9999589323997498,0.24714769423007965,0.4016325771808624,0.0963650718331337,0.02977316826581955,0.2336885929107666,0.40113937854766846,-0.2622017562389374,0.9899749755859375,0.2553783059120178,0.4994712471961975,0.043923519551754,0.05847759172320366,0.24533429741859436,0.507999837398529,-0.263259619474411,0.9807077646255493,0.2634929418563843,0.5247244834899902,0.040915317833423615,0.06703270226716995,0.24264392256736755,0.5334717631340027,-0.29280325770378113,0.9671459197998047,0.26138725876808167,0.527743935585022,0.016892559826374054,0.07188746333122253,0.24741998314857483,0.5341312289237976,-0.2918145954608917,0.965557873249054,0.25925615429878235,0.5166656374931335,0.030666504055261612,0.07281417399644852,0.24889057874679565,0.5259080529212952,-0.2619439661502838,0.9374176859855652,0.25669968128204346,0.4917522370815277,0.0858277976512909,0.9977940320968628,0.2456427961587906,0.487632691860199,-0.08581585437059402,0.9984190464019775,0.26072508096694946,0.6218289732933044,0.10004886239767075,0.5305029153823853,0.23595117032527924,0.6326146721839905,-0.07765530794858932,0.9642214179039001,0.26767319440841675,0.783215343952179,0.1732676774263382,0.7643961906433105,0.19365696609020233,0.7853622436523438,0.006441067438572645,0.9687469005584717,0.2623862326145172,0.8104796409606934,0.17484383285045624,0.797341525554657,0.18097305297851562,0.8116896748542786,0.009268676862120628,0.9076786637306213,0.30423635244369507,0.8036158680915833,0.11615306884050369,0.876350462436676,0.22856400907039642,0.8280699849128723,-0.07158662378787994,0.9665705561637878,PD_Early,004_PD_01_MD.MOV
0.29421818256378174,0.24332718551158905,-0.1054127886891365,0.9956896305084229,0.2936688959598541,0.22476781904697418,-0.09593714028596878,0.9902457594871521,0.29274311661720276,0.22309277951717377,-0.09594091773033142,0.9890800714492798,0.29166221618652344,0.22142097353935242,-0.09588152915239334,0.9903651475906372,0.2931607961654663,0.22444304823875427,-0.1277185082435608,0.993624210357666,0.2922438681125641,0.22279535233974457,-0.12777236104011536,0.9945465326309204,0.29120033979415894,0.22115018963813782,-0.1278804987668991,0.9952823519706726,0.2816915214061737,0.21721862256526947,-0.035975031554698944,0.9694942831993103,0.28049737215042114,0.2177221179008484,-0.18086735904216766,0.9947324395179749,0.28754788637161255,0.2519010603427887,-0.07893689721822739,0.9918596148490906,0.28749197721481323,0.25194865465164185,-0.12097422778606415,0.9962301850318909,0.2545950412750244,0.28754162788391113,0.06529345363378525,0.9972856640815735,0.250018447637558,0.28546595573425293,-0.23283573985099792,0.9999604225158691,0.25245288014411926,0.40161144733428955,0.10690195858478546,0.028452424332499504,0.23879243433475494,0.3986848294734955,-0.2639533579349518,0.9898166060447693,0.2627575099468231,0.4990050196647644,0.05978888273239136,0.0570390447974205,0.24929377436637878,0.503635585308075,-0.26504912972450256,0.9806331396102905,0.2707768380641937,0.5244982838630676,0.059365853667259216,0.06586578488349915,0.24676720798015594,0.5307067632675171,-0.2949472665786743,0.9670029878616333,0.26983651518821716,0.5271679759025574,0.03374652937054634,0.07065070420503616,0.2524532377719879,0.5306735634803772,-0.29324689507484436,0.9654363393783569,0.26748597621917725,0.516028106212616,0.04614878445863724,0.0716567263007164,0.2540696859359741,0.5229100584983826,-0.2634875476360321,0.9370086193084717,0.2621518075466156,0.491329163312912,0.09020580351352692,0.9978845715522766,0.250296413898468,0.48711371421813965,-0.09020467847585678,0.9984585046768188,0.26369771361351013,0.6255295276641846,0.11035911738872528,0.5209967494010925,0.24258187413215637,0.6327652931213379,-0.08671009540557861,0.9646852016448975,0.26836097240448,0.784555196762085,0.19218997657299042,0.7648484110832214,0.19582884013652802,0.7810564637184143,-0.004950201138854027,0.969712495803833,0.26279136538505554,0.8106350302696228,0.19465668499469757,0.7977433800697327,0.18230697512626648,0.8040693998336792,-0.001531241345219314,0.9089365005493164,0.30567649006843567,0.8047705292701721,0.13774700462818146,0.8758499622344971,0.2285228818655014,0.8280489444732666,-0.07855316996574402,0.967531681060791,PD_Early,004_PD_01_MD.MOV
0.29633626341819763,0.24333131313323975,-0.10389626026153564,0.9957309365272522,0.2956402003765106,0.22457215189933777,-0.09413672238588333,0.9901094436645508,0.2947416305541992,0.22293749451637268,-0.09414003789424896,0.9889100790023804,0.293617844581604,0.22131815552711487,-0.09407958388328552,0.990228533744812,0.29536765813827515,0.22408156096935272,-0.1261908859014511,0.9934715032577515,0.29450228810310364,0.2223435938358307,-0.12624308466911316,0.9944326281547546,0.29349228739738464,0.22061389684677124,-0.12635193765163422,0.9951195120811462,0.2832878530025482,0.21712060272693634,-0.03414446488022804,0.968101978302002,0.28330928087234497,0.21681760251522064,-0.1801559180021286,0.9946376085281372,0.2896575927734375,0.25190746784210205,-0.07750096172094345,0.9917568564414978,0.2899530827999115,0.25183814764022827,-0.1198667585849762,0.9961569309234619,0.2566963732242584,0.28753361105918884,0.06780366599559784,0.9973272085189819,0.2510961592197418,0.28435027599334717,-0.23345160484313965,0.9999616146087646,0.25371211767196655,0.40307527780532837,0.10723688453435898,0.027409957721829414,0.24212272465229034,0.39767637848854065,-0.26424676179885864,0.9898518919944763,0.2624313533306122,0.5004210472106934,0.05918898433446884,0.055735450237989426,0.25304973125457764,0.5023362040519714,-0.2662618160247803,0.9808364510536194,0.27093735337257385,0.5232473611831665,0.05799175053834915,0.06476894021034241,0.25152114033699036,0.5285301208496094,-0.29616910219192505,0.9673197865486145,0.26857903599739075,0.5288353562355042,0.03301876783370972,0.06940790265798569,0.2562515437602997,0.5282213687896729,-0.29479560256004333,0.9657820463180542,0.2663984000682831,0.5174171328544617,0.045743245631456375,0.07052487879991531,0.25721997022628784,0.520449697971344,-0.2647514343261719,0.9374374151229858,0.2630719542503357,0.4916573464870453,0.09332169592380524,0.9979286193847656,0.25089412927627563,0.48737916350364685,-0.09333830326795578,0.9984531402587891,0.26637929677963257,0.6276090145111084,0.11552619934082031,0.5131976008415222,0.24809598922729492,0.6336065530776978,-0.08930093795061111,0.9659088253974915,0.26837122440338135,0.7845540046691895,0.20100285112857819,0.7659343481063843,0.19712047278881073,0.7770600318908691,-0.003347904421389103,0.970869243144989,0.26288020610809326,0.8106065988540649,0.20389729738235474,0.7970041036605835,0.18398776650428772,0.7954224348068237,0.0008216640562750399,0.9110561013221741,0.3069629669189453,0.805381178855896,0.14759063720703125,0.8753529191017151,0.2284865528345108,0.8279637098312378,-0.07486297190189362,0.9686527848243713,PD_Early,004_PD_01_MD.MOV
0.2998359799385071,0.24432291090488434,-0.1052144393324852,0.9956504702568054,0.2994275689125061,0.2253880500793457,-0.09550973027944565,0.9896352291107178,0.2985982596874237,0.22369836270809174,-0.09551353752613068,0.9884273409843445,0.2975215017795563,0.2220390886068344,-0.09545479714870453,0.9898600578308105,0.299080491065979,0.2248293161392212,-0.12760192155838013,0.9930505752563477,0.29819053411483765,0.222983717918396,-0.12765507400035858,0.9941084980964661,0.29713237285614014,0.2211696207523346,-0.1277620494365692,0.9947438836097717,0.28748804330825806,0.21719315648078918,-0.03614256531000137,0.9660748839378357,0.287291944026947,0.2168806493282318,-0.1819479614496231,0.9943398237228394,0.2927241623401642,0.2528800964355469,-0.07907814532518387,0.9912229180335999,0.2929433286190033,0.25257182121276855,-0.1214553564786911,0.9958444833755493,0.2591390311717987,0.2873491048812866,0.06578145176172256,0.9973832964897156,0.2555893659591675,0.2840573489665985,-0.23947809636592865,0.9999622106552124,0.25359123945236206,0.4035980701446533,0.10390050709247589,0.026399409398436546,0.24627773463726044,0.39729997515678406,-0.2710900604724884,0.9896318316459656,0.2605395019054413,0.501194953918457,0.05862438306212425,0.054084327071905136,0.258050799369812,0.5020108819007874,-0.26880040764808655,0.9804544448852539,0.26881545782089233,0.5213086605072021,0.05850435048341751,0.0632176548242569,0.2570746839046478,0.5280568599700928,-0.29998689889907837,0.9668276309967041,0.2683030366897583,0.5232804417610168,0.03395538777112961,0.06764151901006699,0.26054152846336365,0.5274571776390076,-0.29531005024909973,0.9653140902519226,0.2675757110118866,0.5152844190597534,0.045526545494794846,0.06880909949541092,0.2613082528114319,0.5197580456733704,-0.2661948800086975,0.9364633560180664,0.2634675204753876,0.49164241552352905,0.09700622409582138,0.9979751706123352,0.2539535164833069,0.48742014169692993,-0.09705372899770737,0.9984302520751953,0.2675703763961792,0.6305927038192749,0.11925859749317169,0.5016427040100098,0.25533923506736755,0.6346473693847656,-0.09276756644248962,0.9674229025840759,0.2687877118587494,0.7850603461265564,0.2076045721769333,0.765620231628418,0.20021840929985046,0.7721301317214966,-0.004484362900257111,0.9720909595489502,0.2633708715438843,0.8106034398078918,0.21084707975387573,0.7944298982620239,0.18743076920509338,0.7880960702896118,0.00039179675513878465,0.9138508439064026,0.30740341544151306,0.8069266080856323,0.15646114945411682,0.8738208413124084,0.22846998274326324,0.8278290629386902,-0.07171247154474258,0.9697911739349365,PD_Early,004_PD_01_MD.MOV
0.3028547167778015,0.2443346083164215,-0.10617342591285706,0.99537193775177,0.30254536867141724,0.22499097883701324,-0.09665784984827042,0.9887206554412842,0.3016972243785858,0.22326624393463135,-0.09665825217962265,0.9875102043151855,0.30061885714530945,0.22158101201057434,-0.09659471362829208,0.9891476035118103,0.3022538721561432,0.2244243174791336,-0.12871257960796356,0.9922240376472473,0.3013889491558075,0.22254595160484314,-0.12877002358436584,0.9934216737747192,0.30038177967071533,0.22070735692977905,-0.12887927889823914,0.9939772486686707,0.2907872796058655,0.21690857410430908,-0.03622818365693092,0.9624959230422974,0.2903388738632202,0.2166149914264679,-0.1822292059659958,0.9935368299484253,0.29594624042510986,0.2528885006904602,-0.07956762611865997,0.9901601076126099,0.29625046253204346,0.2525843381881714,-0.1219530776143074,0.9952058792114258,0.2596832811832428,0.287057101726532,0.06392166763544083,0.9974416494369507,0.2617812752723694,0.2841675579547882,-0.2431812733411789,0.9999611377716064,0.2574080526828766,0.3969670832157135,0.10307977348566055,0.025402087718248367,0.2537161111831665,0.397504061460495,-0.2749512493610382,0.9881988763809204,0.26172882318496704,0.5011497735977173,0.055343907326459885,0.052514392882585526,0.2616692781448364,0.5024869441986084,-0.27054861187934875,0.9783366918563843,0.26886746287345886,0.5200649499893188,0.054857827723026276,0.06176719069480896,0.26169338822364807,0.5282765030860901,-0.30254414677619934,0.9641988277435303,0.2695898711681366,0.521195113658905,0.03033083863556385,0.06600293517112732,0.264918714761734,0.5278480052947998,-0.29705336689949036,0.9626315236091614,0.2696002721786499,0.5116401314735413,0.04224259406328201,0.06717782467603683,0.26518434286117554,0.5200538635253906,-0.2678122818470001,0.9318728446960449,0.2632051110267639,0.4915536344051361,0.09911789745092392,0.9980483055114746,0.25764143466949463,0.4875926971435547,-0.09919647872447968,0.9984286427497864,0.2689550817012787,0.6313133239746094,0.13320371508598328,0.488294780254364,0.2601935565471649,0.6349402666091919,-0.09041202813386917,0.9684687256813049,0.2687378227710724,0.7850576043128967,0.23152627050876617,0.7654469013214111,0.2063814103603363,0.7670058608055115,0.004734109155833721,0.9730399250984192,0.2628885805606842,0.8105840086936951,0.23597949743270874,0.7929149270057678,0.19285602867603302,0.7801773548126221,0.011454191990196705,0.9160189628601074,0.3069606125354767,0.8071285486221313,0.18347220122814178,0.8730761408805847,0.22871270775794983,0.8254571557044983,-0.05202529951930046,0.9707018733024597,PD_Early,004_PD_01_MD.MOV
0.30573734641075134,0.2444828450679779,-0.11339870095252991,0.9950826168060303,0.3052351772785187,0.2250034213066101,-0.10309354960918427,0.9878105521202087,0.30442318320274353,0.22327812016010284,-0.10311169922351837,0.9865315556526184,0.3033757209777832,0.22159993648529053,-0.10306897014379501,0.9883649945259094,0.3048988878726959,0.22446830570697784,-0.13589534163475037,0.9915189743041992,0.3040398359298706,0.22261381149291992,-0.13594619929790497,0.9928316473960876,0.3030242621898651,0.22079508006572723,-0.13605357706546783,0.9933443069458008,0.2930724024772644,0.21706241369247437,-0.041571054607629776,0.959047794342041,0.292828768491745,0.21665672957897186,-0.19055965542793274,0.9929914474487305,0.29906171560287476,0.25290924310684204,-0.08633854240179062,0.9892758727073669,0.2992933690547943,0.2525961399078369,-0.12957265973091125,0.9947484135627747,0.2644668221473694,0.28624099493026733,0.06356998533010483,0.9974884390830994,0.26291823387145996,0.28433263301849365,-0.24831052124500275,0.9999595880508423,0.2614852488040924,0.3929924964904785,0.1027902141213417,0.024489205330610275,0.2541910707950592,0.39752236008644104,-0.2798353433609009,0.9871134161949158,0.26573646068573,0.4962281286716461,0.05430939421057701,0.05073095113039017,0.26353776454925537,0.5026070475578308,-0.27730676531791687,0.9766217470169067,0.27119991183280945,0.513672947883606,0.0533418133854866,0.06009535863995552,0.2638568878173828,0.528624415397644,-0.3101092278957367,0.9619877934455872,0.274949848651886,0.5140644907951355,0.02919846959412098,0.06416553258895874,0.26682958006858826,0.5282606482505798,-0.3058624267578125,0.9603655338287354,0.27057284116744995,0.5088330507278442,0.0412265919148922,0.06532032787799835,0.2668816149234772,0.5203670859336853,-0.275020033121109,0.9279114603996277,0.2667783498764038,0.4915160536766052,0.09933190047740936,0.9980961084365845,0.2598167061805725,0.48785531520843506,-0.09939774870872498,0.9984188079833984,0.2708645761013031,0.6315559148788452,0.1352922022342682,0.48147347569465637,0.2645661234855652,0.6349291205406189,-0.09196794778108597,0.9693083763122559,0.2684142291545868,0.7850387096405029,0.23486700654029846,0.7677747011184692,0.2114785611629486,0.7627833485603333,0.005438318010419607,0.9737927913665771,0.2622971832752228,0.8104597926139832,0.2393602877855301,0.7934221029281616,0.19730909168720245,0.7744505405426025,0.011805878952145576,0.917362630367279,0.30687469244003296,0.8071199059486389,0.18597987294197083,0.8735575079917908,0.2304554581642151,0.8234604001045227,-0.05293632298707962,0.9714298248291016,PD_Early,004_PD_01_MD.MOV
0.30930572748184204,0.24448499083518982,-0.1194978803396225,0.9948150515556335,0.3088778555393219,0.2250182032585144,-0.10848138481378555,0.9869863986968994,0.3081943094730377,0.22329536080360413,-0.10851231962442398,0.9856249094009399,0.30731502175331116,0.2216271162033081,-0.10847543925046921,0.9876065254211426,0.30833908915519714,0.22450678050518036,-0.14197494089603424,0.9909145832061768,0.307433158159256,0.22266699373722076,-0.14202161133289337,0.992299497127533,0.3064044713973999,0.22084571421146393,-0.1421307921409607,0.9928143620491028,0.29694071412086487,0.21713292598724365,-0.04450512304902077,0.9563429355621338,0.2958369553089142,0.216673344373703,-0.19659198820590973,0.9926259517669678,0.3030330240726471,0.2529136538505554,-0.09152369201183319,0.988615095615387,0.30288082361221313,0.2526073157787323,-0.13563022017478943,0.9944736361503601,0.26982423663139343,0.2858726382255554,0.0622454509139061,0.9976046085357666,0.2640056014060974,0.28523221611976624,-0.25183334946632385,0.999958872795105,0.26462846994400024,0.39235153794288635,0.10143529623746872,0.024041416123509407,0.2547764778137207,0.3978807330131531,-0.2852594554424286,0.9865536093711853,0.26782146096229553,0.49450916051864624,0.05286891385912895,0.04993831366300583,0.2645532190799713,0.5028313994407654,-0.2873985469341278,0.9755977392196655,0.2732783257961273,0.5144084095954895,0.05285188928246498,0.0594816580414772,0.2649163603782654,0.5308080315589905,-0.3221120536327362,0.9605559706687927,0.27512580156326294,0.5129871964454651,0.02836688607931137,0.06344248354434967,0.26837682723999023,0.5320817828178406,-0.3191966712474823,0.9588966369628906,0.27085503935813904,0.5081544518470764,0.0397830493748188,0.0645492747426033,0.26838383078575134,0.522750973701477,-0.2857598662376404,0.925265908241272,0.27214062213897705,0.4922772943973541,0.09970355033874512,0.9981729984283447,0.26138609647750854,0.4894743859767914,-0.09975865483283997,0.9984429478645325,0.27447348833084106,0.6319846510887146,0.14735953509807587,0.4746355414390564,0.27061983942985535,0.6349207162857056,-0.09826768934726715,0.9699393510818481,0.26870328187942505,0.7861565947532654,0.2543580234050751,0.7670515179634094,0.21995633840560913,0.7627320885658264,0.012740946374833584,0.9740262627601624,0.26268917322158813,0.8102225065231323,0.2596065104007721,0.7915844917297363,0.2060174196958542,0.7725889086723328,0.02122805081307888,0.9170953035354614,0.3070099651813507,0.8088258504867554,0.20550967752933502,0.873278021812439,0.2366684228181839,0.8202915787696838,-0.045130420476198196,0.971985936164856,PD_Early,004_PD_01_MD.MOV
0.31141290068626404,0.2444300353527069,-0.12157536298036575,0.9927455186843872,0.3112887740135193,0.22501026093959808,-0.11087919026613235,0.981916069984436,0.3106291592121124,0.22329838573932648,-0.11090465635061264,0.9799184203147888,0.3097839057445526,0.22164712846279144,-0.11086318641901016,0.9829162359237671,0.3107961118221283,0.2245180755853653,-0.14421014487743378,0.9869707822799683,0.30996033549308777,0.2226949781179428,-0.14425261318683624,0.9886332154273987,0.3089984655380249,0.22089825570583344,-0.14436903595924377,0.989410936832428,0.2994444966316223,0.21728940308094025,-0.0484941229224205,0.9394811987876892,0.29867273569107056,0.21671363711357117,-0.20028366148471832,0.9889758229255676,0.3049822747707367,0.25287437438964844,-0.09396878629922867,0.9835745692253113,0.3049113154411316,0.2525371015071869,-0.1379058063030243,0.9917035102844238,0.2717750370502472,0.2858596742153168,0.05605637654662132,0.9975646138191223,0.2677149474620819,0.28608325123786926,-0.25707387924194336,0.9999532699584961,0.2674960196018219,0.3930189907550812,0.09400789439678192,0.022820157930254936,0.25842294096946716,0.3997304141521454,-0.292226105928421,0.9835910201072693,0.27158722281455994,0.49394655227661133,0.04589710012078285,0.04826538264751434,0.27236345410346985,0.5029979944229126,-0.2908042371273041,0.9721356630325317,0.2752580940723419,0.5144685506820679,0.044579386711120605,0.05800282210111618,0.271977037191391,0.5321984887123108,-0.32544365525245667,0.9564021229743958,0.27918973565101624,0.5138806104660034,0.020662326365709305,0.06179533153772354,0.2751694917678833,0.5330135226249695,-0.3203199505805969,0.9544763565063477,0.27520057559013367,0.5079471468925476,0.033065833151340485,0.06295507401227951,0.2751532793045044,0.5229582786560059,-0.2883014678955078,0.9178633689880371,0.27528372406959534,0.4961107671260834,0.0999288484454155,0.9982089996337891,0.26679420471191406,0.4946800470352173,-0.10001599043607712,0.9984134435653687,0.2763083577156067,0.6322829723358154,0.18283094465732574,0.44913604855537415,0.2752768099308014,0.635408341884613,-0.04152226448059082,0.966594934463501,0.269012451171875,0.785277783870697,0.3108693063259125,0.7477930784225464,0.23454615473747253,0.7636797428131104,0.10143240541219711,0.970653772354126,0.26307106018066406,0.8014402389526367,0.31929340958595276,0.7791711688041687,0.22055576741695404,0.7750975489616394,0.1125350147485733,0.9099904894828796,0.30652153491973877,0.8088601231575012,0.2724192440509796,0.8646489381790161,0.25209513306617737,0.808959424495697,0.0520796924829483,0.9692747592926025,PD_Early,004_PD_01_MD.MOV
0.3144688308238983,0.24298115074634552,-0.12003836780786514,0.9886810779571533,0.313888818025589,0.22313450276851654,-0.10888274013996124,0.973883330821991,0.31319114565849304,0.22156715393066406,-0.10890814661979675,0.9711383581161499,0.3123091459274292,0.22008657455444336,-0.10885141044855118,0.9759106040000916,0.31339848041534424,0.22250929474830627,-0.1427355408668518,0.9803363084793091,0.31254491209983826,0.22074022889137268,-0.1427702158689499,0.9819408655166626,0.31158462166786194,0.21879763901233673,-0.14291666448116302,0.9835975170135498,0.30161038041114807,0.21649600565433502,-0.04726172238588333,0.9164169430732727,0.30135080218315125,0.2156980335712433,-0.198772594332695,0.9824331402778625,0.3078175485134125,0.2518226206302643,-0.09244836121797562,0.976129949092865,0.3078719675540924,0.25113892555236816,-0.13694055378437042,0.9873006343841553,0.27212971448898315,0.2859492897987366,0.056115973740816116,0.9974442720413208,0.2714862525463104,0.2871253788471222,-0.25444895029067993,0.999945342540741,0.2642439007759094,0.3957653045654297,0.0870613306760788,0.021869057789444923,0.262658029794693,0.4021528959274292,-0.2889620363712311,0.9800459146499634,0.27005213499069214,0.4950425326824188,0.030444689095020294,0.04722129553556442,0.27710235118865967,0.5030676126480103,-0.286981463432312,0.9686117172241211,0.27540746331214905,0.5183400511741638,0.025989003479480743,0.05724220350384712,0.2758929133415222,0.5323004126548767,-0.32033616304397583,0.9522824287414551,0.2796253561973572,0.5173794627189636,0.002857050159946084,0.06083683297038078,0.27849894762039185,0.5330147743225098,-0.3162284791469574,0.9499422311782837,0.2738398611545563,0.5109367370605469,0.01747596636414528,0.06201017275452614,0.27856504917144775,0.5229203701019287,-0.28494441509246826,0.910298764705658,0.276716023683548,0.5003485679626465,0.10064921528100967,0.9982053637504578,0.2694375813007355,0.49980124831199646,-0.10076958686113358,0.9983503818511963,0.280307412147522,0.6332770586013794,0.1960683912038803,0.42171820998191833,0.2733408510684967,0.641012966632843,-0.015244490467011929,0.9613758325576782,0.26882603764533997,0.7814316153526306,0.3311413824558258,0.7237948179244995,0.24845099449157715,0.7693436741828918,0.1332523226737976,0.966754138469696,0.2630058228969574,0.7959208488464355,0.3401489853858948,0.7645851969718933,0.234302818775177,0.7770109176635742,0.1443919688463211,0.9043124318122864,0.30538615584373474,0.8088187575340271,0.2920214831829071,0.854678750038147,0.277376264333725,0.8100410103797913,0.07926826179027557,0.9667233824729919,PD_Early,004_PD_01_MD.MOV
0.318739116191864,0.24306529760360718,-0.1121201142668724,0.983925461769104,0.31876713037490845,0.22316661477088928,-0.10182754695415497,0.9649311304092407,0.3180796802043915,0.22158530354499817,-0.10184580832719803,0.9620231986045837,0.3171902596950531,0.22013114392757416,-0.10177325457334518,0.9683456420898438,0.3183748126029968,0.22258155047893524,-0.13583803176879883,0.9733483791351318,0.31737059354782104,0.22082819044589996,-0.13587568700313568,0.9755758047103882,0.3163772523403168,0.21888367831707,-0.13603109121322632,0.9777737259864807,0.3064916431903839,0.21656668186187744,-0.04568714648485184,0.8959956765174866,0.30623653531074524,0.2157433182001114,-0.19737304747104645,0.9740132093429565,0.31132015585899353,0.25210076570510864,-0.08684917539358139,0.966526985168457,0.31151822209358215,0.2513989210128784,-0.1315961629152298,0.982032060623169,0.27262914180755615,0.28593283891677856,0.05615738779306412,0.9971190094947815,0.27771347761154175,0.2872147560119629,-0.2541741132736206,0.9999292492866516,0.26730582118034363,0.39958617091178894,0.08841685950756073,0.020831160247325897,0.2678847908973694,0.40218231081962585,-0.288151353597641,0.9775908589363098,0.27521684765815735,0.49665093421936035,0.03540222719311714,0.04672255367040634,0.28061455488204956,0.5038838982582092,-0.2860305607318878,0.9672970175743103,0.2783394157886505,0.5231002569198608,0.03551522269845009,0.05733215808868408,0.2794230282306671,0.5349957942962646,-0.31948986649513245,0.9510181546211243,0.28184929490089417,0.5209009647369385,0.010815070010721684,0.06083648279309273,0.2826128602027893,0.5330543518066406,-0.314508318901062,0.9485449194908142,0.2795630395412445,0.5125685930252075,0.022434381768107414,0.06186440959572792,0.2818450629711151,0.5236790180206299,-0.2835058867931366,0.9075301289558411,0.2756902575492859,0.4998380243778229,0.10029615461826324,0.9980779886245728,0.27260908484458923,0.4993583858013153,-0.10040083527565002,0.9982174038887024,0.27743515372276306,0.6385435461997986,0.17563430964946747,0.40349987149238586,0.28256404399871826,0.6406746506690979,-0.0419154055416584,0.9595487713813782,0.26780909299850464,0.7800485491752625,0.2937915623188019,0.7043479084968567,0.2548435926437378,0.7717764377593994,0.07743922621011734,0.9657378792762756,0.25787752866744995,0.7872854471206665,0.30083924531936646,0.7526595592498779,0.24019388854503632,0.7811843156814575,0.08542697876691818,0.9046972990036011,0.29700419306755066,0.8081948757171631,0.25385382771492004,0.8464970588684082,0.28522762656211853,0.8114644289016724,0.016960736364126205,0.9662078022956848,PD_Early,004_PD_01_MD.MOV
0.3220663070678711,0.24358825385570526,-0.10645144432783127,0.9804781079292297,0.32212331891059875,0.22351926565170288,-0.09576544165611267,0.9593091011047363,0.32152462005615234,0.22188135981559753,-0.09578118473291397,0.9559369683265686,0.32059553265571594,0.22038517892360687,-0.09571753442287445,0.9635167717933655,0.3214840888977051,0.22294043004512787,-0.1300467699766159,0.968905508518219,0.32042571902275085,0.2211187481880188,-0.13008859753608704,0.9714755415916443,0.31942644715309143,0.21920344233512878,-0.13024090230464935,0.9743553400039673,0.3100612461566925,0.2166684865951538,-0.03944731131196022,0.8853055834770203,0.30865421891212463,0.2159222662448883,-0.19464311003684998,0.9702799320220947,0.3148101568222046,0.2525312006473541,-0.08121252804994583,0.9613014459609985,0.31470969319343567,0.25188949704170227,-0.1262049376964569,0.9792315363883972,0.2754077911376953,0.28599995374679565,0.060946594923734665,0.9966999292373657,0.27862611413002014,0.2872965633869171,-0.25342556834220886,0.9999162554740906,0.27012497186660767,0.4022780954837799,0.09548056870698929,0.019784340634942055,0.26773518323898315,0.4054892361164093,-0.28846457600593567,0.9760847687721252,0.2798844575881958,0.5008706450462341,0.050601497292518616,0.04527631774544716,0.2795718312263489,0.5099577903747559,-0.28602418303489685,0.9661897420883179,0.28258800506591797,0.5235085487365723,0.051720842719078064,0.056082844734191895,0.27981245517730713,0.540174126625061,-0.3189426064491272,0.949717104434967,0.28634214401245117,0.528131365776062,0.027435163035988808,0.05941779538989067,0.28350934386253357,0.5384272933006287,-0.3139926791191101,0.9471462368965149,0.28444260358810425,0.5182578563690186,0.037670593708753586,0.06050463393330574,0.28304317593574524,0.5288891792297363,-0.2833898961544037,0.905228316783905,0.27598631381988525,0.4997675120830536,0.10055983811616898,0.9976164698600769,0.2745719254016876,0.49924424290657043,-0.10064470022916794,0.9977092146873474,0.2775859236717224,0.6447712182998657,0.16497494280338287,0.3783591687679291,0.2903520166873932,0.6388776898384094,-0.04935883730649948,0.9525148868560791,0.2668335735797882,0.7795431017875671,0.28680428862571716,0.6662236452102661,0.26392677426338196,0.7785857319831848,0.06685816496610641,0.9576737284660339,0.2564341127872467,0.7892937064170837,0.2951653301715851,0.7230278253555298,0.2532143294811249,0.7968128323554993,0.07536563277244568,0.8976442813873291,0.2976166307926178,0.8080989718437195,0.23263344168663025,0.8183193802833557,0.2998083233833313,0.8127453327178955,0.002357575809583068,0.9589785933494568,PD_Early,004_PD_01_MD.MOV
0.32303497195243835,0.2435934841632843,-0.10676801204681396,0.9788506627082825,0.3227408528327942,0.22351938486099243,-0.09667011350393295,0.9569988250732422,0.322126179933548,0.22188027203083038,-0.09668335318565369,0.9532214403152466,0.3213251829147339,0.2203909456729889,-0.09662087261676788,0.961582362651825,0.3221694529056549,0.22295735776424408,-0.13106411695480347,0.9671015739440918,0.32127249240875244,0.2211475372314453,-0.13110366463661194,0.9696019887924194,0.3203166425228119,0.21919424831867218,-0.1312667578458786,0.9728800654411316,0.31046053767204285,0.21668429672718048,-0.03984977677464485,0.8815988302230835,0.3097148537635803,0.21592669188976288,-0.1969582736492157,0.9687107801437378,0.31547001004219055,0.25254207849502563,-0.08134438097476959,0.9590685963630676,0.3154383599758148,0.2519091069698334,-0.12797948718070984,0.9780451059341431,0.278234601020813,0.28633958101272583,0.06168036162853241,0.9964444637298584,0.27905163168907166,0.2883788049221039,-0.26044905185699463,0.9999048113822937,0.2757757604122162,0.40219178795814514,0.09719954431056976,0.019033337011933327,0.26851555705070496,0.4079955518245697,-0.29888537526130676,0.9752179384231567,0.28177541494369507,0.505971372127533,0.052524812519550323,0.045066189020872116,0.2789812684059143,0.5172130465507507,-0.29712191224098206,0.9655188322067261,0.2850097715854645,0.5301085710525513,0.05350855365395546,0.056300900876522064,0.27919310331344604,0.54836505651474,-0.33094462752342224,0.948891282081604,0.29007211327552795,0.5281935334205627,0.028508124873042107,0.05950193852186203,0.28312987089157104,0.5475491285324097,-0.32553330063819885,0.9462199211120605,0.28601792454719543,0.5236362218856812,0.039277296513319016,0.060638781636953354,0.28299567103385925,0.5356624126434326,-0.29440635442733765,0.9038827419281006,0.2770809233188629,0.5013589262962341,0.10296332836151123,0.9972569942474365,0.2756747007369995,0.5009700655937195,-0.10303737223148346,0.9972896575927734,0.28296756744384766,0.6446526646614075,0.16204625368118286,0.3575518727302551,0.29297012090682983,0.6381580233573914,-0.052000559866428375,0.9491828680038452,0.2689960300922394,0.7791577577590942,0.27353206276893616,0.6329190135002136,0.27100861072540283,0.7838348150253296,0.062310781329870224,0.9537043571472168,0.25860530138015747,0.7943665385246277,0.27986395359039307,0.6982883214950562,0.2612214684486389,0.8078634142875671,0.07123386859893799,0.8954967260360718,0.30232366919517517,0.808127224445343,0.227878138422966,0.7939609289169312,0.3073219954967499,0.8151615858078003,-0.0021487923804670572,0.9548510909080505,PD_Early,004_PD_01_MD.MOV
0.3242705762386322,0.244764506816864,-0.10772419720888138,0.9790912866592407,0.3247441053390503,0.22429625689983368,-0.0976213589310646,0.9579012989997864,0.32413992285728455,0.2225269377231598,-0.09763489663600922,0.9540726542472839,0.32335031032562256,0.22096963226795197,-0.09757409244775772,0.9624617695808411,0.32413527369499207,0.22388619184494019,-0.13165782392024994,0.9679061770439148,0.32326069474220276,0.22201518714427948,-0.1316979080438614,0.9703254103660583,0.322268545627594,0.22017152607440948,-0.13185274600982666,0.9738097190856934,0.3124094009399414,0.21682067215442657,-0.03990083560347557,0.885416567325592,0.31156328320503235,0.2161731719970703,-0.19645777344703674,0.9697641134262085,0.3171786069869995,0.2536495625972748,-0.08174136281013489,0.9598203301429749,0.31699782609939575,0.25303852558135986,-0.1280488520860672,0.9786877632141113,0.2816186547279358,0.28647270798683167,0.0597274973988533,0.9960780143737793,0.2807265520095825,0.2886086404323578,-0.25879642367362976,0.9999011158943176,0.2786343991756439,0.401828795671463,0.09193132072687149,0.01839480735361576,0.26854637265205383,0.40895092487335205,-0.2968600392341614,0.9751923680305481,0.2815033495426178,0.5079899430274963,0.05092940479516983,0.044153280556201935,0.2792593240737915,0.525961697101593,-0.295629620552063,0.9650653004646301,0.286300390958786,0.5336756110191345,0.05195888504385948,0.05566537007689476,0.28232911229133606,0.5519071817398071,-0.3285926282405853,0.9482172727584839,0.2892053425312042,0.5334336161613464,0.027035804465413094,0.05859007313847542,0.28631237149238586,0.5523130297660828,-0.32269027829170227,0.9454057812690735,0.2853893041610718,0.5264624357223511,0.03805173188447952,0.059696849435567856,0.2862531840801239,0.5405868887901306,-0.2925753891468048,0.9030963778495789,0.2774423062801361,0.5012571215629578,0.1026659905910492,0.9965203404426575,0.27792131900787354,0.5009181499481201,-0.10277790576219559,0.9968163371086121,0.28163835406303406,0.6440537571907043,0.1405867487192154,0.33742204308509827,0.29630571603775024,0.6366720795631409,-0.06564345210790634,0.9474640488624573,0.2746897339820862,0.7789816856384277,0.22839857637882233,0.5990256071090698,0.2844509780406952,0.7858607769012451,0.010826566256582737,0.9508827328681946,0.2640749216079712,0.7982327342033386,0.23194994032382965,0.6716830134391785,0.27374717593193054,0.8114359974861145,0.014497518539428711,0.893776535987854,0.31099995970726013,0.8073648810386658,0.18393057584762573,0.7670978903770447,0.32309070229530334,0.8152298927307129,-0.05466316640377045,0.9507725834846497,PD_Early,004_PD_01_MD.MOV
0.32610175013542175,0.24491794407367706,-0.10808707028627396,0.9803498387336731,0.32651519775390625,0.22431495785713196,-0.09747759997844696,0.9604961276054382,0.3258717954158783,0.22254310548305511,-0.09749534726142883,0.9568763971328735,0.3250333368778229,0.2209852784872055,-0.09743837267160416,0.964714527130127,0.32596439123153687,0.2239031195640564,-0.13058225810527802,0.9699236154556274,0.32512280344963074,0.22202910482883453,-0.1306249052286148,0.972200870513916,0.32414916157722473,0.2202008068561554,-0.1307516098022461,0.9755768179893494,0.3144582509994507,0.21682949364185333,-0.039872441440820694,0.8925997018814087,0.3136846721172333,0.21617114543914795,-0.18973566591739655,0.9717081189155579,0.3194630742073059,0.2538846731185913,-0.08231080323457718,0.9621520638465881,0.31935712695121765,0.2532940208911896,-0.12691953778266907,0.9800809025764465,0.28628987073898315,0.28723666071891785,0.05683980509638786,0.9958569407463074,0.28317880630493164,0.28988707065582275,-0.24791105091571808,0.9999000430107117,0.2804558575153351,0.4017120599746704,0.08419247716665268,0.017929380759596825,0.2711747884750366,0.41085174679756165,-0.2886626124382019,0.9746983051300049,0.28352880477905273,0.50783771276474,0.03917345777153969,0.04297809675335884,0.28050997853279114,0.5233319401741028,-0.29064998030662537,0.9633843302726746,0.28751257061958313,0.5331494808197021,0.04044462367892265,0.05480588600039482,0.2847096621990204,0.5498712062835693,-0.3227483332157135,0.9465154409408569,0.28971195220947266,0.5332373976707458,0.016987042501568794,0.05746772885322571,0.28822270035743713,0.5504608750343323,-0.3157123327255249,0.943496584892273,0.28690487146377563,0.5260788202285767,0.02694915048778057,0.0585530661046505,0.28823402523994446,0.5392618179321289,-0.2872406244277954,0.9006809592247009,0.2782004773616791,0.5010175704956055,0.09802088141441345,0.9962911605834961,0.2794524133205414,0.5006147623062134,-0.0980522409081459,0.9968204498291016,0.2806835174560547,0.6369446516036987,0.14584964513778687,0.33495032787323,0.29967114329338074,0.6318215131759644,-0.06559672951698303,0.9507590532302856,0.2765227258205414,0.777319073677063,0.23263725638389587,0.597747802734375,0.29969826340675354,0.7873766422271729,0.0052370354533195496,0.953339159488678,0.2683435082435608,0.7985721230506897,0.2365364283323288,0.672432541847229,0.29222792387008667,0.8111673593521118,0.007645644247531891,0.8988382816314697,0.30971023440361023,0.802132785320282,0.20300520956516266,0.7676381468772888,0.33835989236831665,0.8155436515808105,-0.05679384991526604,0.9523340463638306,PD_Early,004_PD_01_MD.MOV
0.3279845416545868,0.24522128701210022,-0.11318523436784744,0.981610119342804,0.32820016145706177,0.224400594830513,-0.10266415029764175,0.9630941152572632,0.32757672667503357,0.22260265052318573,-0.10268469899892807,0.9596492052078247,0.32675299048423767,0.22104239463806152,-0.10263333469629288,0.9669727683067322,0.3275572955608368,0.22404929995536804,-0.13456277549266815,0.9719664454460144,0.3266950249671936,0.22219054400920868,-0.13460952043533325,0.9740848541259766,0.3256991505622864,0.22046144306659698,-0.13471640646457672,0.9773503541946411,0.31580764055252075,0.21695451438426971,-0.046323422342538834,0.8995420336723328,0.3149624764919281,0.21657107770442963,-0.1907399594783783,0.9736934900283813,0.3217793405056,0.2540532052516937,-0.08809357136487961,0.9645766019821167,0.3213527500629425,0.25358882546424866,-0.13035057485103607,0.9815033674240112,0.28892770409584045,0.2874497175216675,0.048512812703847885,0.9958064556121826,0.28471750020980835,0.2916323244571686,-0.24741506576538086,0.9999019503593445,0.2828092873096466,0.4011508822441101,0.07653924077749252,0.01759575679898262,0.2723543047904968,0.41201478242874146,-0.2861447036266327,0.9745181202888489,0.2849906384944916,0.5056397318840027,0.03123616799712181,0.042194612324237823,0.2810061275959015,0.5256127715110779,-0.28841906785964966,0.9626144170761108,0.28885501623153687,0.5314314365386963,0.03220900148153305,0.054371077567338943,0.2847735583782196,0.5519000291824341,-0.3200182020664215,0.9458656311035156,0.2904303967952728,0.5313043594360352,0.009365621022880077,0.05679520592093468,0.28856611251831055,0.5524494051933289,-0.3136778473854065,0.9427357912063599,0.28769025206565857,0.5240874886512756,0.01935552805662155,0.05784231796860695,0.28861576318740845,0.5417699217796326,-0.28519633412361145,0.9000656008720398,0.2792080044746399,0.500904381275177,0.09453681856393814,0.9962038397789001,0.28012627363204956,0.5002617239952087,-0.09453776478767395,0.9969168305397034,0.28002452850341797,0.6336289048194885,0.14854004979133606,0.32918840646743774,0.3009554147720337,0.6296811103820801,-0.0662112683057785,0.9534590244293213,0.2757734954357147,0.7774481773376465,0.23838286101818085,0.5946863889694214,0.3062642216682434,0.7871139049530029,-0.0025629454758018255,0.9553738832473755,0.2682221233844757,0.798852801322937,0.24284666776657104,0.6703394055366516,0.29887810349464417,0.8100029826164246,-0.0006865246687084436,0.9028021097183228,0.3085416257381439,0.7990665435791016,0.2085026651620865,0.7663224935531616,0.34709638357162476,0.8114272356033325,-0.0642193853855133,0.9535697102546692,PD_Early,004_PD_01_MD.MOV
0.3331165015697479,0.2472848892211914,-0.10979683697223663,0.9829689860343933,0.3339069187641144,0.2270946502685547,-0.09924455732107162,0.9657615423202515,0.333179771900177,0.22509470582008362,-0.09926676750183105,0.9625246524810791,0.33237364888191223,0.2233252078294754,-0.09920945018529892,0.9693140387535095,0.333197683095932,0.2274598628282547,-0.13115987181663513,0.9740538597106934,0.33233216404914856,0.2260245829820633,-0.13120387494564056,0.9760065674781799,0.3313250243663788,0.22482621669769287,-0.1313086599111557,0.9790962338447571,0.3218899369239807,0.21912921965122223,-0.04322025552392006,0.9063817262649536,0.32036325335502625,0.22043374180793762,-0.18743112683296204,0.9756609797477722,0.32641327381134033,0.25520437955856323,-0.08472588658332825,0.9672161936759949,0.3261292576789856,0.25525790452957153,-0.1266813725233078,0.9829782843589783,0.2924984097480774,0.28671368956565857,0.04894236847758293,0.9959812760353088,0.2895612120628357,0.2938248813152313,-0.24145226180553436,0.9999072551727295,0.2883056104183197,0.39618661999702454,0.07852941006422043,0.017908912152051926,0.27534401416778564,0.4120573103427887,-0.2783724367618561,0.9745640754699707,0.2896520495414734,0.5009649395942688,0.03181342035531998,0.04363470524549484,0.2825840711593628,0.5260626077651978,-0.28337016701698303,0.9628115296363831,0.29369184374809265,0.5253238677978516,0.03290838748216629,0.05663461983203888,0.28581684827804565,0.5541909337043762,-0.31585708260536194,0.9465426802635193,0.29381701350212097,0.5264970064163208,0.011298474855720997,0.05878482013940811,0.28912243247032166,0.5549538135528564,-0.31083258986473083,0.9433715343475342,0.29185640811920166,0.5200862288475037,0.020731652155518532,0.05967322364449501,0.28903377056121826,0.544971764087677,-0.28065890073776245,0.9013766050338745,0.2831985652446747,0.5039700865745544,0.09416218847036362,0.9962186813354492,0.28242504596710205,0.5002648234367371,-0.09416954964399338,0.997087299823761,0.2795887589454651,0.6333165168762207,0.1677570939064026,0.32618093490600586,0.3052704930305481,0.628219485282898,-0.0764828622341156,0.9561171531677246,0.2754201591014862,0.7775663137435913,0.27493393421173096,0.5938345193862915,0.3147651255130768,0.787382185459137,-0.021852903068065643,0.9573695063591003,0.2675655782222748,0.7995615601539612,0.281436949968338,0.6693062782287598,0.30703598260879517,0.8100834488868713,-0.020661549642682076,0.9066199064254761,0.3072919249534607,0.7980316281318665,0.24316781759262085,0.7663317918777466,0.3521893322467804,0.812157392501831,-0.08823549747467041,0.9550468325614929,PD_Early,004_PD_01_MD.MOV
0.33870917558670044,0.2510470747947693,-0.10173263400793076,0.9841660261154175,0.33931055665016174,0.23038151860237122,-0.09057264775037766,0.9681153297424316,0.33866825699806213,0.2283109426498413,-0.09058956056833267,0.9649993777275085,0.3375794291496277,0.22642910480499268,-0.09053165465593338,0.9713336825370789,0.3386598229408264,0.23057951033115387,-0.1225353479385376,0.9759238958358765,0.3375992774963379,0.2289392650127411,-0.12257678806781769,0.9777203798294067,0.33658114075660706,0.22757871448993683,-0.12268257886171341,0.9806672930717468,0.3273850083351135,0.22193501889705658,-0.032873671501874924,0.9119248986244202,0.32612794637680054,0.2225397676229477,-0.1776980608701706,0.9773880243301392,0.3317316472530365,0.25884416699409485,-0.07623996585607529,0.9694768786430359,0.3315933048725128,0.25866562128067017,-0.11820796877145767,0.9842635989189148,0.29662588238716125,0.2881937623023987,0.05970349162817001,0.9960798025131226,0.2948029935359955,0.29504165053367615,-0.23377037048339844,0.9999122619628906,0.2953324615955353,0.40282559394836426,0.08941511064767838,0.018245931714773178,0.2814521789550781,0.41353321075439453,-0.2727464437484741,0.9747651219367981,0.3002168536186218,0.5028684139251709,0.041574325412511826,0.04620376601815224,0.28819596767425537,0.526380717754364,-0.2788533866405487,0.9634163975715637,0.299935519695282,0.5275853872299194,0.043716393411159515,0.0602465495467186,0.29147574305534363,0.555764377117157,-0.31111207604408264,0.9477081298828125,0.3048005998134613,0.5301123857498169,0.02014162950217724,0.06223819777369499,0.2952369451522827,0.5567580461502075,-0.3062099814414978,0.9445390105247498,0.30328208208084106,0.5217260122299194,0.029778575524687767,0.06287447363138199,0.2946576476097107,0.5467042326927185,-0.27612119913101196,0.9035369157791138,0.2881392240524292,0.5054407715797424,0.09399007260799408,0.9961130023002625,0.2873340845108032,0.5005456209182739,-0.09400196373462677,0.9971966743469238,0.28170040249824524,0.6326571702957153,0.16314555704593658,0.3221230208873749,0.3112182319164276,0.627656102180481,-0.08959764987230301,0.9581804275512695,0.27909478545188904,0.7776632308959961,0.2677665650844574,0.5893167853355408,0.3152693510055542,0.7881041169166565,-0.04333275556564331,0.9590649604797363,0.2682732343673706,0.8004465103149414,0.27365273237228394,0.6674056053161621,0.3066478669643402,0.8098745346069336,-0.04285609722137451,0.910188615322113,0.30740323662757874,0.7985095381736755,0.23039855062961578,0.7628815174102783,0.34946906566619873,0.8162193298339844,-0.11198192089796066,0.956146776676178,PD_Early,004_PD_01_MD.MOV
0.34223172068595886,0.2510223388671875,-0.10184494405984879,0.9854559302330017,0.34293559193611145,0.2304161936044693,-0.09069168567657471,0.9706520438194275,0.34221360087394714,0.2283603698015213,-0.09070488065481186,0.9677143096923828,0.3413933217525482,0.22650012373924255,-0.09064266830682755,0.9735576510429382,0.3422818183898926,0.23046362400054932,-0.12289126217365265,0.9778851866722107,0.34130504727363586,0.2287428230047226,-0.12293273955583572,0.979523777961731,0.34035786986351013,0.2272983342409134,-0.12303740531206131,0.982282280921936,0.33119019865989685,0.22189337015151978,-0.03261025249958038,0.9184991717338562,0.3299330174922943,0.22231006622314453,-0.17865364253520966,0.9792259335517883,0.33520105481147766,0.2588294744491577,-0.07622271031141281,0.9719462394714355,0.33505553007125854,0.2585766315460205,-0.1185002401471138,0.9855939745903015,0.2996869385242462,0.288448691368103,0.06121296063065529,0.9962320327758789,0.29677143692970276,0.29481014609336853,-0.23551158607006073,0.99991774559021,0.2956351339817047,0.4048159718513489,0.09118681401014328,0.01870574988424778,0.28357475996017456,0.413374125957489,-0.27465009689331055,0.9754582047462463,0.29898980259895325,0.5054141283035278,0.04273860529065132,0.048561230301856995,0.289367139339447,0.5262342095375061,-0.27951398491859436,0.9645194411277771,0.2992880642414093,0.5305407047271729,0.04462350532412529,0.06338538229465485,0.2920229136943817,0.5565253496170044,-0.31184694170951843,0.9493414163589478,0.30153149366378784,0.5327980518341064,0.020552273839712143,0.06519411504268646,0.2966194748878479,0.5585812926292419,-0.3070075213909149,0.9462049007415771,0.301639586687088,0.524648129940033,0.030636029317975044,0.06568919122219086,0.29602351784706116,0.54836505651474,-0.27680453658103943,0.9064728617668152,0.29002445936203003,0.5030596256256104,0.0940365120768547,0.9961646795272827,0.28898221254348755,0.5004764795303345,-0.09405247122049332,0.9973311424255371,0.2843104302883148,0.6312068104743958,0.16132859885692596,0.31777146458625793,0.31460610032081604,0.6266231536865234,-0.08310994505882263,0.9600017666816711,0.2781912684440613,0.7776803374290466,0.2639019787311554,0.5842486619949341,0.31537380814552307,0.7885584235191345,-0.02390781231224537,0.9604151248931885,0.2676507830619812,0.8010299205780029,0.2697073817253113,0.6659714579582214,0.3064402639865875,0.810026228427887,-0.02211383543908596,0.91330885887146,0.30722153186798096,0.7988311648368835,0.22735145688056946,0.760470986366272,0.35061413049697876,0.8184078931808472,-0.08918866515159607,0.9570446610450745,PD_Early,004_PD_01_MD.MOV
0.3470171391963959,0.25225692987442017,-0.10183174908161163,0.9865918159484863,0.34799036383628845,0.231642484664917,-0.0904180258512497,0.9728705286979675,0.34739673137664795,0.22962059080600739,-0.09042730927467346,0.9700840711593628,0.3463704288005829,0.22767865657806396,-0.09036730229854584,0.9754782915115356,0.3472371995449066,0.23142266273498535,-0.12203541398048401,0.9796009659767151,0.34614235162734985,0.22954301536083221,-0.12207033485174179,0.9811126589775085,0.3451285660266876,0.22787271440029144,-0.12216660380363464,0.9836907982826233,0.33604031801223755,0.22294850647449493,-0.0314810648560524,0.9240157604217529,0.33475586771965027,0.22264030575752258,-0.17441964149475098,0.9807928800582886,0.33961576223373413,0.2596614956855774,-0.07601606100797653,0.9740395545959473,0.3393411338329315,0.2592892646789551,-0.11756394803524017,0.9867204427719116,0.30347880721092224,0.2885146141052246,0.06333789229393005,0.9963603019714355,0.3013990521430969,0.29467928409576416,-0.2313840687274933,0.9999223947525024,0.30232587456703186,0.4066126048564911,0.0933917760848999,0.0191036444157362,0.28928831219673157,0.41364622116088867,-0.2718532681465149,0.9755759835243225,0.30568158626556396,0.5069419145584106,0.04674934968352318,0.05037296190857887,0.29343181848526,0.5282731652259827,-0.27619943022727966,0.9646005630493164,0.30588939785957336,0.5331211090087891,0.04907892271876335,0.06586683541536331,0.29611536860466003,0.5594223737716675,-0.3080219030380249,0.9498382210731506,0.3071792423725128,0.5350115299224854,0.024954913184046745,0.06751660257577896,0.30045223236083984,0.5619663596153259,-0.3029692471027374,0.9466689825057983,0.30847272276878357,0.5264890193939209,0.034705180674791336,0.0679372176527977,0.30014488101005554,0.5515972971916199,-0.2733752429485321,0.907476544380188,0.2912881672382355,0.5025672316551208,0.09407386183738708,0.9962067008018494,0.2940324544906616,0.5003407597541809,-0.09409844130277634,0.997455894947052,0.28403982520103455,0.6312167644500732,0.16793067753314972,0.3206367790699005,0.31910470128059387,0.6267564296722412,-0.08151201158761978,0.9624491930007935,0.2774863839149475,0.7782773375511169,0.27086904644966125,0.5908927917480469,0.3157598674297333,0.7894276976585388,-0.02258690446615219,0.962459146976471,0.26727035641670227,0.8018502593040466,0.27698373794555664,0.6722766757011414,0.3058001399040222,0.8107790946960449,-0.021322274580597878,0.9171428680419922,0.3071700930595398,0.799067497253418,0.23883824050426483,0.7646310329437256,0.3529215455055237,0.8213237524032593,-0.08435790985822678,0.9585192203521729,PD_Early,004_PD_01_MD.MOV
0.35281533002853394,0.2536114454269409,-0.09957034140825272,0.9876989722251892,0.354200154542923,0.23385533690452576,-0.08840584009885788,0.9750357866287231,0.35363471508026123,0.23175537586212158,-0.08841129392385483,0.9724365472793579,0.35241958498954773,0.2296156883239746,-0.08834757655858994,0.9773926138877869,0.3534561097621918,0.23356176912784576,-0.1196976974606514,0.9812536835670471,0.35223302245140076,0.23153547942638397,-0.1197318285703659,0.9826504588127136,0.35123273730278015,0.22965766489505768,-0.11982140690088272,0.9850344657897949,0.3416483998298645,0.22380821406841278,-0.030896924436092377,0.9297532439231873,0.341575026512146,0.22346805036067963,-0.17301955819129944,0.982280969619751,0.3446541130542755,0.260032594203949,-0.07440535724163055,0.9760959148406982,0.34447386860847473,0.2596520781517029,-0.11554153263568878,0.9877911806106567,0.3067696988582611,0.2887013852596283,0.06281565129756927,0.9965209364891052,0.3055896461009979,0.29457661509513855,-0.229066863656044,0.9999260902404785,0.3043173551559448,0.4074055850505829,0.09335515648126602,0.020508982241153717,0.29456692934036255,0.4149875044822693,-0.26744285225868225,0.97588050365448,0.3095889985561371,0.5070790648460388,0.0472802110016346,0.05446827411651611,0.2976776659488678,0.528979480266571,-0.2689591348171234,0.965032160282135,0.3090931177139282,0.5395077466964722,0.04959980398416519,0.07061486691236496,0.2996682822704315,0.5598960518836975,-0.29945725202560425,0.9506524801254272,0.30973881483078003,0.5411219000816345,0.025500256568193436,0.07214806228876114,0.30371981859207153,0.5618129968643188,-0.29519686102867126,0.9475194811820984,0.3097169101238251,0.5298465490341187,0.035260435193777084,0.0723908320069313,0.30332908034324646,0.55140620470047,-0.26639607548713684,0.9091759324073792,0.2961856722831726,0.5008471012115479,0.09334584325551987,0.9962373375892639,0.29766646027565,0.49974513053894043,-0.09337615966796875,0.9975430369377136,0.28872671723365784,0.6306973099708557,0.1546899676322937,0.32439321279525757,0.32306134700775146,0.6269689202308655,-0.07986114919185638,0.9642198085784912,0.2782129645347595,0.7782751321792603,0.2425147444009781,0.5943412184715271,0.31546393036842346,0.7900081276893616,-0.029895713552832603,0.9638369083404541,0.26780179142951965,0.80161452293396,0.2470371574163437,0.6769090294837952,0.30509328842163086,0.8107422590255737,-0.029112696647644043,0.9198787808418274,0.3069063723087311,0.7992173433303833,0.20969747006893158,0.76711106300354,0.3531092703342438,0.8228879570960999,-0.09015776216983795,0.9593667387962341,PD_Early,004_PD_01_MD.MOV
0.3543700873851776,0.2533170282840729,-0.10630757361650467,0.9884516596794128,0.3551493287086487,0.23366592824459076,-0.09591709822416306,0.9764598608016968,0.35457155108451843,0.23162423074245453,-0.09591598808765411,0.9738624691963196,0.3536882996559143,0.22956205904483795,-0.09585563838481903,0.9785751104354858,0.354498028755188,0.23331758379936218,-0.1264326423406601,0.9824017286300659,0.35358184576034546,0.23131069540977478,-0.12646733224391937,0.9836954474449158,0.3526114821434021,0.2294328510761261,-0.12656182050704956,0.9860044717788696,0.3423892557621002,0.22397483885288239,-0.03980702906847,0.9330103397369385,0.3423488438129425,0.22343814373016357,-0.17822852730751038,0.9832753539085388,0.3461402356624603,0.2600100338459015,-0.08136708289384842,0.9774336814880371,0.3456541895866394,0.2595776915550232,-0.12153428047895432,0.9885374307632446,0.3095318675041199,0.28881773352622986,0.051686372607946396,0.9965322613716125,0.3060719668865204,0.29436740279197693,-0.23170870542526245,0.9999278783798218,0.3090885877609253,0.4071827232837677,0.08173961937427521,0.020504983142018318,0.295845091342926,0.4148121178150177,-0.2700507938861847,0.9752501249313354,0.31486624479293823,0.507256031036377,0.036470528692007065,0.054358359426259995,0.3020527958869934,0.5328318476676941,-0.27049553394317627,0.9643508791923523,0.31397268176078796,0.5384472608566284,0.038769569247961044,0.0706566646695137,0.2982320487499237,0.5629550218582153,-0.3007442057132721,0.9500210285186768,0.3154486417770386,0.5403738021850586,0.01528234127908945,0.07212162762880325,0.3083072006702423,0.5642939805984497,-0.2962583005428314,0.9468050599098206,0.31420591473579407,0.5280771255493164,0.024652821943163872,0.0724235251545906,0.3079456686973572,0.5542265772819519,-0.2678447365760803,0.9083641171455383,0.2995776832103729,0.5008071064949036,0.09085505455732346,0.996225118637085,0.30191197991371155,0.4998233914375305,-0.09090933203697205,0.9976060390472412,0.2934647798538208,0.6304870247840881,0.15534751117229462,0.3157476484775543,0.32242271304130554,0.6282919049263,-0.06225709617137909,0.9625810384750366,0.27916139364242554,0.7778881192207336,0.24322468042373657,0.5839635729789734,0.3159627318382263,0.7903304100036621,0.0022616195492446423,0.96205073595047,0.26818740367889404,0.8006703853607178,0.24781619012355804,0.6718887090682983,0.30524587631225586,0.8104950189590454,0.005159169901162386,0.9179807305335999,0.30765828490257263,0.7999847531318665,0.21590980887413025,0.7597290277481079,0.3499525487422943,0.8240885734558105,-0.051613207906484604,0.9567506313323975,PD_Early,004_PD_01_MD.MOV
0.3585319519042969,0.2531391382217407,-0.11256971210241318,0.9893648624420166,0.3592239022254944,0.23350083827972412,-0.10193861275911331,0.9782624840736389,0.3584745526313782,0.23147577047348022,-0.10193801671266556,0.975828230381012,0.357671320438385,0.22943447530269623,-0.10187561064958572,0.9801768064498901,0.3586108982563019,0.23310115933418274,-0.13252753019332886,0.9837868809700012,0.35763826966285706,0.23109625279903412,-0.13256393373012543,0.984993040561676,0.356726735830307,0.22922885417938232,-0.13265900313854218,0.9871354699134827,0.3473072350025177,0.22390325367450714,-0.04470549523830414,0.9377526044845581,0.34657302498817444,0.22334273159503937,-0.18320021033287048,0.9845320582389832,0.3505130410194397,0.259885311126709,-0.08739369362592697,0.9791524410247803,0.3502534329891205,0.259478896856308,-0.12765178084373474,0.9894376993179321,0.3130875527858734,0.2888947129249573,0.04750318452715874,0.9966077208518982,0.31052735447883606,0.2930949032306671,-0.23466341197490692,0.9999310970306396,0.3109087646007538,0.4083787202835083,0.0764240249991417,0.021039782091975212,0.29958024621009827,0.41495615243911743,-0.2733796536922455,0.975192129611969,0.31750351190567017,0.5076085329055786,0.032206106930971146,0.055299051105976105,0.3051222860813141,0.5326660871505737,-0.27425384521484375,0.9638640284538269,0.31802842020988464,0.5419676899909973,0.034007083624601364,0.07170697301626205,0.30453166365623474,0.5622113943099976,-0.30295976996421814,0.949571430683136,0.3187629282474518,0.5438989996910095,0.010523291304707527,0.07309628278017044,0.3103254735469818,0.564209520816803,-0.30057650804519653,0.9462451338768005,0.31822890043258667,0.5313739776611328,0.020241307094693184,0.07345611602067947,0.3104636073112488,0.5539036393165588,-0.2722196578979492,0.9077157378196716,0.3049376904964447,0.4954673945903778,0.0900980532169342,0.9962697625160217,0.30368131399154663,0.49456578493118286,-0.09014738351106644,0.9976992011070251,0.29781582951545715,0.6292868256568909,0.15278974175453186,0.313964307308197,0.322701632976532,0.6283456683158875,-0.0633966475725174,0.9627022743225098,0.2789991796016693,0.7772117853164673,0.24143138527870178,0.5811373591423035,0.31681716442108154,0.7919872999191284,-0.007354550063610077,0.9618076086044312,0.26848089694976807,0.7993856072425842,0.2463308423757553,0.6719306111335754,0.3066456913948059,0.8118740916252136,-0.00676915654912591,0.9186729192733765,0.3075391352176666,0.7988179326057434,0.20818287134170532,0.760072648525238,0.3521879017353058,0.8243456482887268,-0.0714530199766159,0.956397294998169,PD_Early,004_PD_01_MD.MOV
0.36305269598960876,0.2515748143196106,-0.11371176689863205,0.9894875884056091,0.3634587824344635,0.23169569671154022,-0.10307478159666061,0.9783273935317993,0.3626083731651306,0.2296724021434784,-0.10308133810758591,0.9757249355316162,0.36185222864151,0.2276511937379837,-0.10302384942770004,0.9801497459411621,0.3625805974006653,0.23105975985527039,-0.1342451274394989,0.9839553236961365,0.36173638701438904,0.22889204323291779,-0.13428369164466858,0.9851571321487427,0.3608244061470032,0.22684133052825928,-0.1343933641910553,0.9873695373535156,0.35172685980796814,0.22235839068889618,-0.04538903385400772,0.9371740818023682,0.3504989743232727,0.22210605442523956,-0.18656964600086212,0.9844590425491333,0.35555022954940796,0.2584129273891449,-0.08829131722450256,0.9794176816940308,0.3551745116710663,0.2575467526912689,-0.12924621999263763,0.989614725112915,0.3174130618572235,0.2891087234020233,0.047915879637002945,0.9965031743049622,0.31442591547966003,0.29285532236099243,-0.2393268644809723,0.99992835521698,0.3138817548751831,0.4084448218345642,0.07732614874839783,0.020895380526781082,0.30571746826171875,0.41487348079681396,-0.2787680923938751,0.9739020466804504,0.3202574849128723,0.5109052062034607,0.03338414430618286,0.05527019500732422,0.3104906976222992,0.53206467628479,-0.2779769003391266,0.9621860980987549,0.321365624666214,0.5414876937866211,0.03454726189374924,0.07161394506692886,0.31080007553100586,0.5620158314704895,-0.30707767605781555,0.9475017189979553,0.3225758373737335,0.5427579283714294,0.011311935260891914,0.07302676141262054,0.3154383897781372,0.5637161135673523,-0.305137574672699,0.9439917206764221,0.322397917509079,0.5314286351203918,0.021335195749998093,0.07346364855766296,0.31563255190849304,0.5536792874336243,-0.27621302008628845,0.9045566320419312,0.3118109405040741,0.49561643600463867,0.09014300256967545,0.9961872100830078,0.307980477809906,0.49473249912261963,-0.0901927649974823,0.9976621270179749,0.3043707311153412,0.6312827467918396,0.15070442855358124,0.3005742132663727,0.3224310576915741,0.6305948495864868,-0.05586135387420654,0.9567975401878357,0.280291348695755,0.7786492705345154,0.24136967957019806,0.5630950331687927,0.3162286877632141,0.7937783598899841,0.01179513055831194,0.9573566913604736,0.27098938822746277,0.798755943775177,0.2463386356830597,0.6604089736938477,0.30758270621299744,0.8124350309371948,0.013889499939978123,0.9144895672798157,0.30828651785850525,0.7993264198303223,0.20370641350746155,0.7488745450973511,0.3517441749572754,0.8244125843048096,-0.05308480188250542,0.9523133635520935,PD_Early,004_PD_01_MD.MOV
0.36239561438560486,0.25157999992370605,-0.11410651355981827,0.9889896512031555,0.3630954623222351,0.23209692537784576,-0.10380897670984268,0.9774805903434753,0.36243173480033875,0.23015666007995605,-0.10381300002336502,0.9747259616851807,0.36158767342567444,0.22822433710098267,-0.10375256091356277,0.9793274998664856,0.3625212609767914,0.23162375390529633,-0.13502398133277893,0.9833232760429382,0.3617308735847473,0.22963501513004303,-0.13506530225276947,0.9845916628837585,0.36080387234687805,0.2277115136384964,-0.13518135249614716,0.9869723320007324,0.3508864641189575,0.2237364500761032,-0.048357486724853516,0.9337835311889648,0.3506040871143341,0.22340048849582672,-0.1899285465478897,0.9836141467094421,0.354430615901947,0.25856760144233704,-0.08916579931974411,0.9782862663269043,0.354410856962204,0.25781652331352234,-0.13019923865795135,0.9890734553337097,0.3184702694416046,0.28924834728240967,0.043861400336027145,0.9963585734367371,0.3162294626235962,0.2931867241859436,-0.24072058498859406,0.999924898147583,0.3117605745792389,0.4070208668708801,0.07145199179649353,0.019953176379203796,0.30742448568344116,0.41439089179039,-0.27850669622421265,0.9715797901153564,0.31531956791877747,0.5107608437538147,0.02870444767177105,0.05311566963791847,0.3144523799419403,0.5315701961517334,-0.27500852942466736,0.9592121839523315,0.3189038932323456,0.5393317937850952,0.03032527305185795,0.06927897036075592,0.315039724111557,0.5618375539779663,-0.30383482575416565,0.9444371461868286,0.32227930426597595,0.5400674939155579,0.007923382334411144,0.07054844498634338,0.31864017248153687,0.5635131001472473,-0.29884979128837585,0.9406595826148987,0.3205691874027252,0.5307309627532959,0.017124159261584282,0.07095827907323837,0.3188868463039398,0.5533055067062378,-0.2721000909805298,0.8994841575622559,0.3151443898677826,0.4950731098651886,0.09007071703672409,0.9961581230163574,0.31193220615386963,0.4948338270187378,-0.09014030545949936,0.9977059364318848,0.3070859909057617,0.6329476237297058,0.1612434983253479,0.2895837128162384,0.32385924458503723,0.631996214389801,-0.05482611432671547,0.9535785913467407,0.28615280985832214,0.7766050100326538,0.2641478180885315,0.5498059988021851,0.3146114945411682,0.7939200401306152,0.01060918252915144,0.9533767700195312,0.27346208691596985,0.797454297542572,0.2705555260181427,0.6507207751274109,0.3063950836658478,0.8122292160987854,0.0129662174731493,0.9099457859992981,0.3117527365684509,0.799412727355957,0.23015141487121582,0.7394666075706482,0.3527868986129761,0.8243094086647034,-0.05101381242275238,0.9483564496040344,PD_Early,004_PD_01_MD.MOV
0.3641762435436249,0.24942485988140106,-0.11359620094299316,0.9888235926628113,0.36461490392684937,0.23030933737754822,-0.10321881622076035,0.9771944880485535,0.36401623487472534,0.2284516543149948,-0.10322310030460358,0.9744242429733276,0.3632129728794098,0.22659216821193695,-0.10316266119480133,0.979006826877594,0.36414283514022827,0.23019741475582123,-0.13446156680583954,0.9831526875495911,0.3633973300457001,0.22848322987556458,-0.1345023512840271,0.9845319390296936,0.36251625418663025,0.226770281791687,-0.13461527228355408,0.9869138598442078,0.3527466058731079,0.2233492136001587,-0.047344859689474106,0.9321138262748718,0.3527131974697113,0.22303730249404907,-0.1893654763698578,0.9832540154457092,0.35627347230911255,0.25691109895706177,-0.08856413513422012,0.9776225686073303,0.3563227355480194,0.2566129267215729,-0.12963074445724487,0.9887169599533081,0.32002148032188416,0.287306547164917,0.04602712392807007,0.9962684512138367,0.3211044669151306,0.2931610941886902,-0.24072527885437012,0.999923586845398,0.3138541579246521,0.3979171812534332,0.07474398612976074,0.01915690116584301,0.3143017590045929,0.4128846228122711,-0.2771405577659607,0.9695329070091248,0.32170048356056213,0.49934229254722595,0.031714364886283875,0.05069299787282944,0.32207489013671875,0.526760458946228,-0.27401259541511536,0.9558209776878357,0.3248780369758606,0.5253488421440125,0.03556143864989281,0.06653032451868057,0.3243383467197418,0.5531948804855347,-0.30338627099990845,0.9408956170082092,0.32656580209732056,0.5253273844718933,0.014238868840038776,0.06766348332166672,0.3257460296154022,0.5555164217948914,-0.2978960871696472,0.9368387460708618,0.3256581425666809,0.5214483737945557,0.0210693571716547,0.06805188953876495,0.3260059654712677,0.5446561574935913,-0.2709762454032898,0.8937102556228638,0.31677165627479553,0.49296337366104126,0.09012793749570847,0.9962292313575745,0.31617414951324463,0.4946230351924896,-0.09022365510463715,0.9977820515632629,0.3118215501308441,0.6357200145721436,0.16629701852798462,0.2880510985851288,0.32873353362083435,0.6335353255271912,-0.0522756464779377,0.9534314870834351,0.29115015268325806,0.7755746245384216,0.27121543884277344,0.5533194541931152,0.3157911002635956,0.7938826680183411,0.014912467449903488,0.9540194869041443,0.27352359890937805,0.7970379590988159,0.27772238850593567,0.6538166999816895,0.30801746249198914,0.8124672770500183,0.017514878883957863,0.9108127951622009,0.3176562190055847,0.7996686100959778,0.2378435879945755,0.7431246638298035,0.35232987999916077,0.8242855072021484,-0.04572014510631561,0.9490346312522888,PD_Early,004_PD_01_MD.MOV
0.36880233883857727,0.24726133048534393,-0.10342752188444138,0.9887824654579163,0.3689711391925812,0.2290409505367279,-0.0926668718457222,0.9770030379295349,0.3683541417121887,0.2271403819322586,-0.09267401695251465,0.9742525815963745,0.3675192892551422,0.2251899093389511,-0.09261118620634079,0.9788269996643066,0.3684949576854706,0.22923247516155243,-0.12410183250904083,0.9831819534301758,0.36769282817840576,0.22766730189323425,-0.12414257973432541,0.9846979975700378,0.3667599558830261,0.22592419385910034,-0.12424815446138382,0.9870317578315735,0.3576231300830841,0.22148887813091278,-0.036188483238220215,0.9307490587234497,0.3566158413887024,0.2220415323972702,-0.17847873270511627,0.9830228686332703,0.36136800050735474,0.2538762390613556,-0.07843480259180069,0.9771621227264404,0.3609451651573181,0.25407546758651733,-0.11959736049175262,0.9885024428367615,0.3239187002182007,0.28262439370155334,0.057774316519498825,0.9961982369422913,0.3242500126361847,0.2923171818256378,-0.23299311101436615,0.9999218583106995,0.32072243094444275,0.39040684700012207,0.08952751010656357,0.018798399716615677,0.31622037291526794,0.4091971218585968,-0.2667609751224518,0.9684560894966125,0.32818904519081116,0.4876028597354889,0.04672927409410477,0.049263596534729004,0.3238896131515503,0.5169911980628967,-0.26521891355514526,0.9535574316978455,0.3296438753604889,0.5147002339363098,0.049082931131124496,0.0650724396109581,0.3252813518047333,0.5422237515449524,-0.293836385011673,0.9383341670036316,0.3310016691684723,0.5155463218688965,0.02803325094282627,0.06615346670150757,0.32678699493408203,0.5426478981971741,-0.29030898213386536,0.9341554045677185,0.3305121958255768,0.5079399347305298,0.03579794615507126,0.06650097668170929,0.32731935381889343,0.5342058539390564,-0.2628459632396698,0.8895686864852905,0.3200341761112213,0.4899355173110962,0.0912187397480011,0.9962100982666016,0.3185610771179199,0.4935208261013031,-0.09130461513996124,0.9978159666061401,0.3170466721057892,0.6361296772956848,0.16429807245731354,0.2870781719684601,0.3334740102291107,0.6344359517097473,-0.061236318200826645,0.9541407823562622,0.2885321080684662,0.7743757963180542,0.26954057812690735,0.5563082098960876,0.31669777631759644,0.7936815023422241,-0.01145626325160265,0.9555317759513855,0.2731393873691559,0.7929139733314514,0.27536889910697937,0.6560235619544983,0.3081488013267517,0.8126128315925598,-0.01099405251443386,0.9128804206848145,0.31870895624160767,0.7988054752349854,0.23331819474697113,0.747094988822937,0.35494133830070496,0.8242269158363342,-0.07643137872219086,0.9505388140678406,PD_Early,004_PD_01_MD.MOV
0.36818376183509827,0.2423563301563263,-0.08481281250715256,0.9885643124580383,0.36848968267440796,0.2237136960029602,-0.07410592585802078,0.9764828681945801,0.36781319975852966,0.22196945548057556,-0.07411336898803711,0.9737313389778137,0.3669097125530243,0.22022771835327148,-0.07405924797058105,0.9783579111099243,0.3682214915752411,0.22372932732105255,-0.10485963523387909,0.9828792214393616,0.367523193359375,0.22198085486888885,-0.10489173233509064,0.984569251537323,0.36642396450042725,0.2202417105436325,-0.10499631613492966,0.9868869185447693,0.356828510761261,0.21776404976844788,-0.018921203911304474,0.9286081194877625,0.35691025853157043,0.21848826110363007,-0.157943993806839,0.9824438691139221,0.36055514216423035,0.24931256473064423,-0.060430627316236496,0.9763240814208984,0.36051055788993835,0.2492605447769165,-0.10066309571266174,0.9879141449928284,0.3257470726966858,0.28130823373794556,0.07514648884534836,0.9959096312522888,0.32767555117607117,0.28773266077041626,-0.21806295216083527,0.9999184012413025,0.32428693771362305,0.38882046937942505,0.10517077147960663,0.0182543583214283,0.31935110688209534,0.40453195571899414,-0.2515574097633362,0.9672959446907043,0.3313738703727722,0.4845596253871918,0.0646248608827591,0.04767650365829468,0.3282775580883026,0.507439136505127,-0.24946819245815277,0.9511211514472961,0.3322804272174835,0.5110418200492859,0.06831632554531097,0.06336189061403275,0.3295089304447174,0.5338870286941528,-0.2770603895187378,0.9356701970100403,0.33346468210220337,0.5119398832321167,0.04680436849594116,0.06435688585042953,0.33149728178977966,0.5322573781013489,-0.27181097865104675,0.9312050342559814,0.33313414454460144,0.5034788250923157,0.053505443036556244,0.06473255902528763,0.33134281635284424,0.5234650373458862,-0.24638916552066803,0.8852019906044006,0.321023166179657,0.4867841899394989,0.09159841388463974,0.9960816502571106,0.32116174697875977,0.49062466621398926,-0.09168019145727158,0.9977903366088867,0.3204575777053833,0.6359872221946716,0.14680126309394836,0.28928276896476746,0.3357989192008972,0.6353944540023804,-0.06619041413068771,0.9544451832771301,0.2876704931259155,0.7740515470504761,0.23156137764453888,0.5624511241912842,0.3176705539226532,0.7940880060195923,-0.019204724580049515,0.9568553566932678,0.2736198306083679,0.791063129901886,0.23579047620296478,0.6623956561088562,0.3093337416648865,0.8133857250213623,-0.018758650869131088,0.9148715138435364,0.31835806369781494,0.7982088923454285,0.19525080919265747,0.7516999244689941,0.35512879490852356,0.8243500590324402,-0.08464178442955017,0.9518052935600281,PD_Early,004_PD_01_MD.MOV
0.3713449537754059,0.24221810698509216,-0.09168557822704315,0.9887351989746094,0.37202608585357666,0.2237139642238617,-0.0804581269621849,0.9766546487808228,0.3713703453540802,0.22187736630439758,-0.0804838240146637,0.9739471077919006,0.37046223878860474,0.2200096696615219,-0.08044011890888214,0.9785134196281433,0.3716873228549957,0.22372141480445862,-0.111414335668087,0.9832112789154053,0.3709403872489929,0.22196930646896362,-0.11144503951072693,0.9849749207496643,0.3699689507484436,0.22020067274570465,-0.11154717952013016,0.9872086644172668,0.3597394526004791,0.2161206603050232,-0.022382378578186035,0.9284358620643616,0.3595786392688751,0.2170468121767044,-0.16177025437355042,0.982603132724762,0.36348360776901245,0.24883493781089783,-0.06658922880887985,0.9764266014099121,0.36351868510246277,0.24844154715538025,-0.10720174759626389,0.9879562854766846,0.32940027117729187,0.2796045243740082,0.06948193162679672,0.9956552982330322,0.328573077917099,0.2842737138271332,-0.22193774580955505,0.999919056892395,0.32737812399864197,0.3863416016101837,0.09912245720624924,0.017830559983849525,0.3218468427658081,0.4020346403121948,-0.2572108507156372,0.9673422574996948,0.33351612091064453,0.48214659094810486,0.056760210543870926,0.04612317681312561,0.32948195934295654,0.5087917447090149,-0.2575432062149048,0.9506688117980957,0.3356526792049408,0.5095616579055786,0.059485260397195816,0.06163478642702103,0.33114051818847656,0.5356564521789551,-0.2864430844783783,0.9352329969406128,0.3371248245239258,0.5108465552330017,0.037307534366846085,0.06256468594074249,0.3345942497253418,0.5352619886398315,-0.2814292013645172,0.9306280612945557,0.3370082676410675,0.5017738938331604,0.045273054391145706,0.06294886022806168,0.3344884216785431,0.5259413719177246,-0.25470948219299316,0.8840600848197937,0.3257199227809906,0.48414137959480286,0.09276873618364334,0.9959923028945923,0.3251781463623047,0.4871721565723419,-0.0928591787815094,0.9978127479553223,0.32695865631103516,0.6328206658363342,0.14301615953445435,0.2964572608470917,0.338554322719574,0.6354570388793945,-0.06695175915956497,0.9551194906234741,0.29002565145492554,0.7693037986755371,0.2271229326725006,0.573277473449707,0.317557692527771,0.7960827350616455,-0.01813454180955887,0.9586918950080872,0.2770147919654846,0.7862729430198669,0.23140883445739746,0.6731544733047485,0.3086584806442261,0.8171765804290771,-0.01776043139398098,0.918348491191864,0.3191970884799957,0.7947346568107605,0.19016225636005402,0.760120153427124,0.3550451993942261,0.8247190117835999,-0.08582285046577454,0.9537782669067383,PD_Early,004_PD_01_MD.MOV
0.3746478855609894,0.24240371584892273,-0.09435821324586868,0.9887391328811646,0.3752773404121399,0.22507748007774353,-0.08372412621974945,0.9764752388000488,0.37453243136405945,0.22319187223911285,-0.08373261988162994,0.973699688911438,0.37350308895111084,0.2211945354938507,-0.08367534726858139,0.9784411191940308,0.3750360310077667,0.2253538966178894,-0.11548177897930145,0.9833481907844543,0.37427616119384766,0.22381384670734406,-0.11551826447248459,0.985191285610199,0.3733149766921997,0.22218793630599976,-0.11562442779541016,0.987399697303772,0.36214256286621094,0.21627597510814667,-0.02694961056113243,0.9275779128074646,0.3622496426105499,0.21726012229919434,-0.1657586544752121,0.9826269745826721,0.3667188286781311,0.2492874711751938,-0.06944411247968674,0.9760182499885559,0.36690765619277954,0.2489279806613922,-0.11107578873634338,0.9878290295600891,0.331771582365036,0.27900806069374084,0.06869971007108688,0.9954817891120911,0.3308378756046295,0.28472763299942017,-0.2324005663394928,0.9999176263809204,0.3306099474430084,0.3845107853412628,0.10211492329835892,0.017218077555298805,0.3239842355251312,0.40230706334114075,-0.2647159695625305,0.9672961235046387,0.3368038535118103,0.47893574833869934,0.059965189546346664,0.044170163571834564,0.33368539810180664,0.5090862512588501,-0.25965604186058044,0.9495462775230408,0.3388926386833191,0.5060205459594727,0.06334319710731506,0.05942942947149277,0.33607685565948486,0.5360448360443115,-0.2900007665157318,0.9337878823280334,0.3407961428165436,0.5072140097618103,0.04052186757326126,0.06033199653029442,0.3398510217666626,0.5358416438102722,-0.28521832823753357,0.9290558099746704,0.3407381772994995,0.49815770983695984,0.048051539808511734,0.06075203791260719,0.3393438160419464,0.5260712504386902,-0.25735893845558167,0.8814084529876709,0.3287454843521118,0.4845930337905884,0.09657108038663864,0.9958060383796692,0.329242080450058,0.48611027002334595,-0.09664352983236313,0.9977198839187622,0.3325924873352051,0.629889726638794,0.13209974765777588,0.29829737544059753,0.341927170753479,0.6329819560050964,-0.08517880737781525,0.9559449553489685,0.30070236325263977,0.7697257995605469,0.2069176882505417,0.5775210857391357,0.3166879713535309,0.7959142923355103,-0.04164332523941994,0.9603509902954102,0.2883583605289459,0.787255585193634,0.20974025130271912,0.6784657835960388,0.30824530124664307,0.8168768882751465,-0.04184135049581528,0.9216268062591553,0.3305833637714386,0.795763373374939,0.1676851063966751,0.7641534805297852,0.3545278310775757,0.8246880769729614,-0.10716135054826736,0.9555482864379883,PD_Early,004_PD_01_MD.MOV
0.37648171186447144,0.2440241277217865,-0.09896887838840485,0.9879786968231201,0.3777868449687958,0.22717919945716858,-0.08960804343223572,0.9746322631835938,0.3770504593849182,0.22518959641456604,-0.0895925760269165,0.9716672897338867,0.37601619958877563,0.22305497527122498,-0.08952188491821289,0.9768474102020264,0.3773745596408844,0.2274015098810196,-0.12221922725439072,0.9823700189590454,0.37649062275886536,0.22581179440021515,-0.12227094918489456,0.9844818711280823,0.37538889050483704,0.22413131594657898,-0.12239201366901398,0.9868136048316956,0.36401766538619995,0.2165544629096985,-0.03534848988056183,0.9226818084716797,0.36366456747055054,0.21729923784732819,-0.1812727004289627,0.9816141128540039,0.36670586466789246,0.2513717710971832,-0.07460665702819824,0.9738425612449646,0.3664935827255249,0.24965815246105194,-0.1173655241727829,0.9868810176849365,0.33284541964530945,0.2793458104133606,0.06409714370965958,0.9949778318405151,0.33116865158081055,0.284389466047287,-0.24270795285701752,0.9999155402183533,0.32930195331573486,0.3859059810638428,0.10172274708747864,0.016254428774118423,0.32492223381996155,0.40133893489837646,-0.2731294631958008,0.9671735167503357,0.33817258477211,0.4801393747329712,0.05647241324186325,0.04145209118723869,0.3378622233867645,0.5065321326255798,-0.2626674771308899,0.9486492276191711,0.33811289072036743,0.5069915652275085,0.059631623327732086,0.05616196617484093,0.33976277709007263,0.5327433943748474,-0.290447860956192,0.9325143098831177,0.34258922934532166,0.5068298578262329,0.0369824543595314,0.057023487985134125,0.3431049585342407,0.5311473608016968,-0.2870514690876007,0.9277353882789612,0.34246930480003357,0.4978703260421753,0.04463154450058937,0.057484742254018784,0.34266942739486694,0.5223918557167053,-0.2585369050502777,0.8791535496711731,0.3294213116168976,0.4848526120185852,0.09691198170185089,0.9954674243927002,0.33095329999923706,0.48555466532707214,-0.09697853028774261,0.9975585341453552,0.33403855562210083,0.6287705898284912,0.12960632145404816,0.2930029332637787,0.3435567617416382,0.6318703889846802,-0.0793861523270607,0.9550244808197021,0.30436715483665466,0.7698844075202942,0.2054530680179596,0.5750635862350464,0.31627511978149414,0.7955382466316223,-0.030749108642339706,0.9610683917999268,0.2931532859802246,0.7878570556640625,0.2083076536655426,0.6786682605743408,0.3059411644935608,0.8156319260597229,-0.030864397063851357,0.9235439300537109,0.3340417444705963,0.7986639738082886,0.16418220102787018,0.7637092471122742,0.35012584924697876,0.8241834044456482,-0.10254589468240738,0.9563440084457397,PD_Early,004_PD_01_MD.MOV
0.3780174255371094,0.24540235102176666,-0.09878508746623993,0.98729407787323,0.37922558188438416,0.22867438197135925,-0.0894622877240181,0.9730607867240906,0.37847599387168884,0.22674496471881866,-0.08945148438215256,0.9697129130363464,0.37741994857788086,0.2246895432472229,-0.08939038962125778,0.9753870964050293,0.37872302532196045,0.22898977994918823,-0.12173043936491013,0.9813898205757141,0.37775447964668274,0.2275470644235611,-0.12178145349025726,0.9837494492530823,0.3765389621257782,0.22604046761989594,-0.12190201878547668,0.9862802028656006,0.36490535736083984,0.21833662688732147,-0.03523720055818558,0.9188562035560608,0.3639701306819916,0.21917931735515594,-0.18053828179836273,0.9811301231384277,0.3689727783203125,0.25204992294311523,-0.07436375319957733,0.9724240303039551,0.36881038546562195,0.2506079375743866,-0.11661180108785629,0.9862199425697327,0.33652380108833313,0.27963489294052124,0.06370392441749573,0.9948182106018066,0.3335970938205719,0.2846583425998688,-0.24098654091358185,0.99991375207901,0.33131906390190125,0.38579705357551575,0.10190388560295105,0.015530532225966454,0.32793092727661133,0.4006420075893402,-0.26990756392478943,0.9673435688018799,0.34298962354660034,0.47921469807624817,0.06255893409252167,0.03931397572159767,0.3400588929653168,0.5055446624755859,-0.2618168294429779,0.9483203291893005,0.3443271517753601,0.504861056804657,0.06626604497432709,0.05351657047867775,0.3415023386478424,0.5315170288085938,-0.2887054979801178,0.9314929842948914,0.34702742099761963,0.5049335360527039,0.04396894946694374,0.0543801374733448,0.3460196852684021,0.5293977856636047,-0.28419938683509827,0.9267886281013489,0.34721773862838745,0.49627748131752014,0.05080064386129379,0.05491422489285469,0.34597262740135193,0.5207842588424683,-0.2582668662071228,0.8776565194129944,0.33391067385673523,0.4852418005466461,0.09656500071287155,0.9951169490814209,0.3329492509365082,0.48486074805259705,-0.0966251790523529,0.9971940517425537,0.33789604902267456,0.6296285390853882,0.10699252784252167,0.2815244495868683,0.3458760678768158,0.6312165260314941,-0.08143612742424011,0.9477654695510864,0.31199902296066284,0.7775071263313293,0.16820603609085083,0.555408775806427,0.3158687353134155,0.7942909002304077,-0.024527322500944138,0.9551911354064941,0.30165180563926697,0.7972443699836731,0.1692185401916504,0.6619312763214111,0.30553799867630005,0.8148869276046753,-0.02369106560945511,0.9162024259567261,0.3471580445766449,0.8062170743942261,0.12138466536998749,0.7472565174102783,0.3499818742275238,0.8239499926567078,-0.09282565116882324,0.9510945677757263,PD_Early,004_PD_01_MD.MOV
0.3810174763202667,0.24650560319423676,-0.10555759817361832,0.9863616824150085,0.38241299986839294,0.2298307716846466,-0.0966501235961914,0.9711320996284485,0.3817395865917206,0.2277771383523941,-0.09664364904165268,0.9673624038696289,0.38072067499160767,0.22577133774757385,-0.09658825397491455,0.9734652042388916,0.381822794675827,0.2299349159002304,-0.12892334163188934,0.9803178906440735,0.3807797133922577,0.2285507172346115,-0.12898334860801697,0.9828691482543945,0.3794621229171753,0.22713929414749146,-0.12911660969257355,0.9856383800506592,0.36828935146331787,0.2193090319633484,-0.041345398873090744,0.9138298034667969,0.36607471108436584,0.22051705420017242,-0.1869594007730484,0.9806032776832581,0.3724344074726105,0.2530016303062439,-0.08042662590742111,0.9712329506874084,0.3720424473285675,0.25158628821372986,-0.12269989401102066,0.9857147336006165,0.3411698639392853,0.27977731823921204,0.060450829565525055,0.9945477843284607,0.33609315752983093,0.284821480512619,-0.24586528539657593,0.9999129772186279,0.3365926742553711,0.3860580325126648,0.09964151680469513,0.015047245658934116,0.331571489572525,0.39966192841529846,-0.27666741609573364,0.968342125415802,0.35002243518829346,0.4776364862918854,0.06158633157610893,0.0376470685005188,0.34338945150375366,0.5067213773727417,-0.27269256114959717,0.9495811462402344,0.3502783477306366,0.503769040107727,0.06601352244615555,0.051395855844020844,0.344835489988327,0.5325813889503479,-0.30120494961738586,0.9324602484703064,0.3537238538265228,0.5033566951751709,0.04322165623307228,0.052287984639406204,0.3493788540363312,0.5307369232177734,-0.29733335971832275,0.9278765320777893,0.3522038757801056,0.49508535861968994,0.0506080761551857,0.052940625697374344,0.34934481978416443,0.5220195651054382,-0.2698991596698761,0.8790274262428284,0.3387417793273926,0.4855731427669525,0.09637180715799332,0.9949215054512024,0.33438315987586975,0.48512235283851624,-0.0964328721165657,0.9969839453697205,0.3429810106754303,0.6311939358711243,0.11870686709880829,0.27585986256599426,0.34578049182891846,0.6312349438667297,-0.07175777852535248,0.9433651566505432,0.3215418756008148,0.7805878520011902,0.19279521703720093,0.5411847233772278,0.3190698027610779,0.7941917777061462,0.002375588519498706,0.9515833258628845,0.3111565411090851,0.8031561970710754,0.19528530538082123,0.6505246758460999,0.30892354249954224,0.8155931830406189,0.004802262410521507,0.9112541079521179,0.3546224534511566,0.8079022169113159,0.14593690633773804,0.7376311421394348,0.3529075086116791,0.8215965032577515,-0.06826279312372208,0.9482350945472717,PD_Early,004_PD_01_MD.MOV
0.3825416564941406,0.24653512239456177,-0.11133123189210892,0.9865546822547913,0.38403668999671936,0.22983458638191223,-0.10272026062011719,0.9711464047431946,0.38347044587135315,0.2278340607881546,-0.10271701961755753,0.9673112034797668,0.3826221823692322,0.22582826018333435,-0.10267147421836853,0.9732517004013062,0.3829197883605957,0.2299240678548813,-0.13451381027698517,0.9804908037185669,0.38167306780815125,0.2285337597131729,-0.13457483053207397,0.9831418395042419,0.3800945580005646,0.22711899876594543,-0.13470454514026642,0.9858988523483276,0.36934608221054077,0.22058597207069397,-0.04632704332470894,0.9139100909233093,0.36461541056632996,0.22066976130008698,-0.1900748312473297,0.9813100695610046,0.37418511509895325,0.2539616823196411,-0.08559545129537582,0.971818745136261,0.3732589781284332,0.2523576617240906,-0.12730394303798676,0.9861508011817932,0.34555140137672424,0.27982744574546814,0.055488623678684235,0.9946038126945496,0.33494460582733154,0.28481537103652954,-0.24484224617481232,0.9999158382415771,0.3412187397480011,0.38656750321388245,0.098636195063591,0.015055203810334206,0.3302101790904999,0.39811062812805176,-0.27618351578712463,0.9701200127601624,0.35422343015670776,0.47756674885749817,0.0591459684073925,0.03672691062092781,0.3440771698951721,0.5065984129905701,-0.2721388041973114,0.9519482851028442,0.35500699281692505,0.5037016272544861,0.06319453567266464,0.05014967918395996,0.34554874897003174,0.5328778028488159,-0.3010326623916626,0.9349117875099182,0.3580923080444336,0.5026611685752869,0.040486063808202744,0.05112086609005928,0.3502565026283264,0.5313326716423035,-0.2965167462825775,0.9306176900863647,0.3571688234806061,0.49418261647224426,0.04797534644603729,0.051938675343990326,0.3502326011657715,0.5223081111907959,-0.2693292796611786,0.8831198811531067,0.3428683876991272,0.4857511818408966,0.09335648268461227,0.994796097278595,0.33468273282051086,0.48445841670036316,-0.09339544922113419,0.9968262910842896,0.3472464382648468,0.6321905851364136,0.10175861418247223,0.2771916687488556,0.34616878628730774,0.6296003460884094,-0.08069633692502975,0.9402411580085754,0.3260441720485687,0.7824181318283081,0.16520319879055023,0.5357109308242798,0.3210985064506531,0.7893913984298706,-0.005703706759959459,0.9476059079170227,0.3152194023132324,0.8056873679161072,0.16631226241588593,0.6442112326622009,0.3112470209598541,0.8134108781814575,-0.0024231080897152424,0.9036361575126648,0.3600887060165405,0.8114931583404541,0.11386427283287048,0.7333461046218872,0.3540610373020172,0.8202661871910095,-0.07760943472385406,0.9452762603759766,PD_Early,004_PD_01_MD.MOV
0.3861682713031769,0.24686211347579956,-0.11019837856292725,0.9869507551193237,0.3872164487838745,0.2302674502134323,-0.10100065171718597,0.9719775915145874,0.3865538537502289,0.22838057577610016,-0.10099497437477112,0.9682500958442688,0.38560202717781067,0.22635485231876373,-0.10094162821769714,0.9739184379577637,0.3862342834472656,0.23025695979595184,-0.13282912969589233,0.9811088442802429,0.38501641154289246,0.22875246405601501,-0.1328834891319275,0.9837262034416199,0.3834324777126312,0.22733844816684723,-0.13300976157188416,0.9864118695259094,0.3731438219547272,0.22113677859306335,-0.04484562203288078,0.9165024757385254,0.3695366084575653,0.22138220071792603,-0.18894609808921814,0.9822456240653992,0.3779712915420532,0.2540445923805237,-0.08480408042669296,0.9728513360023499,0.37706059217453003,0.25249531865119934,-0.12656453251838684,0.9867606163024902,0.34772783517837524,0.27998414635658264,0.055685803294181824,0.9946016073226929,0.3392462730407715,0.2849121689796448,-0.24417878687381744,0.9999183416366577,0.34275662899017334,0.38684868812561035,0.09831921011209488,0.015026959590613842,0.3342939615249634,0.39800411462783813,-0.27495428919792175,0.9716930985450745,0.35610538721084595,0.4777272045612335,0.05765894427895546,0.03598571568727493,0.3472289741039276,0.5063236951828003,-0.27190178632736206,0.9537736177444458,0.35685890913009644,0.5038767457008362,0.06137273088097572,0.04908011108636856,0.34834301471710205,0.5325171947479248,-0.3009895384311676,0.9365091323852539,0.3603261411190033,0.5024310946464539,0.03857259079813957,0.05009988322854042,0.352824866771698,0.5310807824134827,-0.2961994409561157,0.9323626160621643,0.3596566319465637,0.49382996559143066,0.04627726227045059,0.05093533918261528,0.3529663681983948,0.5220836400985718,-0.2690129280090332,0.8854882121086121,0.3456735610961914,0.4855920374393463,0.09232089668512344,0.9946932196617126,0.3368636667728424,0.4838118851184845,-0.09233687072992325,0.9967286586761475,0.35603445768356323,0.628815233707428,0.08946368098258972,0.2852131724357605,0.34448856115341187,0.6272655129432678,-0.10990308970212936,0.9406613707542419,0.34089726209640503,0.7817683815956116,0.14649786055088043,0.5375741720199585,0.3222396969795227,0.7893401980400085,-0.051908161491155624,0.9473211169242859,0.33061376214027405,0.8049179315567017,0.14681178331375122,0.6422757506370544,0.31315165758132935,0.8136602640151978,-0.05114632099866867,0.899918258190155,0.37504708766937256,0.8107408285140991,0.09320076555013657,0.735471248626709,0.3581814169883728,0.8203282952308655,-0.1298922747373581,0.9456519484519958,PD_Early,004_PD_01_MD.MOV
0.3891409933567047,0.2461819350719452,-0.10046391189098358,0.9880557656288147,0.38914376497268677,0.22991856932640076,-0.0924607664346695,0.9744095206260681,0.388378769159317,0.22818699479103088,-0.09247304499149323,0.9709891676902771,0.38733235001564026,0.22628246247768402,-0.09243808686733246,0.9761675596237183,0.3885142505168915,0.22962011396884918,-0.1222158819437027,0.9827303886413574,0.3874482810497284,0.22810104489326477,-0.12226725369691849,0.9851148128509521,0.38615503907203674,0.2266072779893875,-0.12235821038484573,0.9875806570053101,0.3754921853542328,0.22113294899463654,-0.03807533532381058,0.9239053130149841,0.3744659423828125,0.22103333473205566,-0.17258279025554657,0.9838328957557678,0.38191261887550354,0.2530811131000519,-0.07559432834386826,0.9751998782157898,0.3813836872577667,0.251762717962265,-0.11461905390024185,0.9879055619239807,0.3490005135536194,0.28011348843574524,0.05987755209207535,0.994884729385376,0.345508873462677,0.2845633327960968,-0.22372423112392426,0.9999228119850159,0.34573981165885925,0.3868855834007263,0.09887494891881943,0.016023175790905952,0.3404327929019928,0.3981821835041046,-0.2573009133338928,0.973153293132782,0.3604114353656769,0.47821468114852905,0.057041462510824203,0.03687809780240059,0.3512539267539978,0.5037745237350464,-0.25732094049453735,0.9549732804298401,0.3625463545322418,0.503546416759491,0.05971744284033775,0.049610480666160583,0.35210084915161133,0.5298076272010803,-0.2850147485733032,0.9368131160736084,0.3644278645515442,0.5019472241401672,0.03802749887108803,0.05078050121665001,0.35635262727737427,0.5287006497383118,-0.2816389203071594,0.932697594165802,0.3637894093990326,0.4935697913169861,0.04566207900643349,0.05140694975852966,0.35643815994262695,0.5202282667160034,-0.2553105056285858,0.8859429359436035,0.3476330637931824,0.4836898148059845,0.08529495447874069,0.9949777126312256,0.33843907713890076,0.4819888174533844,-0.08525300025939941,0.9968708157539368,0.361674964427948,0.6169217824935913,0.03644245117902756,0.3041987717151642,0.3403380811214447,0.6237682104110718,-0.14037354290485382,0.9429851174354553,0.3537047207355499,0.7768320441246033,0.07024405896663666,0.5505083203315735,0.32195934653282166,0.788701593875885,-0.0972789004445076,0.9481096267700195,0.3459862768650055,0.8080455660820007,0.06835230439901352,0.6496856808662415,0.3134502172470093,0.8136378526687622,-0.09800810366868973,0.8987706899642944,0.3884551227092743,0.8102558851242065,0.009077626280486584,0.7439358234405518,0.35690757632255554,0.8205894231796265,-0.17735067009925842,0.9466261863708496,PD_Early,004_PD_01_MD.MOV
0.39198797941207886,0.24701876938343048,-0.09386482834815979,0.9890725016593933,0.3920898735523224,0.23060131072998047,-0.08561801165342331,0.9765992760658264,0.3912412226200104,0.2290072739124298,-0.08563707768917084,0.9734642505645752,0.39010217785835266,0.2273753136396408,-0.08560352772474289,0.9781849384307861,0.39167672395706177,0.23012728989124298,-0.11593753844499588,0.9842002987861633,0.3906746208667755,0.22858048975467682,-0.11598871648311615,0.9863780736923218,0.38948747515678406,0.2269829511642456,-0.11608025431632996,0.9886336326599121,0.3786564767360687,0.2219305783510208,-0.03001203015446663,0.93046635389328,0.3780452609062195,0.22156217694282532,-0.1671772450208664,0.9852855205535889,0.38458362221717834,0.25367772579193115,-0.06854722648859024,0.9773316979408264,0.38419607281684875,0.25223976373672485,-0.10836745798587799,0.9889530539512634,0.3528899550437927,0.28100791573524475,0.06727009266614914,0.995166003704071,0.3463631868362427,0.28456905484199524,-0.22062160074710846,0.9999279379844666,0.3501034677028656,0.3889308571815491,0.10724910348653793,0.01699662208557129,0.34103843569755554,0.397273451089859,-0.25471773743629456,0.9748134016990662,0.3625071346759796,0.47828757762908936,0.061571527272462845,0.03764111176133156,0.35243141651153564,0.5019574165344238,-0.25554874539375305,0.9569794535636902,0.36500030755996704,0.5036759972572327,0.06256560236215591,0.05001596733927727,0.3527539074420929,0.5288198590278625,-0.28364601731300354,0.9385563731193542,0.366420179605484,0.5022273659706116,0.04107895866036415,0.05134401097893715,0.3570331633090973,0.5283558964729309,-0.2800929844379425,0.9344892501831055,0.3657757639884949,0.4937770664691925,0.049773793667554855,0.05184903368353844,0.3573940098285675,0.5195451378822327,-0.2533552944660187,0.8883385062217712,0.35084861516952515,0.4834729731082916,0.0845678299665451,0.9952353835105896,0.3401371240615845,0.48148900270462036,-0.08452937006950378,0.9970260262489319,0.36549997329711914,0.6145921945571899,0.04933907464146614,0.3233497440814972,0.3335056006908417,0.6237041354179382,-0.14235328137874603,0.9458779692649841,0.36965495347976685,0.7764446139335632,0.09159954637289047,0.5675463080406189,0.3208424150943756,0.7882183790206909,-0.08744050562381744,0.9501338601112366,0.3606261610984802,0.812042772769928,0.09050704538822174,0.6596156358718872,0.3126467168331146,0.8140776753425598,-0.08715584874153137,0.899206817150116,0.4043307900428772,0.808667778968811,0.032874830067157745,0.7543315887451172,0.3563246726989746,0.8206222057342529,-0.1677716225385666,0.9483989477157593,PD_Early,004_PD_01_MD.MOV
0.3971154987812042,0.2467891275882721,-0.0877455323934555,0.9900655150413513,0.3965519964694977,0.23052024841308594,-0.07880045473575592,0.9787380695343018,0.3956509530544281,0.22895094752311707,-0.07881998270750046,0.9758893847465515,0.3944796621799469,0.22732101380825043,-0.0787748470902443,0.9801697134971619,0.3965143859386444,0.2300494909286499,-0.10980759561061859,0.9856292605400085,0.3957330286502838,0.22849763929843903,-0.10985521972179413,0.9876057505607605,0.3947775661945343,0.2269037514925003,-0.10994326323270798,0.9896518588066101,0.38317549228668213,0.2219076007604599,-0.022455867379903793,0.936840832233429,0.38399526476860046,0.22154320776462555,-0.1631477177143097,0.9866548776626587,0.38993439078330994,0.252656489610672,-0.06249270588159561,0.9794022440910339,0.38958755135536194,0.2517543137073517,-0.10332398861646652,0.989963173866272,0.3547448217868805,0.2813311815261841,0.07233775407075882,0.9954835772514343,0.3510127365589142,0.28459304571151733,-0.2189098745584488,0.9999327063560486,0.3510989248752594,0.3909759819507599,0.10698692500591278,0.018115967512130737,0.34413036704063416,0.39732709527015686,-0.2572050988674164,0.9763551354408264,0.3615790605545044,0.4850994050502777,0.06137509271502495,0.04013033211231232,0.35460785031318665,0.5024172067642212,-0.2574959099292755,0.959158182144165,0.3634858727455139,0.5111854076385498,0.059405043721199036,0.052211157977581024,0.35446348786354065,0.529452919960022,-0.28451740741729736,0.9408512115478516,0.36517417430877686,0.509756863117218,0.037386976182460785,0.05373633652925491,0.3584888279438019,0.5289827585220337,-0.28185945749282837,0.936840832233429,0.36483386158943176,0.5007965564727783,0.048919036984443665,0.054001446813344955,0.3589916527271271,0.5200106501579285,-0.254678338766098,0.8917055726051331,0.35263776779174805,0.4862786829471588,0.0844302847981453,0.9955903887748718,0.3427162766456604,0.48283523321151733,-0.08439823985099792,0.9972227215766907,0.37068215012550354,0.6163745522499084,0.04467665031552315,0.3560175895690918,0.32989397644996643,0.6238709092140198,-0.13726569712162018,0.9500792026519775,0.3847542703151703,0.777485728263855,0.08140359818935394,0.5959967374801636,0.31926241517066956,0.7882754802703857,-0.08356335759162903,0.9536276459693909,0.3797294497489929,0.8110193014144897,0.0795193463563919,0.6785205602645874,0.3115079700946808,0.8160594701766968,-0.0838627740740776,0.9029799699783325,0.4193914234638214,0.8040010929107666,0.01846597157418728,0.7710611820220947,0.35463201999664307,0.8206345438957214,-0.16604502499103546,0.951619565486908,PD_Early,004_PD_01_MD.MOV
0.40470215678215027,0.24703235924243927,-0.08992885053157806,0.9909282922744751,0.40488961338996887,0.23053370416164398,-0.08099675923585892,0.9806026220321655,0.40403079986572266,0.22893813252449036,-0.08101078122854233,0.9780130982398987,0.40231016278266907,0.22730106115341187,-0.08095839619636536,0.9818956851959229,0.4047664999961853,0.23011504113674164,-0.11219143122434616,0.9868651032447815,0.40342047810554504,0.228550523519516,-0.11224210262298584,0.988670289516449,0.40245321393013,0.22691009938716888,-0.11233504861593246,0.9905242919921875,0.3907337784767151,0.22171084582805634,-0.025379033759236336,0.942362904548645,0.392111212015152,0.22146669030189514,-0.1668526977300644,0.9878506660461426,0.3944694399833679,0.2564729154109955,-0.06500247120857239,0.981208086013794,0.3969115912914276,0.25183624029159546,-0.106096550822258,0.9908446669578552,0.3586409389972687,0.28250157833099365,0.06992895156145096,0.9957683086395264,0.35663849115371704,0.28523263335227966,-0.22258059680461884,0.9999369382858276,0.35381683707237244,0.3973568081855774,0.10550443828105927,0.018882999196648598,0.3499159812927246,0.39759811758995056,-0.2586090862751007,0.9776168465614319,0.36286720633506775,0.4923071265220642,0.0601571761071682,0.04200758412480354,0.3585640490055084,0.5032569169998169,-0.2588062584400177,0.961134135723114,0.36410626769065857,0.5188246965408325,0.059283044189214706,0.05389358848333359,0.35846343636512756,0.5307891964912415,-0.28531238436698914,0.9431136846542358,0.36624234914779663,0.517719566822052,0.03722064569592476,0.05558106303215027,0.3621256947517395,0.5317649245262146,-0.28309762477874756,0.9392051100730896,0.3661724328994751,0.5087938904762268,0.047944288700819016,0.055757470428943634,0.36255988478660583,0.5225226879119873,-0.25564610958099365,0.895156979560852,0.3556064963340759,0.4902147650718689,0.08515778928995132,0.9959445595741272,0.34539082646369934,0.4859412908554077,-0.08513844013214111,0.9974210858345032,0.3745116591453552,0.6174280643463135,0.05444563925266266,0.3845633864402771,0.33047327399253845,0.6249898076057434,-0.12550213932991028,0.9538693428039551,0.3922922909259796,0.778538703918457,0.09440065175294876,0.6231184005737305,0.3183569610118866,0.7883029580116272,-0.06848500669002533,0.9568512439727783,0.38792866468429565,0.8108363747596741,0.09281174093484879,0.6967581510543823,0.31047263741493225,0.8171806931495667,-0.06825824081897736,0.9060487747192383,0.4271406829357147,0.8015660047531128,0.03271874040365219,0.7868894338607788,0.35441261529922485,0.8214923143386841,-0.14781111478805542,0.9546282887458801,PD_Early,004_PD_01_MD.MOV
0.41029202938079834,0.24419724941253662,-0.0916961282491684,0.9916584491729736,0.41000503301620483,0.2252875417470932,-0.08267053216695786,0.9822031259536743,0.4086679518222809,0.22339144349098206,-0.08268213272094727,0.9798409342765808,0.40762290358543396,0.22160211205482483,-0.08263082802295685,0.9833664298057556,0.4097006618976593,0.2248159497976303,-0.11383712291717529,0.9879135489463806,0.4082350432872772,0.22295881807804108,-0.11388631165027618,0.9895750284194946,0.4072986841201782,0.22118602693080902,-0.11398524791002274,0.9912559986114502,0.396528422832489,0.21703091263771057,-0.02692488394677639,0.9470526576042175,0.39563846588134766,0.216947540640831,-0.16716046631336212,0.9888898730278015,0.3986750543117523,0.2563750445842743,-0.06663020700216293,0.982748806476593,0.3988197445869446,0.2518655061721802,-0.10750336945056915,0.9916002750396729,0.36266854405403137,0.28253641724586487,0.06975218653678894,0.9959548711776733,0.3592618703842163,0.2852180600166321,-0.22494228184223175,0.9999399781227112,0.35650670528411865,0.3973660171031952,0.10487324744462967,0.018910028040409088,0.3527945578098297,0.3976861834526062,-0.25984281301498413,0.9784941673278809,0.3653678894042969,0.4943026602268219,0.059248246252536774,0.042139846831560135,0.36071106791496277,0.5042759776115417,-0.258953332901001,0.9626410603523254,0.36641737818717957,0.5204018354415894,0.059182487428188324,0.053837936371564865,0.36021602153778076,0.5321794748306274,-0.2864326238632202,0.9448857307434082,0.36866873502731323,0.5193359851837158,0.03687743842601776,0.055592067539691925,0.36442458629608154,0.5339449644088745,-0.2839530408382416,0.9410551190376282,0.36858075857162476,0.5106711983680725,0.0470428466796875,0.05592111125588417,0.3649025857448578,0.5245814323425293,-0.2563989758491516,0.897896409034729,0.35834452509880066,0.4903889298439026,0.08565852791070938,0.9962379336357117,0.3477148711681366,0.48634812235832214,-0.08564624190330505,0.9975771307945251,0.3765363097190857,0.6178684830665588,0.06390626728534698,0.40889665484428406,0.3311100900173187,0.6259167790412903,-0.12415499240159988,0.9571295976638794,0.3936616778373718,0.7798102498054504,0.1085500717163086,0.6470515131950378,0.3178042769432068,0.7882255911827087,-0.057229574769735336,0.9596021771430969,0.38872992992401123,0.810817301273346,0.1074681282043457,0.7126880288124084,0.3096558451652527,0.8175045847892761,-0.0567740797996521,0.9078730940818787,0.4281822144985199,0.8015655875205994,0.04924986511468887,0.8005277514457703,0.3542823791503906,0.8216128349304199,-0.14586228132247925,0.9570260643959045,PD_Early,004_PD_01_MD.MOV
0.4113784432411194,0.2443278580904007,-0.0926196426153183,0.9923543334007263,0.41123196482658386,0.2254684865474701,-0.08366116881370544,0.9836875796318054,0.41038021445274353,0.22360119223594666,-0.08367183804512024,0.9815279841423035,0.409340500831604,0.22179999947547913,-0.08362045884132385,0.9847338795661926,0.41095131635665894,0.22490744292736053,-0.11486906558275223,0.9889033436775208,0.41004329919815063,0.22300627827644348,-0.11491981893777847,0.9904270172119141,0.40908002853393555,0.2211483269929886,-0.11501871049404144,0.9919543862342834,0.3970291018486023,0.21725377440452576,-0.02799578197300434,0.9514036178588867,0.39746570587158203,0.2171170562505722,-0.1688605099916458,0.9898597002029419,0.40055379271507263,0.2574378550052643,-0.0676204189658165,0.9842002391815186,0.40031084418296814,0.25417616963386536,-0.10861501842737198,0.9923153519630432,0.3659483790397644,0.2839192748069763,0.06922784447669983,0.9961889982223511,0.3619471490383148,0.285499632358551,-0.2259538322687149,0.9999437928199768,0.3596423864364624,0.39729514718055725,0.10424868762493134,0.01962783746421337,0.35503560304641724,0.3975909650325775,-0.26067763566970825,0.97954261302948,0.3702714741230011,0.49331584572792053,0.058903057128190994,0.04438275471329689,0.3643958270549774,0.5043023824691772,-0.2602146565914154,0.9643961191177368,0.3709465265274048,0.519573450088501,0.059006381779909134,0.05614684522151947,0.36404383182525635,0.5322900414466858,-0.2885458767414093,0.9469915628433228,0.37408870458602905,0.5184110403060913,0.0359785333275795,0.05806894600391388,0.3687414824962616,0.5338588356971741,-0.28563886880874634,0.9432531595230103,0.3735852837562561,0.5098263025283813,0.04696529731154442,0.05834224447607994,0.36921435594558716,0.5245951414108276,-0.2576957046985626,0.901241660118103,0.3633948266506195,0.49197936058044434,0.08598905056715012,0.9964877963066101,0.3532300293445587,0.48765331506729126,-0.08598094433546066,0.9977227449417114,0.37921515107154846,0.6187247633934021,0.06134774163365364,0.4281940460205078,0.33563902974128723,0.6260326504707336,-0.13365648686885834,0.9600450396537781,0.39515596628189087,0.7809945940971375,0.10336293280124664,0.6652026176452637,0.3176983892917633,0.7880261540412903,-0.0711343064904213,0.9619377255439758,0.38932693004608154,0.8107306361198425,0.10196159780025482,0.7239807844161987,0.30896174907684326,0.8175534009933472,-0.07011965662240982,0.909395694732666,0.42815467715263367,0.8023608326911926,0.04298873618245125,0.811131477355957,0.3546517491340637,0.8222718238830566,-0.15195727348327637,0.9591765999794006,PD_Early,004_PD_01_MD.MOV
0.4141373336315155,0.24444866180419922,-0.09308847039937973,0.9929341077804565,0.4145306348800659,0.2253795713186264,-0.08410918712615967,0.9849129915237427,0.41345295310020447,0.22351233661174774,-0.08411749452352524,0.9829215407371521,0.41245219111442566,0.22168853878974915,-0.08406690508127213,0.9858507513999939,0.41385525465011597,0.2247096747159958,-0.11540023982524872,0.9897136688232422,0.413056343793869,0.22276955842971802,-0.11545111238956451,0.9911248683929443,0.4120974540710449,0.22083838284015656,-0.1155519187450409,0.9925186038017273,0.4012007713317871,0.217335045337677,-0.028510339558124542,0.9549328684806824,0.4006761312484741,0.2171226441860199,-0.1697935163974762,0.9906556606292725,0.4057949185371399,0.2566320598125458,-0.06804458796977997,0.9854035377502441,0.40562576055526733,0.25399133563041687,-0.10913976281881332,0.9929100871086121,0.37183305621147156,0.2848786413669586,0.06598354130983353,0.9963522553443909,0.36626049876213074,0.28636041283607483,-0.22655318677425385,0.9999461770057678,0.36483070254325867,0.3970955014228821,0.09907027333974838,0.020148035138845444,0.3590211868286133,0.39763015508651733,-0.26079657673835754,0.9802042841911316,0.3763488233089447,0.49301549792289734,0.05188804119825363,0.04558451473712921,0.3687528669834137,0.504383385181427,-0.2618335485458374,0.965266764163971,0.3766036331653595,0.5195508003234863,0.05085267126560211,0.05727088078856468,0.36762991547584534,0.5323448181152344,-0.29089680314064026,0.9477547407150269,0.37980207800865173,0.5183008313179016,0.028273165225982666,0.05930469185113907,0.37253114581108093,0.5341690182685852,-0.28865715861320496,0.9440126419067383,0.3789740204811096,0.5096684694290161,0.03958718851208687,0.0595431923866272,0.3733058273792267,0.524806797504425,-0.259921669960022,0.9022247195243835,0.36923691630363464,0.4922514259815216,0.08591268956661224,0.9966777563095093,0.35856392979621887,0.48803842067718506,-0.085903599858284,0.9978238344192505,0.38150593638420105,0.6188742518424988,0.06641273200511932,0.43844175338745117,0.34441307187080383,0.6259377598762512,-0.1347755789756775,0.9616696834564209,0.39403286576271057,0.7809011340141296,0.11379893869161606,0.675308108329773,0.31823110580444336,0.7878706455230713,-0.0752883180975914,0.9631028771400452,0.3883354961872101,0.8106452822685242,0.11315944790840149,0.729435384273529,0.30888909101486206,0.8175249099731445,-0.07461680471897125,0.907778799533844,0.42781221866607666,0.802383303642273,0.056329015642404556,0.817516028881073,0.35494229197502136,0.8236786723136902,-0.15713517367839813,0.9603200554847717,PD_Early,004_PD_01_MD.MOV
0.4186219871044159,0.24453584849834442,-0.10833976417779922,0.9934930801391602,0.41857773065567017,0.22536054253578186,-0.0986744686961174,0.9860427975654602,0.41745612025260925,0.22348684072494507,-0.09868649393320084,0.9842128753662109,0.4164807200431824,0.22165197134017944,-0.09863518923521042,0.9868670701980591,0.41792359948158264,0.22465062141418457,-0.13092197477817535,0.9904619455337524,0.4171660840511322,0.22268714010715485,-0.13097380101680756,0.9917665123939514,0.4162336587905884,0.22071030735969543,-0.13106955587863922,0.9930190443992615,0.4059197008609772,0.21728692948818207,-0.03917121887207031,0.9579282402992249,0.40521490573883057,0.2166631817817688,-0.18599404394626617,0.9913689494132996,0.40901920199394226,0.25684991478919983,-0.08178705722093582,0.9865118861198425,0.40852752327919006,0.254424124956131,-0.12446188926696777,0.9934555888175964,0.3747175335884094,0.28559333086013794,0.05775405466556549,0.996577262878418,0.3688105344772339,0.28648123145103455,-0.24066156148910522,0.9999493360519409,0.37008288502693176,0.40133175253868103,0.09476972371339798,0.021110307425260544,0.36167895793914795,0.39780348539352417,-0.2754024863243103,0.9807962775230408,0.38073596358299255,0.4955662488937378,0.04818073660135269,0.04828696325421333,0.37151437997817993,0.5054539442062378,-0.27242311835289,0.9665603637695312,0.38243624567985535,0.5231854915618896,0.04764983803033829,0.060037560760974884,0.37075722217559814,0.5343232154846191,-0.3029824197292328,0.9494228363037109,0.38458237051963806,0.5219041109085083,0.023611297830939293,0.06240365281701088,0.375527560710907,0.5365374684333801,-0.3006015419960022,0.9458589553833008,0.3833220601081848,0.5155105590820312,0.03528545796871185,0.06283486634492874,0.37621673941612244,0.5269824266433716,-0.2705796957015991,0.9049571752548218,0.37274169921875,0.49357864260673523,0.08804874122142792,0.9969172477722168,0.36138054728507996,0.48892319202423096,-0.08807840198278427,0.9979786276817322,0.38391798734664917,0.6196916699409485,0.12204825133085251,0.4533567726612091,0.34592488408088684,0.6263527274131775,-0.1113206222653389,0.9638965725898743,0.3950439691543579,0.7819882035255432,0.2129860371351242,0.6919522881507874,0.31853052973747253,0.7878782749176025,-0.020552489906549454,0.9654303193092346,0.3891700208187103,0.8104431629180908,0.21690137684345245,0.7409762740135193,0.30887413024902344,0.8174870610237122,-0.016542144119739532,0.9100416898727417,0.43062254786491394,0.8028532862663269,0.163084015250206,0.8271615505218506,0.35485994815826416,0.824489951133728,-0.0977669283747673,0.962602972984314,PD_Early,004_PD_01_MD.MOV
0.42099565267562866,0.24459491670131683,-0.10685930401086807,0.9939576387405396,0.42088210582733154,0.2252209186553955,-0.09736713767051697,0.9869703054428101,0.4197445809841156,0.22328105568885803,-0.0973791778087616,0.9852815866470337,0.418647438287735,0.22136428952217102,-0.09732428193092346,0.9876987934112549,0.4206088185310364,0.2245258092880249,-0.12912963330745697,0.9910682439804077,0.41962364315986633,0.22250644862651825,-0.12918095290660858,0.9922890067100525,0.4187002182006836,0.220468208193779,-0.129277765750885,0.9934187531471252,0.40807297825813293,0.21716879308223724,-0.039189741015434265,0.9602999687194824,0.40820425748825073,0.21645811200141907,-0.18395547568798065,0.991939127445221,0.41269785165786743,0.2562176287174225,-0.08097734302282333,0.9873984456062317,0.41267016530036926,0.254221111536026,-0.12297676503658295,0.9938948154449463,0.37572965025901794,0.28588801622390747,0.05665700137615204,0.9966952800750732,0.3750835657119751,0.28650933504104614,-0.23897291719913483,0.9999515414237976,0.3717181384563446,0.405057430267334,0.09149902313947678,0.02099570259451866,0.36700087785720825,0.3987770080566406,-0.27401623129844666,0.980854868888855,0.3828011155128479,0.4965798258781433,0.046293385326862335,0.048279885202646255,0.3752003610134125,0.5055102109909058,-0.2719830274581909,0.9668520092964172,0.38472259044647217,0.5244027972221375,0.04598427191376686,0.059962112456560135,0.3740782141685486,0.5342934131622314,-0.3023926913738251,0.9496181011199951,0.38667717576026917,0.5232407450675964,0.022379804402589798,0.06244424730539322,0.37886160612106323,0.5365176796913147,-0.2998362183570862,0.9460789561271667,0.3861020505428314,0.5172433853149414,0.03343474119901657,0.06298051029443741,0.3795861005783081,0.5269704461097717,-0.270256370306015,0.9050928354263306,0.3758072555065155,0.49357870221138,0.08819223940372467,0.9971097707748413,0.36580049991607666,0.48916196823120117,-0.08822444826364517,0.9981036186218262,0.38596051931381226,0.6200090050697327,0.11451520025730133,0.4583262503147125,0.3509451746940613,0.6269317269325256,-0.11190841346979141,0.9654228687286377,0.39501941204071045,0.7824978232383728,0.19649742543697357,0.7022988796234131,0.3196134567260742,0.7879441976547241,-0.027830690145492554,0.967180609703064,0.38930097222328186,0.810239315032959,0.19939512014389038,0.7474416494369507,0.3088645040988922,0.8165877461433411,-0.024656258523464203,0.9114888906478882,0.43146786093711853,0.8045596480369568,0.14533774554729462,0.8338842988014221,0.3554894030094147,0.8251394033432007,-0.10593878477811813,0.9643949866294861,PD_Early,004_PD_01_MD.MOV
0.42365095019340515,0.24358613789081573,-0.09217329323291779,0.9937087297439575,0.42285987734794617,0.22358305752277374,-0.08278832584619522,0.986254096031189,0.4219670593738556,0.2217487096786499,-0.08281870931386948,0.984635591506958,0.4208938777446747,0.219927579164505,-0.0827721431851387,0.9868869185447693,0.4228035509586334,0.22294068336486816,-0.11393462866544724,0.9903671145439148,0.42207324504852295,0.22101560235023499,-0.11397469788789749,0.9917105436325073,0.42126384377479553,0.21907339990139008,-0.11407404392957687,0.9926767349243164,0.4107424318790436,0.21694231033325195,-0.026258114725351334,0.9565771222114563,0.41126784682273865,0.21625453233718872,-0.1679997444152832,0.9912154078483582,0.4161389470100403,0.25359126925468445,-0.06696934252977371,0.9866039156913757,0.4163372814655304,0.25252991914749146,-0.10810361057519913,0.9934821724891663,0.3788732886314392,0.28588834404945374,0.06826543062925339,0.9966835379600525,0.3815002143383026,0.2864193320274353,-0.22491835057735443,0.9999504089355469,0.3745231032371521,0.4042031764984131,0.09871728718280792,0.020288249477744102,0.3749423921108246,0.39593204855918884,-0.2596794366836548,0.9792296886444092,0.3865113854408264,0.49634525179862976,0.05429409071803093,0.046982645988464355,0.38177502155303955,0.49606090784072876,-0.26139381527900696,0.9646525382995605,0.3887556791305542,0.5242365002632141,0.05400436744093895,0.05850478261709213,0.38081037998199463,0.5248640775680542,-0.2910864055156708,0.946721076965332,0.3905162811279297,0.5227580070495605,0.03107219748198986,0.060969967395067215,0.38422784209251404,0.5240518450737,-0.2879496216773987,0.9430394172668457,0.39005836844444275,0.5149235725402832,0.04158205911517143,0.061510395258665085,0.38484686613082886,0.5164992809295654,-0.2596195340156555,0.8999000191688538,0.37968674302101135,0.49352774024009705,0.08815614879131317,0.9971641302108765,0.37126168608665466,0.4892866313457489,-0.08818446099758148,0.9981431365013123,0.3862438499927521,0.6206724047660828,0.10762494057416916,0.45481234788894653,0.3603476583957672,0.6271305084228516,-0.12938643991947174,0.9645448923110962,0.3944106698036194,0.7824307680130005,0.1841707080602646,0.7024490237236023,0.32133617997169495,0.787799596786499,-0.06728841364383698,0.9673712253570557,0.38880985975265503,0.8083756566047668,0.18634486198425293,0.7460522055625916,0.3092091679573059,0.8139212131500244,-0.06638526916503906,0.908690869808197,0.430279940366745,0.8056812882423401,0.13098107278347015,0.8337772488594055,0.35652977228164673,0.8268355131149292,-0.1532740443944931,0.9649327397346497,PD_Early,004_PD_01_MD.MOV
0.42402908205986023,0.2409987896680832,-0.09323704242706299,0.9940505027770996,0.4231451153755188,0.22032450139522552,-0.08378486335277557,0.9869539737701416,0.42237186431884766,0.2188432812690735,-0.08381015807390213,0.9854139089584351,0.4213990271091461,0.21740223467350006,-0.08376418799161911,0.9875161647796631,0.42294585704803467,0.21949917078018188,-0.11503400653600693,0.9908175468444824,0.4222179353237152,0.21775397658348083,-0.11507541686296463,0.9920935034751892,0.4213915169239044,0.21604424715042114,-0.11517181247472763,0.9929800629615784,0.41171008348464966,0.21603146195411682,-0.026556361466646194,0.9584588408470154,0.4123157858848572,0.2152293473482132,-0.1687903106212616,0.9916625022888184,0.4171321988105774,0.25337526202201843,-0.06788916885852814,0.9873137474060059,0.4170190095901489,0.24976244568824768,-0.10913269966840744,0.9938382506370544,0.38189980387687683,0.2859865128993988,0.06915733218193054,0.996847927570343,0.3814997971057892,0.2860455811023712,-0.22608990967273712,0.999952495098114,0.3787689507007599,0.4044327437877655,0.1016848087310791,0.020358990877866745,0.3742217719554901,0.395567923784256,-0.2606957256793976,0.9794360995292664,0.38982096314430237,0.49793973565101624,0.057033970952034,0.047820620238780975,0.3819217383861542,0.4972311556339264,-0.26171547174453735,0.9649308323860168,0.3937944769859314,0.5256103277206421,0.05680910870432854,0.05951160937547684,0.3810213804244995,0.5253366827964783,-0.2915549874305725,0.9469082951545715,0.3972926735877991,0.5250290036201477,0.03331192582845688,0.06205383688211441,0.3851718306541443,0.5252643823623657,-0.2891468405723572,0.9432663321495056,0.395985871553421,0.5142970681190491,0.044092852622270584,0.06262210756540298,0.38599106669425964,0.5173635482788086,-0.26029402017593384,0.9002260565757751,0.3814685642719269,0.49196162819862366,0.08928104490041733,0.9972699284553528,0.3724637031555176,0.48794203996658325,-0.08930344134569168,0.9981817603111267,0.38692548871040344,0.6232304573059082,0.09732847660779953,0.44876497983932495,0.36691200733184814,0.6271694898605347,-0.13507980108261108,0.9639754295349121,0.39385315775871277,0.7824963331222534,0.15371163189411163,0.6983654499053955,0.3223930597305298,0.7862403392791748,-0.07859642803668976,0.9672235250473022,0.38742733001708984,0.8084868788719177,0.15371140837669373,0.7423664927482605,0.30922192335128784,0.8113875985145569,-0.07790026068687439,0.9067360162734985,0.42991435527801514,0.8071854710578918,0.09763209521770477,0.8318418860435486,0.3565118908882141,0.8286370038986206,-0.16025418043136597,0.9651442766189575,PD_Early,004_PD_01_MD.MOV
0.43103548884391785,0.2412254363298416,-0.09284820407629013,0.9941495656967163,0.4297577440738678,0.22054782509803772,-0.08323430269956589,0.9870707392692566,0.4289972186088562,0.2189382165670395,-0.08325520157814026,0.9855625033378601,0.4280094504356384,0.21736885607242584,-0.08321139961481094,0.9875964522361755,0.42938968539237976,0.2198278158903122,-0.11455687135457993,0.9908545613288879,0.42853960394859314,0.2180347740650177,-0.11459996551275253,0.9921323657035828,0.42757120728492737,0.21628187596797943,-0.11469454318284988,0.9929410219192505,0.4179881811141968,0.21556735038757324,-0.026481179520487785,0.9581902623176575,0.41758400201797485,0.2149924635887146,-0.16887572407722473,0.9917475581169128,0.42450612783432007,0.25198841094970703,-0.06767073273658752,0.9873747825622559,0.42420828342437744,0.2496708631515503,-0.10897595435380936,0.9938539266586304,0.38653263449668884,0.28590863943099976,0.06962230056524277,0.9969511032104492,0.38591572642326355,0.2858690619468689,-0.22673414647579193,0.9999533891677856,0.38216373324394226,0.40408238768577576,0.10254728049039841,0.0200418159365654,0.37910428643226624,0.395557701587677,-0.26096248626708984,0.9790326356887817,0.39232951402664185,0.49570220708847046,0.06047592684626579,0.047928620129823685,0.38802775740623474,0.49775293469429016,-0.2601584792137146,0.9646716713905334,0.3952237665653229,0.517430305480957,0.06126346066594124,0.059870682656764984,0.3871692717075348,0.5238907933235168,-0.2892132103443146,0.946782648563385,0.39732256531715393,0.5166194438934326,0.03795831277966499,0.062440693378448486,0.3907238841056824,0.5229235887527466,-0.28604981303215027,0.9432521462440491,0.3967192471027374,0.5110805034637451,0.04789657145738602,0.0630367323756218,0.3912791907787323,0.5152443647384644,-0.25820448994636536,0.9002068042755127,0.3863166570663452,0.49091044068336487,0.09146017581224442,0.9972589612007141,0.3780531883239746,0.48794493079185486,-0.09149814397096634,0.9981518387794495,0.38750118017196655,0.628284215927124,0.10475616157054901,0.4364667534828186,0.3708838224411011,0.6297294497489929,-0.1304892599582672,0.9634464979171753,0.3930775821208954,0.7836543917655945,0.1721610724925995,0.6897855401039124,0.3242965340614319,0.7836383581161499,-0.07258664071559906,0.9668188691139221,0.3871108293533325,0.8084481954574585,0.17351508140563965,0.7351593375205994,0.3093234598636627,0.8051977157592773,-0.07147808372974396,0.9046726226806641,0.42918112874031067,0.8075042963027954,0.12279270589351654,0.8256697058677673,0.3565235733985901,0.8288487195968628,-0.15000249445438385,0.9647512435913086,PD_Early,004_PD_01_MD.MOV
0.43708184361457825,0.23953625559806824,-0.09713973850011826,0.9940139055252075,0.4359874129295349,0.2188297063112259,-0.08726758509874344,0.9866976141929626,0.43476831912994385,0.21700099110603333,-0.08728570491075516,0.9851986765861511,0.43378180265426636,0.21530841290950775,-0.08725138753652573,0.9872197508811951,0.43557795882225037,0.2182990312576294,-0.11836408078670502,0.9904928803443909,0.4343237280845642,0.2164081633090973,-0.118403360247612,0.9918281435966492,0.43335798382759094,0.21438173949718475,-0.11849258095026016,0.9925466179847717,0.4237498939037323,0.21280819177627563,-0.03119947947561741,0.9562378525733948,0.42442864179611206,0.21280354261398315,-0.172559455037117,0.9914665222167969,0.42660972476005554,0.2519783675670624,-0.0722576156258583,0.9867835640907288,0.4261610209941864,0.24958668649196625,-0.1132943257689476,0.9935109615325928,0.39037102460861206,0.2854781150817871,0.06846204400062561,0.9970273375511169,0.3913116753101349,0.2855125665664673,-0.23189948499202728,0.9999538064002991,0.3836345970630646,0.4033862054347992,0.1022496223449707,0.019264288246631622,0.38433313369750977,0.39566320180892944,-0.2618064284324646,0.9777653217315674,0.39527955651283264,0.48954880237579346,0.06190868467092514,0.04626917093992233,0.3939020335674286,0.49828988313674927,-0.2585119903087616,0.9627847671508789,0.39572441577911377,0.5123848915100098,0.06350313872098923,0.05814551189541817,0.393649160861969,0.5238790512084961,-0.2868335545063019,0.9447916150093079,0.39931756258010864,0.5118446946144104,0.04064654931426048,0.0606437623500824,0.396030068397522,0.522511899471283,-0.2831231653690338,0.9414306282997131,0.39785024523735046,0.5053962469100952,0.04966006428003311,0.06133013218641281,0.3965299427509308,0.5149745941162109,-0.2562216818332672,0.8973864912986755,0.38898134231567383,0.4886927306652069,0.09416143596172333,0.9973101615905762,0.38148078322410583,0.4874456822872162,-0.09424484521150589,0.9981836676597595,0.38939720392227173,0.6310034990310669,0.1298053115606308,0.42634063959121704,0.3780071437358856,0.6310248374938965,-0.11994746327400208,0.9636772871017456,0.39277374744415283,0.7836512327194214,0.22052696347236633,0.6862059235572815,0.32666072249412537,0.7789325714111328,-0.06212379038333893,0.9667539000511169,0.3873105049133301,0.8084190487861633,0.2245313823223114,0.7308391332626343,0.3096095621585846,0.7969368100166321,-0.05982709303498268,0.9028391242027283,0.4290565848350525,0.8075556755065918,0.1764974594116211,0.822152853012085,0.3564322292804718,0.8295117616653442,-0.1289663016796112,0.9645719528198242,PD_Early,004_PD_01_MD.MOV
0.4379108250141144,0.23820368945598602,-0.10158238559961319,0.994117259979248,0.4365764558315277,0.2170717865228653,-0.0910111740231514,0.986845076084137,0.4357382357120514,0.21531975269317627,-0.09102793037891388,0.9854053854942322,0.4348067045211792,0.21370914578437805,-0.09099455177783966,0.9873402118682861,0.43625709414482117,0.21664513647556305,-0.12273842841386795,0.9905575513839722,0.4354042112827301,0.21472619473934174,-0.12277524918317795,0.9919074773788452,0.43454280495643616,0.21288488805294037,-0.12285736948251724,0.9925363063812256,0.42506131529808044,0.21142718195915222,-0.03342156857252121,0.956445038318634,0.42550376057624817,0.21184289455413818,-0.17740553617477417,0.991625964641571,0.42943868041038513,0.2515937387943268,-0.07626734673976898,0.9869015216827393,0.42891013622283936,0.2490953505039215,-0.11810354143381119,0.9935382008552551,0.3919168710708618,0.2847348153591156,0.06822379678487778,0.997115969657898,0.39285358786582947,0.28456124663352966,-0.2382679283618927,0.9999549388885498,0.38293734192848206,0.4032444357872009,0.10172579437494278,0.018758315593004227,0.3859352469444275,0.39815568923950195,-0.26917698979377747,0.9779127836227417,0.3951498866081238,0.4884634017944336,0.060950517654418945,0.04486214369535446,0.3949667811393738,0.4988510012626648,-0.2620249092578888,0.9626903533935547,0.3937772810459137,0.5128413438796997,0.06247008219361305,0.05668870732188225,0.39542683959007263,0.5239693522453308,-0.2910079061985016,0.9448519945144653,0.39900490641593933,0.5121896266937256,0.03945625200867653,0.059077970683574677,0.39869630336761475,0.5232168436050415,-0.2859562039375305,0.9416243433952332,0.39691489934921265,0.5053953528404236,0.04861876741051674,0.05989605560898781,0.39865487813949585,0.5153775215148926,-0.2592278718948364,0.8976650238037109,0.38936465978622437,0.48520830273628235,0.09587178379297256,0.9973465800285339,0.3823958933353424,0.48533931374549866,-0.09596121311187744,0.998169481754303,0.39036768674850464,0.6318309307098389,0.1197202280163765,0.4207513928413391,0.38232502341270447,0.6314213871955872,-0.11105193942785263,0.9647707939147949,0.3930519223213196,0.7857208251953125,0.201071098446846,0.6880330443382263,0.32872942090034485,0.7742140889167786,-0.04104052856564522,0.967694878578186,0.3877984285354614,0.809293270111084,0.20396973192691803,0.7294847369194031,0.31092655658721924,0.7908705472946167,-0.0376998595893383,0.9041371941566467,0.43021848797798157,0.8080723881721497,0.1531790941953659,0.8215832114219666,0.356378972530365,0.8304033279418945,-0.10867375880479813,0.9652293920516968,PD_Early,004_PD_01_MD.MOV
0.43832769989967346,0.23274675011634827,-0.09108373522758484,0.9939326047897339,0.4367169439792633,0.21123339235782623,-0.08122571557760239,0.9861841201782227,0.4357265830039978,0.20988839864730835,-0.0812448039650917,0.9847049713134766,0.4348069429397583,0.2087809443473816,-0.0812121331691742,0.9867357611656189,0.43652158975601196,0.21070770919322968,-0.11277516186237335,0.9900555610656738,0.4356005787849426,0.2092096209526062,-0.11280766874551773,0.9914750456809998,0.43482765555381775,0.2078896313905716,-0.112900011241436,0.992034912109375,0.4252607524394989,0.20969143509864807,-0.02624654397368431,0.9534069895744324,0.4263277053833008,0.20926950871944427,-0.16954101622104645,0.9911377429962158,0.4296710789203644,0.24909447133541107,-0.06673623621463776,0.9862352013587952,0.42966553568840027,0.24650293588638306,-0.1083463728427887,0.9932019710540771,0.3935781419277191,0.2842189073562622,0.07515410333871841,0.9971846342086792,0.39634963870048523,0.28235772252082825,-0.23417118191719055,0.9999551773071289,0.3860946595668793,0.3963925838470459,0.11106815189123154,0.01819312945008278,0.39129891991615295,0.39778339862823486,-0.2640143930912018,0.9772007465362549,0.39642196893692017,0.4853575527667999,0.07410692423582077,0.043515026569366455,0.40061524510383606,0.4971432685852051,-0.2548355460166931,0.9616962671279907,0.3951074481010437,0.5106070637702942,0.07533057779073715,0.055204253643751144,0.40166714787483215,0.5223084688186646,-0.28387147188186646,0.9439249634742737,0.3992016017436981,0.5110025405883789,0.05243552476167679,0.05751275643706322,0.4041108787059784,0.5217621326446533,-0.2789270579814911,0.9407359957695007,0.3986627459526062,0.5027351975440979,0.06183617189526558,0.05834491550922394,0.4036589562892914,0.513916552066803,-0.2519851326942444,0.8960587382316589,0.3915920853614807,0.48415663838386536,0.09764444082975388,0.997425377368927,0.3861401677131653,0.48353496193885803,-0.09774402529001236,0.998210072517395,0.3958408236503601,0.6315879821777344,0.12117651849985123,0.41351446509361267,0.39018991589546204,0.6310082077980042,-0.12298143655061722,0.9655206799507141,0.3926638960838318,0.7856627702713013,0.20699353516101837,0.6902005076408386,0.33455905318260193,0.7674475908279419,-0.04916323348879814,0.9686943292617798,0.38727492094039917,0.8092479705810547,0.21030065417289734,0.7285314202308655,0.3189001977443695,0.780332088470459,-0.043423768132925034,0.9051318764686584,0.43081915378570557,0.8088229894638062,0.1603381484746933,0.8219464421272278,0.357748806476593,0.8303382396697998,-0.11740636825561523,0.9663893580436707,PD_Early,004_PD_01_MD.MOV
0.44170358777046204,0.2303072214126587,-0.08984940499067307,0.9935694336891174,0.4402562081813812,0.20883412659168243,-0.08018819242715836,0.9845879673957825,0.4396187663078308,0.20764760673046112,-0.08020885288715363,0.9830623865127563,0.43837881088256836,0.20658865571022034,-0.08017228543758392,0.9853681325912476,0.43981996178627014,0.20823872089385986,-0.1119447872042656,0.9888699650764465,0.4390791952610016,0.2068980634212494,-0.11198025196790695,0.9904335737228394,0.43794551491737366,0.20570383965969086,-0.11207970976829529,0.9908877015113831,0.4251912832260132,0.2104106992483139,-0.0252674613147974,0.9467698335647583,0.42961356043815613,0.2077743262052536,-0.1696166694164276,0.9897565841674805,0.43232589960098267,0.24749982357025146,-0.06531687080860138,0.9848275780677795,0.4328254461288452,0.2450007051229477,-0.10727815330028534,0.9924525618553162,0.39675676822662354,0.28373199701309204,0.07460479438304901,0.9973521828651428,0.40069320797920227,0.2814391255378723,-0.23286789655685425,0.9999552369117737,0.3916051685810089,0.39676064252853394,0.1111631914973259,0.01854172721505165,0.3932623863220215,0.3971911668777466,-0.26273393630981445,0.9760594964027405,0.405645489692688,0.4848940670490265,0.0732831284403801,0.04647155851125717,0.4046476483345032,0.49586984515190125,-0.25487443804740906,0.9609991312026978,0.40762585401535034,0.5099999904632568,0.07389717549085617,0.05856453999876976,0.40540486574172974,0.5213863849639893,-0.2843676209449768,0.9435393810272217,0.40937837958335876,0.5104940533638,0.05022010579705238,0.06118546798825264,0.4079125225543976,0.5205268859863281,-0.2800072431564331,0.9404743909835815,0.40865740180015564,0.5029503703117371,0.060772527009248734,0.061818912625312805,0.4075179994106293,0.5123468041419983,-0.25227275490760803,0.89559006690979,0.3982064127922058,0.4842613935470581,0.09947953373193741,0.9975753426551819,0.3917173445224762,0.4836868941783905,-0.09958581626415253,0.9982855319976807,0.4019389748573303,0.6323677897453308,0.13252165913581848,0.4031962454319,0.3985964059829712,0.6310422420501709,-0.12781138718128204,0.9662229418754578,0.39286649227142334,0.7866042256355286,0.22594015300273895,0.6925142407417297,0.34387919306755066,0.7637708783149719,-0.04322265461087227,0.9698295593261719,0.3871957063674927,0.8094801306724548,0.22998937964439392,0.7300167083740234,0.32879918813705444,0.774136483669281,-0.03717271238565445,0.9073501229286194,0.4305332601070404,0.8094024062156677,0.17999635636806488,0.824360191822052,0.3648347556591034,0.8263288736343384,-0.1015125960111618,0.967948317527771,PD_Early,004_PD_01_MD.MOV
0.44381624460220337,0.23095206916332245,-0.10607393831014633,0.9927545785903931,0.44218236207962036,0.2094607651233673,-0.09646770358085632,0.9818785786628723,0.44161149859428406,0.20822773873806,-0.09649930894374847,0.9805007576942444,0.44083553552627563,0.20691251754760742,-0.09646431356668472,0.9830811023712158,0.44171425700187683,0.20872212946414948,-0.12836839258670807,0.9867110848426819,0.44101253151893616,0.20734460651874542,-0.12840695679187775,0.9885727763175964,0.4398908019065857,0.2060747742652893,-0.12851418554782867,0.9888620376586914,0.43032485246658325,0.20939350128173828,-0.04158204793930054,0.938520610332489,0.4316917061805725,0.20779721438884735,-0.1868056207895279,0.9876787662506104,0.43582573533058167,0.24735556542873383,-0.08119901269674301,0.9820663332939148,0.4362378418445587,0.24504400789737701,-0.1233593225479126,0.9909626841545105,0.39942052960395813,0.2834841012954712,0.05940043926239014,0.9974962472915649,0.40245330333709717,0.2815457880496979,-0.24397513270378113,0.9999538660049438,0.3912549614906311,0.3950246274471283,0.0940186083316803,0.01836375519633293,0.39406031370162964,0.3986477553844452,-0.2747500240802765,0.9748139381408691,0.40488097071647644,0.48812294006347656,0.05926224961876869,0.047597043216228485,0.40271028876304626,0.5014755129814148,-0.26590538024902344,0.9601249694824219,0.40533769130706787,0.5144055485725403,0.060141488909721375,0.060354795306921005,0.4056848883628845,0.5307037830352783,-0.2972693145275116,0.9430102705955505,0.4098151922225952,0.5137470960617065,0.03555774316191673,0.06300575286149979,0.4085189402103424,0.5318662524223328,-0.29142507910728455,0.9400622844696045,0.407488077878952,0.5051009058952332,0.046758078038692474,0.06354749202728271,0.4090479016304016,0.5210141539573669,-0.2628535330295563,0.8950367569923401,0.398607075214386,0.4844081699848175,0.10010676831007004,0.9977105259895325,0.39437195658683777,0.4837828576564789,-0.10022221505641937,0.9983347654342651,0.40189650654792786,0.6322824358940125,0.1466100960969925,0.39578381180763245,0.40175923705101013,0.6313048601150513,-0.1174301952123642,0.9675869345664978,0.3922414779663086,0.7859055399894714,0.2524396777153015,0.6976579427719116,0.35094740986824036,0.7629780769348145,-0.007510931231081486,0.9710497856140137,0.3865725100040436,0.8075368404388428,0.25790271162986755,0.7318126559257507,0.33518436551094055,0.7720595002174377,0.0005622059688903391,0.9094061851501465,0.42984718084335327,0.8093509078025818,0.21009962260723114,0.8280718922615051,0.37017059326171875,0.8206344842910767,-0.05958075076341629,0.9693151712417603,PD_Early,004_PD_01_MD.MOV
0.4455166757106781,0.23099713027477264,-0.09189625084400177,0.9916808009147644,0.4443177282810211,0.20959976315498352,-0.08293119817972183,0.9793577194213867,0.44354236125946045,0.20825015008449554,-0.08296187222003937,0.9779592156410217,0.44295042753219604,0.20713074505329132,-0.08292761445045471,0.9811679720878601,0.4435941278934479,0.2086036652326584,-0.11514370143413544,0.9848619699478149,0.44256219267845154,0.20722126960754395,-0.1151750385761261,0.9870148301124573,0.4416879117488861,0.2060353010892868,-0.11528798937797546,0.9874765276908875,0.42904096841812134,0.21096351742744446,-0.03463871777057648,0.9325933456420898,0.433675616979599,0.20787979662418365,-0.18165960907936096,0.9857470989227295,0.43755409121513367,0.24676282703876495,-0.06942806392908096,0.9791808128356934,0.43812447786331177,0.24489745497703552,-0.11178780347108841,0.9896109700202942,0.40264785289764404,0.283432275056839,0.05996394902467728,0.997461199760437,0.4047243893146515,0.28164437413215637,-0.2417529672384262,0.9999471306800842,0.39610737562179565,0.39520886540412903,0.0952439084649086,0.017863834276795387,0.3971339166164398,0.39950329065322876,-0.2723103165626526,0.9724711179733276,0.40812578797340393,0.4880925416946411,0.06482593715190887,0.04765050858259201,0.40706199407577515,0.5078557729721069,-0.26529595255851746,0.9581372737884521,0.4113824963569641,0.513168215751648,0.06913083046674728,0.06094251945614815,0.40877291560173035,0.5349218845367432,-0.29647573828697205,0.9412952661514282,0.4157477617263794,0.5131352543830872,0.04451138898730278,0.0634395182132721,0.4120570719242096,0.5359102487564087,-0.28871050477027893,0.9381192922592163,0.41470396518707275,0.5053733587265015,0.05242878943681717,0.063872329890728,0.4126330614089966,0.5257828831672668,-0.26182281970977783,0.8920229077339172,0.3997102975845337,0.4832378923892975,0.09948213398456573,0.9976744055747986,0.3964957892894745,0.4832468628883362,-0.0995873510837555,0.998222291469574,0.4047949016094208,0.625803530216217,0.11140229552984238,0.3873748183250427,0.4101559519767761,0.6296345591545105,-0.12478256970643997,0.9664801955223083,0.38917091488838196,0.773338794708252,0.1787823885679245,0.6889647245407104,0.36697131395339966,0.7652033567428589,-0.05131896585226059,0.9696797132492065,0.37569648027420044,0.7853754162788391,0.18044067919254303,0.7260035276412964,0.351450651884079,0.7771181464195251,-0.04732908681035042,0.9073648452758789,0.4212953746318817,0.806803286075592,0.13442330062389374,0.8244161009788513,0.3934342563152313,0.8210603594779968,-0.10150351375341415,0.96877521276474,PD_Early,004_PD_01_MD.MOV
0.45120769739151,0.23099571466445923,-0.08236661553382874,0.9910004138946533,0.4504581689834595,0.2093077450990677,-0.07355517894029617,0.9780641198158264,0.4500711262226105,0.20801317691802979,-0.07358606904745102,0.9764727354049683,0.4496035575866699,0.20692625641822815,-0.07356037944555283,0.9802131652832031,0.4495820105075836,0.20833058655261993,-0.10519693791866302,0.9837248921394348,0.44873395562171936,0.20688247680664062,-0.10523027926683426,0.9859481453895569,0.4479030966758728,0.2056708186864853,-0.1053399071097374,0.986638605594635,0.43320325016975403,0.21163246035575867,-0.02511909231543541,0.9312787055969238,0.43857327103614807,0.20709191262722015,-0.1686835139989853,0.984790563583374,0.44272783398628235,0.24655617773532867,-0.06001190468668938,0.9781225323677063,0.44298842549324036,0.24478550255298615,-0.10150432586669922,0.9890326857566833,0.407516747713089,0.28346961736679077,0.06821756064891815,0.9975042939186096,0.408637136220932,0.28167760372161865,-0.23206311464309692,0.9999399781227112,0.4051108956336975,0.3940996527671814,0.10133639723062515,0.018557604402303696,0.40110233426094055,0.4001096487045288,-0.2673361003398895,0.9713230133056641,0.42095404863357544,0.49327006936073303,0.06781546026468277,0.05199981480836868,0.41213259100914,0.5093259811401367,-0.2627670168876648,0.9577183723449707,0.42147746682167053,0.5157153010368347,0.07209253311157227,0.0660991445183754,0.4116683006286621,0.5353155732154846,-0.29285404086112976,0.9408715963363647,0.42423978447914124,0.5168363451957703,0.04708055034279823,0.06870026141405106,0.4160554111003876,0.536329448223114,-0.28710803389549255,0.9376977682113647,0.4223245680332184,0.5076518654823303,0.05513752996921539,0.06888386607170105,0.41624829173088074,0.5277336835861206,-0.2601202726364136,0.8919845819473267,0.40010276436805725,0.4832642078399658,0.09718246757984161,0.9976032972335815,0.398762971162796,0.48298633098602295,-0.09721745550632477,0.9979745149612427,0.4071846604347229,0.6259942054748535,0.08311314135789871,0.37053123116493225,0.4196182191371918,0.6274430751800537,-0.1289496272802353,0.9624252319335938,0.38820573687553406,0.7714654803276062,0.1313180774450302,0.6638533473014832,0.3811410069465637,0.7665529847145081,-0.06512505561113358,0.9659910798072815,0.3752823770046234,0.785494863986969,0.1307893693447113,0.7092521786689758,0.3686172366142273,0.779889702796936,-0.0618165023624897,0.9029356837272644,0.42106348276138306,0.806780219078064,0.08259422332048416,0.8064771890640259,0.41226035356521606,0.8131639957427979,-0.1156674176454544,0.9660503268241882,PD_Early,004_PD_01_MD.MOV
0.4535708427429199,0.23352186381816864,-0.0843975618481636,0.9910998940467834,0.453184574842453,0.21250680088996887,-0.07528474181890488,0.9783717393875122,0.45272883772850037,0.21125274896621704,-0.07531251758337021,0.9767329096794128,0.4521610140800476,0.21025662124156952,-0.07528822124004364,0.9805330038070679,0.45255371928215027,0.211399108171463,-0.10648759454488754,0.9839621186256409,0.4517875015735626,0.20984941720962524,-0.10652048885822296,0.9861375093460083,0.4504772126674652,0.20792454481124878,-0.1066187173128128,0.986921489238739,0.43777626752853394,0.21347656846046448,-0.023150552064180374,0.9338840246200562,0.44191691279411316,0.20839881896972656,-0.16330960392951965,0.9852292537689209,0.4463113844394684,0.24768602848052979,-0.060727961361408234,0.9785605669021606,0.44571125507354736,0.24608953297138214,-0.10148577392101288,0.9893285036087036,0.4107780456542969,0.2835753262042999,0.07362942397594452,0.9975749254226685,0.4084838330745697,0.28242307901382446,-0.22531898319721222,0.9999386668205261,0.40863683819770813,0.393328994512558,0.10805077105760574,0.019932648167014122,0.39999717473983765,0.4010842740535736,-0.26033395528793335,0.9719409942626953,0.42293083667755127,0.49602097272872925,0.06765792518854141,0.054952505975961685,0.4144141972064972,0.5110050439834595,-0.25487661361694336,0.9583244323730469,0.42386993765830994,0.5175807476043701,0.07086444646120071,0.06987640261650085,0.4149141013622284,0.5369701385498047,-0.28343430161476135,0.941473662853241,0.42489200830459595,0.5197242498397827,0.04619864001870155,0.07249028235673904,0.4187571704387665,0.5379828214645386,-0.27980974316596985,0.9383994340896606,0.4244392216205597,0.5097509622573853,0.05495799705386162,0.0726994127035141,0.41879650950431824,0.529478132724762,-0.25272461771965027,0.8937806487083435,0.40071016550064087,0.48241469264030457,0.09670969098806381,0.9974174499511719,0.39889347553253174,0.4823368191719055,-0.09670766443014145,0.9976921081542969,0.4120090901851654,0.6235195994377136,0.09067817777395248,0.3599448800086975,0.42987897992134094,0.6224976181983948,-0.12622839212417603,0.9617530703544617,0.38817209005355835,0.7709795236587524,0.1450798362493515,0.6446335315704346,0.3871268033981323,0.7667736411094666,-0.0601869598031044,0.9646133184432983,0.3760630190372467,0.7883654236793518,0.14534099400043488,0.6954432725906372,0.37564143538475037,0.7843936085700989,-0.05676300451159477,0.9020891785621643,0.4212714433670044,0.8066388368606567,0.10215092450380325,0.7910001873970032,0.42082756757736206,0.812919020652771,-0.10536237061023712,0.9642798900604248,PD_Early,004_PD_01_MD.MOV
0.4561026394367218,0.23763826489448547,-0.08623535931110382,0.9915005564689636,0.4543038606643677,0.21336980164051056,-0.07700837403535843,0.979520857334137,0.4538203477859497,0.2122442126274109,-0.07703400403261185,0.9779489040374756,0.452797532081604,0.2114463746547699,-0.0770067423582077,0.9815601110458374,0.4539351463317871,0.2122879922389984,-0.1079711765050888,0.9847790598869324,0.4531095623970032,0.21044272184371948,-0.1080038845539093,0.9868192076683044,0.45227423310279846,0.20882657170295715,-0.10809299349784851,0.9876055717468262,0.4429463744163513,0.2132459282875061,-0.023778749629855156,0.9382043480873108,0.4443206489086151,0.20939360558986664,-0.16093771159648895,0.9860790967941284,0.44900423288345337,0.24941754341125488,-0.062189921736717224,0.9795575737953186,0.44820910692214966,0.2477790266275406,-0.10247144103050232,0.9898289442062378,0.4133410155773163,0.28358203172683716,0.07449503242969513,0.9976824522018433,0.41328614950180054,0.2826506793498993,-0.2204408496618271,0.999937117099762,0.411008358001709,0.3931962847709656,0.10743390768766403,0.022071940824389458,0.40419331192970276,0.4014457166194916,-0.2562538683414459,0.9727843403816223,0.4255405068397522,0.4960249662399292,0.06622249633073807,0.06062566488981247,0.4169929325580597,0.5121384859085083,-0.2498798370361328,0.9587344527244568,0.4255552589893341,0.5189603567123413,0.07069431245326996,0.07681730389595032,0.4185362756252289,0.5379863977432251,-0.2780231237411499,0.9420861005783081,0.4276364743709564,0.5212885737419128,0.044519856572151184,0.07933390885591507,0.4219847619533539,0.5384895205497742,-0.2725939154624939,0.9390770196914673,0.4261035621166229,0.5106725692749023,0.0534132644534111,0.07938085496425629,0.4215901792049408,0.5298360586166382,-0.24688076972961426,0.8955757021903992,0.3996885120868683,0.4826425015926361,0.09616570919752121,0.9971969723701477,0.40138521790504456,0.4827880263328552,-0.09615778177976608,0.9973346590995789,0.4080120921134949,0.6260461807250977,0.09410936385393143,0.3569480776786804,0.43618717789649963,0.6211123466491699,-0.10169506818056107,0.9638548493385315,0.39388802647590637,0.7733640074729919,0.15765325725078583,0.6351779103279114,0.40218213200569153,0.7668462991714478,-0.04237927496433258,0.9654561281204224,0.38220155239105225,0.7964581847190857,0.15847566723823547,0.6892325282096863,0.390882670879364,0.7899114489555359,-0.03873113542795181,0.9046496748924255,0.42822694778442383,0.8068117499351501,0.1153435930609703,0.781714677810669,0.4336033761501312,0.8113919496536255,-0.08017489314079285,0.9637314677238464,PD_Early,004_PD_01_MD.MOV
0.45976722240448,0.23877054452896118,-0.05164990574121475,0.991668164730072,0.45952898263931274,0.21645618975162506,-0.04303158447146416,0.9804176092147827,0.4590602517127991,0.21523037552833557,-0.04305844008922577,0.9789118766784668,0.4583611786365509,0.21438457071781158,-0.04305190593004227,0.9823558926582336,0.4592559039592743,0.21550552546977997,-0.07218226790428162,0.9853368997573853,0.45875710248947144,0.2133437693119049,-0.07219520211219788,0.9871981143951416,0.4581579267978668,0.2118668407201767,-0.07225797325372696,0.9879999160766602,0.44907012581825256,0.21331894397735596,0.0010186972795054317,0.9418116807937622,0.45003265142440796,0.21094746887683868,-0.13011100888252258,0.9864830374717712,0.4534352421760559,0.251780241727829,-0.031219247728586197,0.9801496267318726,0.45327284932136536,0.24794800579547882,-0.06927086412906647,0.9900786876678467,0.4150179922580719,0.2833530902862549,0.08415461331605911,0.9976499080657959,0.41898730397224426,0.2832631468772888,-0.1918381303548813,0.9999306797981262,0.4119533598423004,0.3930533826351166,0.10825622081756592,0.022589776664972305,0.41507893800735474,0.4034356474876404,-0.22575528919696808,0.9709510803222656,0.4258151948451996,0.4961733818054199,0.07180910557508469,0.06086078658699989,0.42267829179763794,0.5131089091300964,-0.22038833796977997,0.9552283883094788,0.42467883229255676,0.5188312530517578,0.07824001461267471,0.07753437757492065,0.4233778417110443,0.5378532409667969,-0.24709966778755188,0.9389675259590149,0.4265572726726532,0.5191879868507385,0.054670728743076324,0.07969534397125244,0.4257400929927826,0.5384768843650818,-0.23902088403701782,0.9356337189674377,0.4259328544139862,0.5105043053627014,0.06041485816240311,0.07982367277145386,0.42531803250312805,0.5300333499908447,-0.21663416922092438,0.8913469910621643,0.398384153842926,0.48684585094451904,0.09170147031545639,0.9965571165084839,0.40617865324020386,0.4857725501060486,-0.09170544892549515,0.996856689453125,0.4072210192680359,0.6261285543441772,0.10613080114126205,0.3560374677181244,0.4410358965396881,0.6216854453086853,-0.07901809364557266,0.965787947177887,0.3979315161705017,0.775908887386322,0.1621609628200531,0.6275117993354797,0.4194137752056122,0.7710872292518616,-0.029323143884539604,0.9666419625282288,0.38978078961372375,0.8002822399139404,0.1631850153207779,0.6852309107780457,0.4065643548965454,0.7956427335739136,-0.0264816265553236,0.9083179831504822,0.4304206073284149,0.8137921690940857,0.1341511458158493,0.7709140181541443,0.4507102072238922,0.8113267421722412,-0.06943075358867645,0.9628557562828064,PD_Early,004_PD_01_MD.MOV
0.46238574385643005,0.2387804090976715,-0.06652113050222397,0.9917383193969727,0.46285051107406616,0.2170596867799759,-0.057143792510032654,0.981069028377533,0.4625060260295868,0.2158113420009613,-0.057167403399944305,0.9795379638671875,0.461700975894928,0.21485094726085663,-0.05715149641036987,0.9828822612762451,0.46234750747680664,0.21620269119739532,-0.08699051290750504,0.9857943058013916,0.4617753028869629,0.2142874151468277,-0.08701430261135101,0.9874846339225769,0.46087706089019775,0.21288999915122986,-0.08708727359771729,0.9883907437324524,0.45288631319999695,0.21305161714553833,-0.007696047425270081,0.9444931745529175,0.4527389109134674,0.21108418703079224,-0.14181356132030487,0.9868345260620117,0.45709946751594543,0.25069767236709595,-0.04400216042995453,0.9805842638015747,0.4568009078502655,0.2476244866847992,-0.08307536691427231,0.9903504848480225,0.41919565200805664,0.28269004821777344,0.08082081377506256,0.9975429177284241,0.4194504916667938,0.2836393117904663,-0.19964510202407837,0.9999251365661621,0.4158197045326233,0.3922719657421112,0.10355579853057861,0.023148931562900543,0.4141441583633423,0.40459463000297546,-0.23434285819530487,0.969499409198761,0.42716696858406067,0.4959537088871002,0.06261314451694489,0.060407157987356186,0.42342549562454224,0.5125335454940796,-0.22943595051765442,0.9518160223960876,0.4257555902004242,0.5156092047691345,0.06757643073797226,0.07725782692432404,0.42443424463272095,0.5377085208892822,-0.2569316029548645,0.9354527592658997,0.4274430274963379,0.5169095396995544,0.045637618750333786,0.07920261472463608,0.4271368980407715,0.5383315682411194,-0.2496073842048645,0.9318225979804993,0.4305747151374817,0.5103997588157654,0.05191279202699661,0.07932382076978683,0.4266163408756256,0.5298293828964233,-0.2257937639951706,0.8865113854408264,0.3989183008670807,0.48854681849479675,0.08952994644641876,0.9959538578987122,0.4086955189704895,0.4873911440372467,-0.0895318016409874,0.9966068863868713,0.40602907538414,0.625488817691803,0.12255772948265076,0.35844430327415466,0.44245225191116333,0.6220462322235107,-0.07780706882476807,0.967528223991394,0.3995327055454254,0.7761003375053406,0.1938161551952362,0.6242990493774414,0.4295925498008728,0.7734405398368835,-0.027593348175287247,0.9680127501487732,0.39269915223121643,0.8007605075836182,0.19677864015102386,0.6838564872741699,0.41754165291786194,0.7988263368606567,-0.02513566054403782,0.9120109677314758,0.42759189009666443,0.804742693901062,0.16302107274532318,0.7640300989151001,0.46055474877357483,0.826339602470398,-0.07390282303094864,0.9625633358955383,PD_Early,004_PD_01_MD.MOV
0.46638768911361694,0.24050679802894592,-0.08819007873535156,0.9920988082885742,0.4669230580329895,0.21977576613426208,-0.07832321524620056,0.9821759462356567,0.46652594208717346,0.21805500984191895,-0.07833623141050339,0.9806873798370361,0.4659007787704468,0.2168821394443512,-0.07831594347953796,0.9838018417358398,0.4665619730949402,0.21908217668533325,-0.10609617829322815,0.9866409301757812,0.46599143743515015,0.21741165220737457,-0.10613038390874863,0.9881952404975891,0.4650150239467621,0.21608109772205353,-0.10618174076080322,0.989130437374115,0.4563647508621216,0.21336057782173157,-0.024830009788274765,0.9477669596672058,0.45637091994285583,0.21278715133666992,-0.14509576559066772,0.9876956343650818,0.4607410430908203,0.25069460272789,-0.06420917809009552,0.9816762208938599,0.460491806268692,0.24809686839580536,-0.10054231435060501,0.9909985661506653,0.4225039482116699,0.282662570476532,0.0645160973072052,0.997433602809906,0.4230421781539917,0.28518444299697876,-0.20621219277381897,0.9999274015426636,0.4168562889099121,0.3910380005836487,0.0913526713848114,0.022638073191046715,0.41619500517845154,0.4060719907283783,-0.23985150456428528,0.9688408374786377,0.42870432138442993,0.49219247698783875,0.05462241917848587,0.058015961199998856,0.4264092743396759,0.512236475944519,-0.2340274453163147,0.9493314623832703,0.42868945002555847,0.5126380324363708,0.05904991552233696,0.07478944957256317,0.42735278606414795,0.5383954644203186,-0.26090705394744873,0.9330997467041016,0.43107613921165466,0.5140411257743835,0.03737058863043785,0.07651161402463913,0.4305087625980377,0.5385311245918274,-0.25493761897087097,0.9293389320373535,0.43400365114212036,0.5080139636993408,0.04386748746037483,0.07672525942325592,0.42997872829437256,0.5305171012878418,-0.2307923287153244,0.8840433955192566,0.4025178849697113,0.489044189453125,0.08658821135759354,0.9958418011665344,0.4106033146381378,0.488400936126709,-0.08658193051815033,0.996756911277771,0.4060846269130707,0.6251784563064575,0.13134056329727173,0.3659028112888336,0.44117599725723267,0.6223076581954956,-0.07105947285890579,0.9696862697601318,0.4017246961593628,0.7773776650428772,0.2089851051568985,0.6338952779769897,0.4435526430606842,0.7805269360542297,-0.03071856126189232,0.9700474739074707,0.3936646580696106,0.8021963238716125,0.21245774626731873,0.6899662017822266,0.43724334239959717,0.8065661787986755,-0.029305387288331985,0.9172687530517578,0.42969265580177307,0.8035517930984497,0.17434494197368622,0.7675608992576599,0.48434120416641235,0.8184791803359985,-0.08213718980550766,0.9639413952827454,PD_Early,004_PD_01_MD.MOV
0.47171303629875183,0.24000512063503265,-0.09166042506694794,0.9921720027923584,0.47247204184532166,0.21873152256011963,-0.08136016875505447,0.9826111197471619,0.4719661474227905,0.21701274812221527,-0.08137697726488113,0.9810708165168762,0.47127723693847656,0.21580399572849274,-0.08135095983743668,0.9840710759162903,0.47231143712997437,0.2183038890361786,-0.1102398931980133,0.9870216250419617,0.4718187749385834,0.21669459342956543,-0.11027338355779648,0.9884910583496094,0.4711807072162628,0.21542224287986755,-0.11034039407968521,0.9895187020301819,0.46114856004714966,0.21081757545471191,-0.02568800002336502,0.9488394260406494,0.4619692265987396,0.21110311150550842,-0.14902371168136597,0.9881067872047424,0.46588948369026184,0.24903081357479095,-0.06678219139575958,0.9823416471481323,0.4658249020576477,0.24753935635089874,-0.10457038879394531,0.9914300441741943,0.42691734433174133,0.28215491771698,0.06590724736452103,0.9972423315048218,0.4283445477485657,0.2851838767528534,-0.20882098376750946,0.9999287724494934,0.4219987690448761,0.39035412669181824,0.0941154733300209,0.02264488860964775,0.41830065846443176,0.4058554470539093,-0.24355603754520416,0.9688239097595215,0.4356798529624939,0.4856070578098297,0.05620524659752846,0.05752401798963547,0.43089035153388977,0.5121923685073853,-0.24176068603992462,0.9491824507713318,0.436431348323822,0.5126853585243225,0.06034134700894356,0.07441296428442001,0.4319106340408325,0.5386194586753845,-0.2708837687969208,0.9332534074783325,0.4376344084739685,0.5140773057937622,0.037962354719638824,0.07595888525247574,0.43482956290245056,0.5399021506309509,-0.2635866105556488,0.9293037056922913,0.43776851892471313,0.5058697462081909,0.04498926177620888,0.07632001489400864,0.4340648353099823,0.5312134623527527,-0.23797540366649628,0.884406566619873,0.4074176549911499,0.48901864886283875,0.08736403286457062,0.9957591891288757,0.41317084431648254,0.48862987756729126,-0.0873643234372139,0.9968807101249695,0.40719813108444214,0.6240283250808716,0.1399639993906021,0.36835575103759766,0.44103771448135376,0.6223949790000916,-0.06478474289178848,0.9715694189071655,0.4002605974674225,0.7791838049888611,0.2209278792142868,0.6410873532295227,0.4516964852809906,0.7864894270896912,-0.019700633361935616,0.9720274209976196,0.3919216990470886,0.8054994940757751,0.2248900681734085,0.6957593560218811,0.4462708532810211,0.8134108185768127,-0.01932123489677906,0.9225425720214844,0.4305374026298523,0.8013481497764587,0.18548022210597992,0.7711971998214722,0.49447405338287354,0.8129867911338806,-0.08065950125455856,0.9655309915542603,PD_Early,004_PD_01_MD.MOV
0.473836749792099,0.24068211019039154,-0.0985901802778244,0.9923269748687744,0.4746795892715454,0.21897098422050476,-0.08874146640300751,0.9831385016441345,0.47419753670692444,0.21727009117603302,-0.08876121044158936,0.9815533757209778,0.4735732078552246,0.21603907644748688,-0.08873362094163895,0.9844373464584351,0.47450879216194153,0.21861280500888824,-0.11799298226833344,0.9874588251113892,0.47402483224868774,0.21701471507549286,-0.11802378296852112,0.9888370037078857,0.47313669323921204,0.21572041511535645,-0.11809394508600235,0.989911675453186,0.46366292238235474,0.2109149545431137,-0.0325092114508152,0.9502337574958801,0.46412643790245056,0.2112988531589508,-0.1618950366973877,0.9885160326957703,0.46815741062164307,0.2490374743938446,-0.0732920840382576,0.9830502271652222,0.46806007623672485,0.24773328006267548,-0.11160333454608917,0.9918507933616638,0.4303794503211975,0.2821314036846161,0.06174767389893532,0.9971753358840942,0.4307170510292053,0.2855401635169983,-0.2133357971906662,0.9999295473098755,0.42572495341300964,0.389456182718277,0.092696413397789,0.023116640746593475,0.42099687457084656,0.4057386815547943,-0.2513980269432068,0.968586802482605,0.43906718492507935,0.48604193329811096,0.05599013715982437,0.058433596044778824,0.43228721618652344,0.5133667588233948,-0.25198066234588623,0.9490158557891846,0.43795642256736755,0.5127700567245483,0.06023654714226723,0.07563628256320953,0.43273302912712097,0.5408589839935303,-0.282064288854599,0.9333517551422119,0.4399542808532715,0.5141038298606873,0.037188827991485596,0.07701888680458069,0.43595874309539795,0.5435742735862732,-0.2758278548717499,0.9292615056037903,0.43976613879203796,0.5049843192100525,0.04463440924882889,0.07742616534233093,0.43546512722969055,0.5337451696395874,-0.2487776279449463,0.8847681879997253,0.4107349216938019,0.4899986684322357,0.0873791053891182,0.9957569241523743,0.4161604344844818,0.4900020360946655,-0.08738385885953903,0.9970132112503052,0.40890857577323914,0.6237793564796448,0.14591290056705475,0.3705725073814392,0.4428127110004425,0.6236942410469055,-0.06174842640757561,0.9729310274124146,0.3993099331855774,0.780218780040741,0.23278100788593292,0.6475131511688232,0.4528139531612396,0.7897102236747742,-0.013515714555978775,0.9735944867134094,0.39142218232154846,0.8066353797912598,0.23751085996627808,0.7013371586799622,0.44675111770629883,0.8161116242408752,-0.01283043622970581,0.926828920841217,0.43017351627349854,0.8011380434036255,0.1992916613817215,0.7743763327598572,0.4952837824821472,0.812700092792511,-0.07489462941884995,0.9665853977203369,PD_Early,004_PD_01_MD.MOV
0.4765245020389557,0.2406293749809265,-0.09844847023487091,0.9927359819412231,0.47699272632598877,0.21892234683036804,-0.08839220553636551,0.9840595722198486,0.4763810932636261,0.217232808470726,-0.08840926736593246,0.982515811920166,0.47531312704086304,0.21600963175296783,-0.08837686479091644,0.9852310419082642,0.47699838876724243,0.21854077279567719,-0.11771747469902039,0.9881656765937805,0.47630900144577026,0.21695561707019806,-0.11774914711713791,0.9894405007362366,0.4756592810153961,0.21565189957618713,-0.11782290786504745,0.9905149340629578,0.4655884802341461,0.21089111268520355,-0.03262874856591225,0.9526455998420715,0.46657195687294006,0.21110256016254425,-0.16373784840106964,0.9891318678855896,0.47054705023765564,0.24907337129116058,-0.07360386848449707,0.9840929508209229,0.47058770060539246,0.2479194700717926,-0.11203248053789139,0.992408275604248,0.4340006411075592,0.2823338508605957,0.06000005081295967,0.9970988631248474,0.4335881173610687,0.28557270765304565,-0.2138175219297409,0.9999315142631531,0.4277123808860779,0.3906647562980652,0.08795034140348434,0.023462247103452682,0.422883003950119,0.40560832619667053,-0.2544154226779938,0.9689081311225891,0.4383542835712433,0.48754259943962097,0.04552266746759415,0.05887533351778984,0.4330296516418457,0.5149573087692261,-0.25434720516204834,0.949176549911499,0.4384787976741791,0.5202109217643738,0.04765738174319267,0.0761968344449997,0.43420666456222534,0.5421269536018372,-0.2840012311935425,0.9336267709732056,0.44038352370262146,0.5225843787193298,0.02473282255232334,0.07750552892684937,0.4376738667488098,0.5456761717796326,-0.27822497487068176,0.9294350743293762,0.439452201128006,0.5114246010780334,0.03397893160581589,0.07795290648937225,0.4370216131210327,0.5357452630996704,-0.25125986337661743,0.8854567408561707,0.41485923528671265,0.4911108613014221,0.08721593767404556,0.9958212971687317,0.41917020082473755,0.4909924566745758,-0.08722007274627686,0.9971963167190552,0.4101155996322632,0.6237642765045166,0.15081407129764557,0.3785569965839386,0.446463942527771,0.6240930557250977,-0.06696148216724396,0.9747619032859802,0.39873990416526794,0.7805964946746826,0.24491149187088013,0.6620320081710815,0.4549696743488312,0.7930580377578735,-0.020718717947602272,0.9755061268806458,0.39067748188972473,0.8064786195755005,0.25021636486053467,0.7122467160224915,0.4482761025428772,0.8182977437973022,-0.01836768537759781,0.9316446185112,0.42954471707344055,0.800426185131073,0.2110937535762787,0.7836364507675171,0.4979587495326996,0.8130362629890442,-0.08112708479166031,0.9684610366821289,PD_Early,004_PD_01_MD.MOV
0.4800781309604645,0.2408309429883957,-0.09727872908115387,0.9928068518638611,0.481161892414093,0.21925091743469238,-0.08692815154790878,0.9843650460243225,0.4806280732154846,0.21751870214939117,-0.08694516867399216,0.9827630519866943,0.47985953092575073,0.21619930863380432,-0.08691275119781494,0.9854175448417664,0.4809931218624115,0.21899253129959106,-0.11648711562156677,0.988394558429718,0.480461448431015,0.2174161970615387,-0.11651531606912613,0.9895696043968201,0.4798542261123657,0.21610046923160553,-0.11658982187509537,0.9907503724098206,0.4696170389652252,0.21093060076236725,-0.031319838017225266,0.9535019397735596,0.4702683985233307,0.21149322390556335,-0.1637427806854248,0.9893327355384827,0.4741955101490021,0.24907946586608887,-0.07243383675813675,0.9844462871551514,0.4740765690803528,0.24813145399093628,-0.11112885177135468,0.9926757216453552,0.43756112456321716,0.2826243042945862,0.06132626533508301,0.9969801902770996,0.43779924511909485,0.28780612349510193,-0.21428324282169342,0.9999315738677979,0.42983970046043396,0.3915058374404907,0.08758605271577835,0.022776924073696136,0.4287315905094147,0.4062396287918091,-0.254546195268631,0.967549204826355,0.4386608898639679,0.4934796988964081,0.04396515712141991,0.05660887807607651,0.4379323124885559,0.5171203017234802,-0.25359082221984863,0.9462100863456726,0.4395582973957062,0.5257434248924255,0.04508483409881592,0.0736481100320816,0.4387001097202301,0.5443667769432068,-0.28341254591941833,0.9302890300750732,0.4414384663105011,0.5284784436225891,0.02294261008501053,0.07483647763729095,0.4419209361076355,0.5476232171058655,-0.2778064012527466,0.925827145576477,0.44082894921302795,0.5199773907661438,0.03245911747217178,0.07538557797670364,0.44133689999580383,0.5373636484146118,-0.25058797001838684,0.8810880184173584,0.41994187235832214,0.493690550327301,0.0874866247177124,0.9957950115203857,0.4259878098964691,0.49410057067871094,-0.08749034255743027,0.9973093867301941,0.4142078757286072,0.6239593029022217,0.1612924039363861,0.38677141070365906,0.4540495276451111,0.6252418756484985,-0.05977320671081543,0.9760439991950989,0.39863404631614685,0.7811315655708313,0.26291143894195557,0.6724690794944763,0.4574490189552307,0.7947162985801697,0.0020908464211970568,0.9767957329750061,0.39023008942604065,0.806471049785614,0.269074946641922,0.7198926210403442,0.45048582553863525,0.8188520073890686,0.00495455926284194,0.9347048401832581,0.429371178150177,0.8006706237792969,0.23304885625839233,0.7891944050788879,0.498975932598114,0.8155261874198914,-0.05163762345910072,0.9693424701690674,PD_Early,004_PD_01_MD.MOV
0.4829409718513489,0.24080349504947662,-0.10055740177631378,0.9931989312171936,0.4840582013130188,0.21986865997314453,-0.08995787054300308,0.9852603077888489,0.48357799649238586,0.21810734272003174,-0.08996842056512833,0.9836673140525818,0.4829176664352417,0.21669551730155945,-0.08993349224328995,0.9861939549446106,0.48371896147727966,0.21970036625862122,-0.11965399235486984,0.9890671372413635,0.48316481709480286,0.21812942624092102,-0.11967626959085464,0.9901412129402161,0.4822924733161926,0.2167748510837555,-0.11974626034498215,0.9913198947906494,0.4726289212703705,0.21123597025871277,-0.0335790291428566,0.9561571478843689,0.4728763699531555,0.21201778948307037,-0.16761353611946106,0.9899357557296753,0.47714748978614807,0.24879492819309235,-0.07555533200502396,0.9853956699371338,0.4768163859844208,0.24807843565940857,-0.11445730179548264,0.9931595921516418,0.44176003336906433,0.2826216518878937,0.05911105126142502,0.9970018267631531,0.4388286769390106,0.2884526252746582,-0.21868284046649933,0.9999331831932068,0.4342097342014313,0.39287444949150085,0.08628904074430466,0.02308371663093567,0.4311564564704895,0.40680214762687683,-0.2591676712036133,0.9678043723106384,0.44362932443618774,0.4950161278247833,0.04275140538811684,0.056558411568403244,0.44070175290107727,0.5201523303985596,-0.2551279067993164,0.9460152983665466,0.4440256655216217,0.5293470025062561,0.043671704828739166,0.0735180601477623,0.4425782859325409,0.5477452874183655,-0.2846836745738983,0.9296567440032959,0.44574639201164246,0.532135546207428,0.021400582045316696,0.07466257363557816,0.44603627920150757,0.5507786870002747,-0.27932846546173096,0.9251272082328796,0.4447464346885681,0.5234384536743164,0.03125079721212387,0.07525960355997086,0.44517025351524353,0.5412728190422058,-0.25223052501678467,0.8806148767471313,0.42410022020339966,0.4943590462207794,0.08764264732599258,0.9959005117416382,0.4280991554260254,0.49457409977912903,-0.0876559391617775,0.997445821762085,0.4176624119281769,0.6240115761756897,0.15670093894004822,0.3984927833080292,0.45948395133018494,0.6254954934120178,-0.059950269758701324,0.9769452810287476,0.39838558435440063,0.7812480926513672,0.2514416575431824,0.6824514269828796,0.45855608582496643,0.7936249375343323,0.006765324156731367,0.9777661561965942,0.390019029378891,0.8063903450965881,0.2569800913333893,0.7281334400177002,0.45074132084846497,0.8180580735206604,0.010061082430183887,0.937084436416626,0.4293416738510132,0.8012750744819641,0.22116218507289886,0.7940489053726196,0.49916377663612366,0.8164247870445251,-0.043478965759277344,0.9698867201805115,PD_Early,004_PD_01_MD.MOV
0.4873500466346741,0.2404799908399582,-0.10628847032785416,0.9934741258621216,0.4885481894016266,0.219783216714859,-0.0958099365234375,0.9858154654502869,0.4880892336368561,0.21797846257686615,-0.09582387655973434,0.984204113483429,0.48746463656425476,0.21649564802646637,-0.09579161554574966,0.9866585731506348,0.488151490688324,0.21965381503105164,-0.1256198137998581,0.9894717335700989,0.4875918924808502,0.21806403994560242,-0.12563760578632355,0.9904699921607971,0.486905038356781,0.21667827665805817,-0.12570665776729584,0.9916884303092957,0.47702720761299133,0.2108418196439743,-0.04009093716740608,0.9580569863319397,0.4769655764102936,0.21155506372451782,-0.17489276826381683,0.9902632832527161,0.4816148579120636,0.24791698157787323,-0.08159543573856354,0.9860670566558838,0.48104387521743774,0.24749144911766052,-0.12058814615011215,0.9935171604156494,0.4459160268306732,0.2826491594314575,0.05299266427755356,0.9969669580459595,0.4420664608478546,0.28879138827323914,-0.22593078017234802,0.999933123588562,0.43831443786621094,0.3943136930465698,0.08103147894144058,0.023052632808685303,0.43426886200904846,0.40748360753059387,-0.2653791010379791,0.9672929048538208,0.4465212821960449,0.5003073811531067,0.039475150406360626,0.05523732304573059,0.44349294900894165,0.5219775438308716,-0.25729185342788696,0.943861722946167,0.44756829738616943,0.5343114733695984,0.0400313176214695,0.07188446074724197,0.4453316032886505,0.5506940484046936,-0.28654202818870544,0.9263918995857239,0.4492626190185547,0.5366891622543335,0.018478846177458763,0.07298527657985687,0.4494399428367615,0.5525366067886353,-0.2815471589565277,0.92164146900177,0.44872382283210754,0.5263879895210266,0.028183339163661003,0.07368269562721252,0.4486338496208191,0.5428962111473083,-0.25457867980003357,0.876340389251709,0.4281391501426697,0.49562665820121765,0.08760503679513931,0.9960178732872009,0.4319688379764557,0.4953819513320923,-0.08762727677822113,0.9975795745849609,0.4237079322338104,0.6246755719184875,0.1601445972919464,0.4126872718334198,0.4650116264820099,0.6260687708854675,-0.05725862830877304,0.9779173135757446,0.39820119738578796,0.7810359001159668,0.26035284996032715,0.6954681277275085,0.4603380858898163,0.792976438999176,0.016077600419521332,0.9788473844528198,0.3891051411628723,0.8060214519500732,0.26644936203956604,0.7374595403671265,0.45068657398223877,0.8176677823066711,0.019892534241080284,0.9392509460449219,0.429421991109848,0.8038724660873413,0.2317930907011032,0.8015904426574707,0.4987194240093231,0.8197794556617737,-0.03269188478589058,0.9707784652709961,PD_Early,004_PD_01_MD.MOV
0.49063149094581604,0.23817235231399536,-0.10616859048604965,0.9935707449913025,0.4915979504585266,0.21778751909732819,-0.0959901511669159,0.9859753847122192,0.49107518792152405,0.21601611375808716,-0.09600390493869781,0.9842879176139832,0.4903853237628937,0.21448887884616852,-0.09597351402044296,0.9867595434188843,0.4913521111011505,0.21791334450244904,-0.12561453878879547,0.9896000027656555,0.490818053483963,0.21648335456848145,-0.12563414871692657,0.9905484914779663,0.4898190200328827,0.2151431292295456,-0.12570886313915253,0.9918510317802429,0.47609713673591614,0.21225479245185852,-0.041205033659935,0.9588683843612671,0.4799562692642212,0.21027447283267975,-0.17523503303527832,0.9903015494346619,0.4843864440917969,0.2480623871088028,-0.08177495747804642,0.9864292740821838,0.48445379734039307,0.24586480855941772,-0.12051449716091156,0.9937173128128052,0.4489084780216217,0.2825779318809509,0.05114661902189255,0.9968911409378052,0.4465847313404083,0.2893412709236145,-0.22599615156650543,0.9999314546585083,0.4429366886615753,0.39449161291122437,0.07986129075288773,0.023160044103860855,0.4394163191318512,0.40805354714393616,-0.2640605568885803,0.9663063287734985,0.4517795145511627,0.5000303983688354,0.039982859045267105,0.05433008074760437,0.4502718150615692,0.5218389630317688,-0.2567548155784607,0.9409989714622498,0.4525424540042877,0.5328611731529236,0.040725745260715485,0.07072224467992783,0.45177534222602844,0.549955427646637,-0.28612107038497925,0.9224664568901062,0.45422062277793884,0.535139799118042,0.0194846298545599,0.07178664952516556,0.4553917944431305,0.5520287156105042,-0.28102239966392517,0.9173856377601624,0.45371758937835693,0.5258510708808899,0.0288680512458086,0.07256150245666504,0.4545615613460541,0.5422846078872681,-0.25387030839920044,0.8709708452224731,0.4340299963951111,0.49541032314300537,0.08684943616390228,0.9960913062095642,0.43813422322273254,0.4951077997684479,-0.08688255399465561,0.9976796507835388,0.42990541458129883,0.6263948678970337,0.15575498342514038,0.4194200336933136,0.4680121839046478,0.6279364824295044,-0.05220819637179375,0.9777774810791016,0.3982178270816803,0.7808955311775208,0.25122082233428955,0.702823281288147,0.46106550097465515,0.7922699451446533,0.02464628592133522,0.979181706905365,0.3888736367225647,0.8059593439102173,0.2568802535533905,0.7432184219360352,0.4505458176136017,0.8169689774513245,0.028748242184519768,0.9398556351661682,0.4303452670574188,0.8074578046798706,0.22137635946273804,0.8056936860084534,0.4971224367618561,0.8203250169754028,-0.024347620084881783,0.9706668257713318,PD_Early,004_PD_01_MD.MOV
0.4917116165161133,0.23732370138168335,-0.10560459643602371,0.9937657713890076,0.49263906478881836,0.2173396199941635,-0.09593900293111801,0.9862701892852783,0.49214380979537964,0.21564209461212158,-0.09595092386007309,0.9845529794692993,0.4912436604499817,0.2141418755054474,-0.09591419249773026,0.98700350522995,0.4923554062843323,0.2172672152519226,-0.12536409497261047,0.9898595809936523,0.49163559079170227,0.21576309204101562,-0.1253930777311325,0.9907966256141663,0.49086081981658936,0.21436437964439392,-0.12547490000724792,0.9921275973320007,0.47791773080825806,0.2142120748758316,-0.0427299365401268,0.9596678018569946,0.4814528524875641,0.2098073661327362,-0.17580707371234894,0.9905146360397339,0.48557889461517334,0.2486257702112198,-0.08180982619524002,0.9869359135627747,0.48542624711990356,0.24503040313720703,-0.1203160285949707,0.9939818978309631,0.45314040780067444,0.282626211643219,0.04895484820008278,0.9968099594116211,0.44774147868156433,0.2885270416736603,-0.2273174673318863,0.9999327063560486,0.44748491048812866,0.3957856297492981,0.07634694874286652,0.022783707827329636,0.4411010444164276,0.40792956948280334,-0.2633403241634369,0.966668963432312,0.45689329504966736,0.49968481063842773,0.03627021983265877,0.05230119079351425,0.4526126980781555,0.5214744210243225,-0.25624412298202515,0.940169632434845,0.457715779542923,0.5326501727104187,0.03715686500072479,0.06826336681842804,0.4539351761341095,0.5496112108230591,-0.2837219834327698,0.9208498001098633,0.45856374502182007,0.5344702005386353,0.016361327841877937,0.06930483877658844,0.45759958028793335,0.5514146685600281,-0.2799178659915924,0.9157131910324097,0.458008736371994,0.5254642963409424,0.025142570957541466,0.07011371105909348,0.45708003640174866,0.5420372486114502,-0.25327059626579285,0.8690381646156311,0.4406873285770416,0.4933856427669525,0.08640620112419128,0.9960152506828308,0.43974730372428894,0.4917897582054138,-0.08643409609794617,0.9977440237998962,0.43406742811203003,0.6272519826889038,0.13743509352207184,0.4038323760032654,0.4680711328983307,0.627850353717804,-0.06064828112721443,0.9754361510276794,0.398147851228714,0.7808813452720642,0.2152872383594513,0.6936547160148621,0.4588010907173157,0.7919018268585205,-0.011054379865527153,0.9779179096221924,0.38801267743110657,0.8058478236198425,0.2187972366809845,0.737704336643219,0.44981303811073303,0.8163253664970398,-0.009929357096552849,0.9388452768325806,0.4302423596382141,0.809680700302124,0.17787055671215057,0.800967276096344,0.4961238205432892,0.8205212950706482,-0.06899749487638474,0.9690406918525696,PD_Early,004_PD_01_MD.MOV
0.4947241246700287,0.23708109557628632,-0.10893844068050385,0.9939651489257812,0.494961678981781,0.21265435218811035,-0.09926918894052505,0.9865313768386841,0.49418193101882935,0.2110462188720703,-0.09927990287542343,0.984777569770813,0.49339085817337036,0.2096542865037918,-0.09924262017011642,0.9872090220451355,0.49469608068466187,0.21259471774101257,-0.12878577411174774,0.990119993686676,0.49387380480766296,0.21117259562015533,-0.12881594896316528,0.9910455346107483,0.4931327700614929,0.20988509058952332,-0.12889768183231354,0.9923917055130005,0.47940921783447266,0.21418976783752441,-0.0454016849398613,0.9602767825126648,0.48245877027511597,0.20576179027557373,-0.17899440228939056,0.9907033443450928,0.4875764548778534,0.24822740256786346,-0.08497221767902374,0.987429141998291,0.4870527684688568,0.24504247307777405,-0.12359164655208588,0.9942344427108765,0.4553340971469879,0.2824954688549042,0.047499366104602814,0.9967537522315979,0.4502178728580475,0.28824442625045776,-0.23061135411262512,0.9999343156814575,0.45154625177383423,0.39583590626716614,0.07640376687049866,0.02260936237871647,0.44505932927131653,0.407906711101532,-0.2652204632759094,0.967018187046051,0.46139729022979736,0.4992794990539551,0.035480793565511703,0.05099784955382347,0.4568334221839905,0.517098069190979,-0.2569105625152588,0.9401364326477051,0.46363937854766846,0.5321566462516785,0.03629780188202858,0.0667552649974823,0.4584847688674927,0.5424595475196838,-0.2839944064617157,0.9204409122467041,0.46399393677711487,0.5339813828468323,0.01529377605766058,0.0678049698472023,0.46183502674102783,0.5437865853309631,-0.2801440358161926,0.9153298735618591,0.4632776379585266,0.524467945098877,0.024195842444896698,0.06865011155605316,0.4614264667034149,0.5356383323669434,-0.254170686006546,0.8687110543251038,0.44462645053863525,0.49145859479904175,0.08628512173891068,0.9960122108459473,0.4448135793209076,0.48973575234413147,-0.0863158255815506,0.9978302717208862,0.43899866938591003,0.6281730532646179,0.1376848965883255,0.3968142867088318,0.47048959136009216,0.6288599371910095,-0.06197904422879219,0.9738325476646423,0.39944544434547424,0.7775799036026001,0.21636131405830383,0.6936286687850952,0.4576936662197113,0.791854977607727,-0.005649119149893522,0.9775524735450745,0.3879454433917999,0.7988661527633667,0.2191467136144638,0.7399218082427979,0.4494989812374115,0.8159353137016296,-0.003759935265406966,0.9392346143722534,0.4287509620189667,0.8100032806396484,0.18136171996593475,0.8026596903800964,0.4954455494880676,0.8207718729972839,-0.06384916603565216,0.9685873985290527,PD_Early,004_PD_01_MD.MOV
0.4981878995895386,0.23026823997497559,-0.11014331877231598,0.9939771890640259,0.4981014132499695,0.20759856700897217,-0.10076595097780228,0.9862968921661377,0.4970462918281555,0.2061462104320526,-0.10077586770057678,0.9844228625297546,0.49619609117507935,0.20498424768447876,-0.10073743015527725,0.9869564771652222,0.497853547334671,0.20737969875335693,-0.12993094325065613,0.9900310635566711,0.4968244731426239,0.20597973465919495,-0.12995953857898712,0.9909781813621521,0.49602797627449036,0.2047862857580185,-0.1300465613603592,0.9923936128616333,0.4850732684135437,0.20572231709957123,-0.047213923186063766,0.959304928779602,0.48563337326049805,0.20143096148967743,-0.17925062775611877,0.9904474020004272,0.4899951219558716,0.24696391820907593,-0.08627550303936005,0.9875597953796387,0.4893316328525543,0.24438656866550446,-0.12443770468235016,0.9943081736564636,0.45837196707725525,0.28251227736473083,0.04544680193066597,0.9966577291488647,0.45302966237068176,0.28657639026641846,-0.23066428303718567,0.9999348521232605,0.4551078677177429,0.39583149552345276,0.07576797902584076,0.022510666400194168,0.4491773843765259,0.40596064925193787,-0.26462531089782715,0.9665276408195496,0.4674896001815796,0.49680402874946594,0.03605913743376732,0.05059780552983284,0.461213082075119,0.5122538208961487,-0.256712943315506,0.9396840929985046,0.47005683183670044,0.527971088886261,0.03688061237335205,0.06638698279857635,0.4628792703151703,0.5367153286933899,-0.28369203209877014,0.9197208881378174,0.47046220302581787,0.5283884406089783,0.016045568510890007,0.06746779382228851,0.466412216424942,0.5363856554031372,-0.2800523340702057,0.9145163297653198,0.469796359539032,0.5183345079421997,0.024920083582401276,0.06830860674381256,0.4661344289779663,0.5282967686653137,-0.25417497754096985,0.8677036762237549,0.45074334740638733,0.48963627219200134,0.08586733043193817,0.9959648251533508,0.4493536651134491,0.48813340067863464,-0.08590476214885712,0.997887909412384,0.44665998220443726,0.6291214823722839,0.13832950592041016,0.38367214798927307,0.4721735417842865,0.6295363306999207,-0.059727977961301804,0.9699219465255737,0.40501269698143005,0.7720432281494141,0.2200353592634201,0.6853334903717041,0.4590720236301422,0.7918821573257446,-0.0007540169754065573,0.9756212830543518,0.38963398337364197,0.7900906205177307,0.22374339401721954,0.7368956804275513,0.4502454400062561,0.8159523606300354,0.0013386994833126664,0.9375998377799988,0.43120214343070984,0.8098714351654053,0.18546845018863678,0.799571692943573,0.4966006875038147,0.8204143643379211,-0.05836774781346321,0.9665703177452087,PD_Early,004_PD_01_MD.MOV
0.49816185235977173,0.23097234964370728,-0.10828903317451477,0.9939461946487427,0.4987792670726776,0.20719799399375916,-0.09882775694131851,0.9859999418258667,0.49803993105888367,0.20577777922153473,-0.098837710916996,0.984032154083252,0.49717238545417786,0.20459409058094025,-0.09879902750253677,0.9866719841957092,0.4985966086387634,0.20685558021068573,-0.1280887871980667,0.9899446368217468,0.4978893995285034,0.20542700588703156,-0.12811775505542755,0.9909448027610779,0.4971032440662384,0.20417414605617523,-0.12820273637771606,0.9923973083496094,0.48404809832572937,0.20669026672840118,-0.045852575451135635,0.9578246474266052,0.48598113656044006,0.20163074135780334,-0.1778009533882141,0.9901567101478577,0.49066972732543945,0.24576209485530853,-0.08439814299345016,0.98759526014328,0.4915452301502228,0.24111925065517426,-0.12269498407840729,0.9943379759788513,0.458975225687027,0.2822313606739044,0.04623514786362648,0.9964241981506348,0.45659753680229187,0.2847929298877716,-0.22962409257888794,0.99993497133255,0.456545352935791,0.3955361843109131,0.07636646926403046,0.02222750522196293,0.4522782564163208,0.40417924523353577,-0.26041093468666077,0.9662758111953735,0.470368355512619,0.49411478638648987,0.03729062154889107,0.049934640526771545,0.4636450707912445,0.5088863372802734,-0.2528568208217621,0.9399257302284241,0.47339534759521484,0.5223747491836548,0.03844215348362923,0.06574458628892899,0.46513015031814575,0.5337958335876465,-0.27787986397743225,0.9198544025421143,0.47411537170410156,0.5228549242019653,0.017452720552682877,0.06686282902956009,0.4687090516090393,0.5329775214195251,-0.2756863534450531,0.9146473407745361,0.4730853736400604,0.5137160420417786,0.026159441098570824,0.06766986101865768,0.4683721959590912,0.5248174071311951,-0.2508026361465454,0.8680445551872253,0.4555680453777313,0.48730921745300293,0.08534590899944305,0.9957255125045776,0.45265036821365356,0.48671475052833557,-0.08537653833627701,0.9978983402252197,0.4512203633785248,0.6294516324996948,0.12990827858448029,0.37457212805747986,0.4732128381729126,0.6313225626945496,-0.06420783698558807,0.9662783145904541,0.40818774700164795,0.7699741125106812,0.20598725974559784,0.6800512075424194,0.4601678252220154,0.7925786972045898,-0.023233775049448013,0.9744720458984375,0.3921859860420227,0.7861549854278564,0.2096657156944275,0.7345483899116516,0.45116645097732544,0.8181443214416504,-0.023467591032385826,0.9369506239891052,0.4331424832344055,0.809720516204834,0.17100347578525543,0.7975120544433594,0.49859291315078735,0.8203043341636658,-0.08847323060035706,0.9652658700942993,PD_Early,004_PD_01_MD.MOV
0.501667857170105,0.23020172119140625,-0.1072751060128212,0.9929797053337097,0.5025487542152405,0.2036665827035904,-0.09780336171388626,0.9837083220481873,0.50190669298172,0.20238685607910156,-0.09781383723020554,0.9815243482589722,0.5011013150215149,0.20128560066223145,-0.09777513891458511,0.9846236109733582,0.5023301839828491,0.2034481018781662,-0.12712462246418,0.9884511232376099,0.5016841888427734,0.20221029222011566,-0.1271548718214035,0.9896857142448425,0.5003806948661804,0.2010657638311386,-0.12724146246910095,0.9913726449012756,0.48965519666671753,0.20151002705097198,-0.0449816919863224,0.9514568448066711,0.4903222620487213,0.19893141090869904,-0.17724387347698212,0.9883409738540649,0.49446529150009155,0.24291324615478516,-0.08343946188688278,0.9858552813529968,0.4941404461860657,0.2399149239063263,-0.12178884446620941,0.9934892058372498,0.4624410569667816,0.28118953108787537,0.04717181995511055,0.9958650469779968,0.45956358313560486,0.2834431827068329,-0.22958700358867645,0.9999291300773621,0.4590965509414673,0.3928125202655792,0.07587099075317383,0.021518535912036896,0.4553680419921875,0.40171390771865845,-0.2603040635585785,0.965254545211792,0.47286978363990784,0.48946285247802734,0.03571838140487671,0.04856351390480995,0.4677906036376953,0.5058915019035339,-0.25271618366241455,0.938936710357666,0.47462305426597595,0.5145382285118103,0.03708597272634506,0.06437800079584122,0.4690532386302948,0.5305473804473877,-0.2778307795524597,0.9187008142471313,0.4760923385620117,0.5151735544204712,0.016360221430659294,0.06548064202070236,0.471957802772522,0.5286547541618347,-0.27528664469718933,0.9134060740470886,0.4747455418109894,0.508818507194519,0.02467130869626999,0.06624853610992432,0.4716387391090393,0.5212396383285522,-0.2506125271320343,0.866247296333313,0.46039408445358276,0.48540908098220825,0.08544373512268066,0.9952789545059204,0.45567718148231506,0.48608025908470154,-0.08547460287809372,0.9977755546569824,0.45628345012664795,0.6302803754806519,0.13110287487506866,0.36942166090011597,0.4739215075969696,0.631329357624054,-0.06380364298820496,0.9627034664154053,0.4134734570980072,0.7683113217353821,0.2111840546131134,0.672737181186676,0.4602321982383728,0.7923641204833984,-0.02250959724187851,0.9720829725265503,0.39895251393318176,0.7816733121871948,0.21523970365524292,0.7307787537574768,0.45117247104644775,0.8179677724838257,-0.020317085087299347,0.9346662163734436,0.4383845627307892,0.8047663569450378,0.17641547322273254,0.7942290306091309,0.4983024597167969,0.8201656341552734,-0.0795312151312828,0.9629697203636169,PD_Early,004_PD_01_MD.MOV
0.5078105330467224,0.22203278541564941,-0.10752078145742416,0.9902145862579346,0.5081707835197449,0.20059442520141602,-0.09782381355762482,0.9785399436950684,0.5076292157173157,0.1993291825056076,-0.09783490002155304,0.975879967212677,0.5069125294685364,0.19821104407310486,-0.0977964922785759,0.979986846446991,0.5078262090682983,0.20057354867458344,-0.1272875815629959,0.9845229387283325,0.5071748495101929,0.19945983588695526,-0.12731753289699554,0.9861122369766235,0.5063408613204956,0.19842232763767242,-0.1274126172065735,0.9884338974952698,0.4925311207771301,0.20279817283153534,-0.04453304782509804,0.9399163722991943,0.49550190567970276,0.19673384726047516,-0.17744013667106628,0.9839808344841003,0.4989936053752899,0.23971772193908691,-0.0835845023393631,0.980728805065155,0.49820476770401,0.23744620382785797,-0.12207569181919098,0.9906781315803528,0.4644624590873718,0.2790273427963257,0.04807638004422188,0.9949652552604675,0.46394431591033936,0.281499981880188,-0.23144574463367462,0.9999148845672607,0.4593338966369629,0.3891603946685791,0.07551278918981552,0.020426390692591667,0.4599950611591339,0.39955374598503113,-0.26260825991630554,0.9623955488204956,0.4737043082714081,0.48633360862731934,0.03528522700071335,0.046220339834690094,0.4723891317844391,0.5033312439918518,-0.25530359148979187,0.9356672763824463,0.47460711002349854,0.5110684633255005,0.037013713270425797,0.06169477105140686,0.4741310775279999,0.5274539589881897,-0.28206729888916016,0.9150659441947937,0.47723767161369324,0.5116935968399048,0.01625865511596203,0.06269679218530655,0.47655636072158813,0.5249011516571045,-0.27726876735687256,0.9094738364219666,0.47647225856781006,0.5037793517112732,0.024249497801065445,0.0634576827287674,0.47601228952407837,0.5180069804191589,-0.25252750515937805,0.860397458076477,0.4628477692604065,0.48291268944740295,0.08623217046260834,0.9948802590370178,0.459846556186676,0.4852878153324127,-0.08628467470407486,0.9975202679634094,0.46192774176597595,0.6300326585769653,0.14289657771587372,0.35977259278297424,0.47745126485824585,0.6321675181388855,-0.04326074942946434,0.9566473364830017,0.4226981997489929,0.7662028074264526,0.23838043212890625,0.6541736125946045,0.45959699153900146,0.7922266721725464,0.037942830473184586,0.9664959907531738,0.410225510597229,0.7783792614936829,0.2441251128911972,0.7186912894248962,0.4511404037475586,0.8174892663955688,0.04257535561919212,0.9285398125648499,0.45062100887298584,0.7950025200843811,0.2064908891916275,0.7828104496002197,0.4971235692501068,0.8201228380203247,-0.017739761620759964,0.9575710296630859,PD_Early,004_PD_01_MD.MOV
0.5084595084190369,0.22375474870204926,-0.10816871374845505,0.9890697002410889,0.5084110498428345,0.20092220604419708,-0.09846965968608856,0.9766712784767151,0.5077755451202393,0.19968803226947784,-0.09847912937402725,0.9739261269569397,0.5069663524627686,0.1986527293920517,-0.09843972325325012,0.9783633351325989,0.5081024765968323,0.20075446367263794,-0.12815521657466888,0.9831781983375549,0.5073999762535095,0.19954907894134521,-0.12818516790866852,0.9849755167961121,0.5061824321746826,0.19852674007415771,-0.12828116118907928,0.9874086976051331,0.4951285719871521,0.20339594781398773,-0.04519492760300636,0.9355226159095764,0.4959455728530884,0.19837863743305206,-0.17919833958148956,0.982401967048645,0.5001262426376343,0.24025858938694,-0.08422372490167618,0.9782434105873108,0.5007583498954773,0.23724257946014404,-0.12299446016550064,0.9892457127571106,0.4668813943862915,0.278592050075531,0.04816647991538048,0.994558572769165,0.4657238721847534,0.28167012333869934,-0.23326055705547333,0.9999067783355713,0.4621974527835846,0.3869438171386719,0.07588028907775879,0.019620908424258232,0.46279942989349365,0.3980529308319092,-0.2634480595588684,0.9609188437461853,0.4761466979980469,0.4826768636703491,0.03607197850942612,0.04458770155906677,0.47433245182037354,0.5018439292907715,-0.257080614566803,0.9342929720878601,0.47682395577430725,0.5085972547531128,0.03735851123929024,0.0599512942135334,0.4770165681838989,0.5254898071289062,-0.28408899903297424,0.9137730598449707,0.47976234555244446,0.508974015712738,0.016489844769239426,0.06085989624261856,0.4789578318595886,0.522760272026062,-0.27842843532562256,0.9080325961112976,0.47803133726119995,0.5008155703544617,0.02496742270886898,0.06156984716653824,0.4781205952167511,0.5157755613327026,-0.25395095348358154,0.857686460018158,0.46440380811691284,0.48121383786201477,0.08702734857797623,0.9947662949562073,0.46144935488700867,0.48423829674720764,-0.0871112272143364,0.9974443912506104,0.4651152193546295,0.6281350255012512,0.14360423386096954,0.3526857793331146,0.4785403907299042,0.6322630047798157,-0.046612076461315155,0.9520039558410645,0.42821285128593445,0.7647928595542908,0.23530538380146027,0.6410205960273743,0.4590227007865906,0.7921213507652283,0.02764461189508438,0.9623300433158875,0.41645461320877075,0.7769652605056763,0.24063721299171448,0.7101061940193176,0.4507492780685425,0.8153555989265442,0.0312766470015049,0.9237242937088013,0.4551067352294922,0.79242342710495,0.20363229513168335,0.7758252620697021,0.4961884617805481,0.820190966129303,-0.028349610045552254,0.9539512395858765,PD_Early,004_PD_01_MD.MOV
0.5120220184326172,0.22372104227542877,-0.10780227184295654,0.9873045086860657,0.5124120712280273,0.20191040635108948,-0.09816864877939224,0.9736117124557495,0.5118043422698975,0.20056761801242828,-0.09817498177289963,0.970637321472168,0.5110358595848083,0.19937512278556824,-0.09813057631254196,0.9758769869804382,0.5120840668678284,0.20173533260822296,-0.12846779823303223,0.9811002016067505,0.5113800168037415,0.20044946670532227,-0.1285061538219452,0.983113706111908,0.5105245113372803,0.1992928832769394,-0.12861233949661255,0.9858419895172119,0.4960550367832184,0.20379404723644257,-0.04484091326594353,0.9281207323074341,0.4995177686214447,0.19867347180843353,-0.1835012137889862,0.9799401760101318,0.502105176448822,0.23927287757396698,-0.08384658396244049,0.9747673869132996,0.5041469931602478,0.23575665056705475,-0.1233895868062973,0.9873635768890381,0.4677457809448242,0.27617454528808594,0.05015672370791435,0.9941015839576721,0.46865445375442505,0.2792990505695343,-0.24136820435523987,0.9998988509178162,0.46370649337768555,0.3852735161781311,0.07766507565975189,0.018743479624390602,0.4646657407283783,0.39515823125839233,-0.2714253067970276,0.9600843787193298,0.4779808223247528,0.4802541732788086,0.03650735318660736,0.04265196621417999,0.4779232144355774,0.4991571605205536,-0.26078298687934875,0.933380126953125,0.47938409447669983,0.5049819946289062,0.037501223385334015,0.057704485952854156,0.4812197685241699,0.5229799747467041,-0.28823238611221313,0.912431001663208,0.48281130194664,0.505824089050293,0.017010444775223732,0.058604251593351364,0.4838523864746094,0.5202803611755371,-0.2818269431591034,0.9066303968429565,0.48069509863853455,0.4980356991291046,0.025456126779317856,0.05931272357702255,0.4827131927013397,0.5133553147315979,-0.25722354650497437,0.8550791144371033,0.46594783663749695,0.4799693822860718,0.09297119081020355,0.9945151209831238,0.46581780910491943,0.4825919270515442,-0.09305615723133087,0.9972521662712097,0.4725290536880493,0.6263315677642822,0.14331406354904175,0.3410738706588745,0.481290727853775,0.631868839263916,-0.049580495804548264,0.9487936496734619,0.43890878558158875,0.765380322933197,0.23447002470493317,0.6273881793022156,0.458591490983963,0.7927801609039307,0.017707616090774536,0.9608317613601685,0.4269101321697235,0.7792971134185791,0.24022844433784485,0.7016671299934387,0.44987207651138306,0.8157894015312195,0.02073485217988491,0.9227295517921448,0.46845343708992004,0.7918784022331238,0.19811347126960754,0.7697166204452515,0.4954518675804138,0.820472776889801,-0.03924359381198883,0.9529439210891724,PD_Early,004_PD_01_MD.MOV
0.5143148303031921,0.22431659698486328,-0.1051856055855751,0.9846758842468262,0.5148804783821106,0.2026733011007309,-0.09578505903482437,0.969351589679718,0.5142713785171509,0.20130878686904907,-0.09578655660152435,0.9661182761192322,0.5134604573249817,0.2000899463891983,-0.0957316905260086,0.9724988341331482,0.514457106590271,0.20250393450260162,-0.127438023686409,0.9780368804931641,0.5136882066726685,0.20118996500968933,-0.12748637795448303,0.9803804755210876,0.5127991437911987,0.20000028610229492,-0.12761101126670837,0.9834522604942322,0.49819451570510864,0.20494717359542847,-0.042518552392721176,0.9182397127151489,0.5016812086105347,0.199015811085701,-0.1827518790960312,0.9765510559082031,0.5047994256019592,0.23948395252227783,-0.08116141706705093,0.969807505607605,0.5049856305122375,0.23611795902252197,-0.12243375927209854,0.9844879508018494,0.47057443857192993,0.2760496437549591,0.05713433399796486,0.9936410784721375,0.47140565514564514,0.27927500009536743,-0.24197269976139069,0.9998868703842163,0.46564820408821106,0.38398611545562744,0.08740849792957306,0.01776839606463909,0.4678597152233124,0.3935173451900482,-0.2721676826477051,0.9584331512451172,0.47890469431877136,0.4782595634460449,0.04608992487192154,0.04044400528073311,0.4818228483200073,0.4973542392253876,-0.2617763578891754,0.9318640828132629,0.48126423358917236,0.5024926066398621,0.048813510686159134,0.05506402626633644,0.48455682396888733,0.5209850072860718,-0.2895808517932892,0.9105278849601746,0.48379549384117126,0.5027015209197998,0.026317493990063667,0.05595831200480461,0.4871397614479065,0.5180647969245911,-0.2830471396446228,0.9046463370323181,0.48299440741539,0.495000422000885,0.034162793308496475,0.05669815465807915,0.48624107241630554,0.5112732648849487,-0.25815123319625854,0.8514146208763123,0.4688783884048462,0.4799599051475525,0.09648122638463974,0.9941809773445129,0.4681639075279236,0.4819665551185608,-0.0965617224574089,0.9969359636306763,0.4773496091365814,0.6246968507766724,0.13488490879535675,0.3263384997844696,0.4831628203392029,0.630575954914093,-0.05972999334335327,0.943932294845581,0.4473375976085663,0.7659643888473511,0.21471653878688812,0.6103780269622803,0.4577314257621765,0.7923388481140137,0.016005847603082657,0.9589978456497192,0.43668824434280396,0.7815135717391968,0.21790657937526703,0.6900191903114319,0.4477069675922394,0.8157511353492737,0.01839843951165676,0.9211568832397461,0.4790196120738983,0.7926458120346069,0.17355205118656158,0.7606778740882874,0.4941806495189667,0.8199349641799927,-0.04264219477772713,0.9518004059791565,PD_Early,004_PD_01_MD.MOV
0.5164182186126709,0.2247961163520813,-0.10425345599651337,0.9831802845001221,0.5173810124397278,0.20312535762786865,-0.09523549675941467,0.9667463898658752,0.5168368816375732,0.20171615481376648,-0.09523271024227142,0.9632838368415833,0.5160837173461914,0.200535386800766,-0.09517455846071243,0.9703693985939026,0.5168406963348389,0.2029869705438614,-0.1273598074913025,0.9761939644813538,0.5160501599311829,0.2016795575618744,-0.12741515040397644,0.9787836074829102,0.5151326656341553,0.2004682421684265,-0.12755186855793,0.9820393323898315,0.5003979802131653,0.20526668429374695,-0.04243180528283119,0.9124986529350281,0.5035315155982971,0.1992671936750412,-0.18341460824012756,0.9748892188072205,0.5066506862640381,0.23933376371860504,-0.0804000049829483,0.9674160480499268,0.5063846707344055,0.23641321063041687,-0.12230629473924637,0.9830225110054016,0.47249799966812134,0.2753976881504059,0.05817173793911934,0.9934048056602478,0.4730522036552429,0.27822592854499817,-0.24457411468029022,0.9998817443847656,0.4680493175983429,0.38262084126472473,0.0917346328496933,0.01702984981238842,0.46974441409111023,0.3920884430408478,-0.2754143476486206,0.9582650661468506,0.4816979169845581,0.47801169753074646,0.05212590470910072,0.038785215467214584,0.4837232232093811,0.4976471960544586,-0.26548895239830017,0.9324281215667725,0.4842103123664856,0.5020031929016113,0.05576689541339874,0.05305394530296326,0.48678719997406006,0.520993709564209,-0.2933589518070221,0.9109067916870117,0.4862944483757019,0.5022255182266235,0.03240551799535751,0.05397957190871239,0.4891769587993622,0.5176723003387451,-0.28700777888298035,0.9051347970962524,0.48566219210624695,0.4960139989852905,0.03997228667140007,0.054805342108011246,0.4882504343986511,0.5108029246330261,-0.2618352770805359,0.8513948321342468,0.4719465374946594,0.4792499244213104,0.09777509421110153,0.9940506815910339,0.4697217643260956,0.47994086146354675,-0.09784968197345734,0.9967294335365295,0.479923814535141,0.6247121095657349,0.1263217180967331,0.31315356492996216,0.4843406081199646,0.6295711398124695,-0.06928464770317078,0.9395827054977417,0.4537457227706909,0.7705053687095642,0.2016306072473526,0.5938848257064819,0.4573681950569153,0.7922515869140625,0.004678484983742237,0.9568021297454834,0.4434405267238617,0.7897819876670837,0.2040403038263321,0.6788212656974792,0.44760861992836,0.8147303462028503,0.007584534119814634,0.9188563227653503,0.4865390658378601,0.7975675463676453,0.1575206220149994,0.7510456442832947,0.49290788173675537,0.8208243250846863,-0.05580960586667061,0.9503971338272095,PD_Early,004_PD_01_MD.MOV
0.5179260969161987,0.2270132154226303,-0.10398338735103607,0.9816309809684753,0.5187603831291199,0.20627038180828094,-0.09486628323793411,0.9645680785179138,0.5181293487548828,0.20487798750400543,-0.09486477077007294,0.9608047604560852,0.5172473192214966,0.20378440618515015,-0.0948079377412796,0.9682485461235046,0.5183023810386658,0.20583972334861755,-0.12700794637203217,0.9743940234184265,0.5175028443336487,0.2044246345758438,-0.1270652413368225,0.9771243929862976,0.5165568590164185,0.20318357646465302,-0.1272096186876297,0.9805318117141724,0.5026897192001343,0.2091129571199417,-0.041255488991737366,0.9070910215377808,0.5056335926055908,0.20156057178974152,-0.1831085979938507,0.9733448028564453,0.5091644525527954,0.2407197207212448,-0.07988528162240982,0.9654968976974487,0.5085065364837646,0.23863330483436584,-0.12175695598125458,0.9818311929702759,0.47530314326286316,0.27759766578674316,0.05851723253726959,0.9931267499923706,0.4758540987968445,0.27865245938301086,-0.24203798174858093,0.9998754262924194,0.4717620611190796,0.3828144073486328,0.09161407500505447,0.0164871234446764,0.4728615880012512,0.3920629024505615,-0.27380481362342834,0.9578356146812439,0.4867386221885681,0.47813308238983154,0.050668153911828995,0.03744262829422951,0.48637086153030396,0.4976258873939514,-0.2663935720920563,0.9328140020370483,0.4875945746898651,0.5032865405082703,0.05367090180516243,0.05130166560411453,0.4888859987258911,0.5213549733161926,-0.2950015366077423,0.9109504222869873,0.4907435476779938,0.5039293766021729,0.030615413561463356,0.05227043479681015,0.4917092025279999,0.5182257890701294,-0.28932783007621765,0.9052068591117859,0.49021294713020325,0.49725422263145447,0.0385717898607254,0.0531926304101944,0.4909270405769348,0.5109744668006897,-0.2631540894508362,0.8507111668586731,0.47559988498687744,0.481548011302948,0.09660406410694122,0.9939606785774231,0.4726678431034088,0.48049458861351013,-0.09667642414569855,0.9965554475784302,0.48346206545829773,0.626732349395752,0.12883669137954712,0.300986111164093,0.4853731393814087,0.6296067833900452,-0.06326078623533249,0.9326497316360474,0.46425899863243103,0.7737465500831604,0.2085593044757843,0.5748084187507629,0.46158477663993835,0.7922216653823853,0.018353579565882683,0.9521332383155823,0.45368528366088867,0.79719078540802,0.2118317037820816,0.6646538972854614,0.45118966698646545,0.8146963119506836,0.021790465340018272,0.913112223148346,0.4947463870048523,0.8009506464004517,0.16602036356925964,0.7388198375701904,0.4949694573879242,0.8203606009483337,-0.04605608806014061,0.9469016194343567,PD_Early,004_PD_01_MD.MOV
0.5181778073310852,0.22729595005512238,-0.09331037104129791,0.9807011485099792,0.5181736350059509,0.20669427514076233,-0.08373972028493881,0.9629685282707214,0.5175184011459351,0.20541517436504364,-0.08375560492277145,0.9591969847679138,0.5166070461273193,0.20449595153331757,-0.08370992541313171,0.9667102694511414,0.5177943706512451,0.20614571869373322,-0.1151403859257698,0.9729767441749573,0.5170466303825378,0.204768106341362,-0.11518706381320953,0.9759091138839722,0.5161397457122803,0.20361419022083282,-0.11531565338373184,0.9792851209640503,0.5035251975059509,0.21025878190994263,-0.029383894056081772,0.9035088419914246,0.5060889720916748,0.20247410237789154,-0.1704300045967102,0.9723859429359436,0.5115994215011597,0.24110431969165802,-0.06905828416347504,0.9637264609336853,0.5109053254127502,0.23944136500358582,-0.11008967459201813,0.9808700084686279,0.47874099016189575,0.2794491648674011,0.06658528000116348,0.9931703209877014,0.4777699410915375,0.278915673494339,-0.23116593062877655,0.9998682737350464,0.4752289652824402,0.386060506105423,0.09780828654766083,0.016080457717180252,0.47471851110458374,0.3909224271774292,-0.26585593819618225,0.9575626254081726,0.48878607153892517,0.4790072441101074,0.05752753093838692,0.03699108213186264,0.4868718981742859,0.49373096227645874,-0.26328209042549133,0.9329585433006287,0.4895251393318176,0.5038686394691467,0.05979076772928238,0.050703518092632294,0.4885055720806122,0.5183873772621155,-0.29259124398231506,0.9108776450157166,0.49277564883232117,0.5040101408958435,0.03654630109667778,0.05175778269767761,0.4917351305484772,0.5161943435668945,-0.28793230652809143,0.9052075743675232,0.49151918292045593,0.4980010390281677,0.04534437879920006,0.052669644355773926,0.4912045896053314,0.508281409740448,-0.26063597202301025,0.8502824306488037,0.4793119728565216,0.48327767848968506,0.09589498490095139,0.9937915802001953,0.4756178557872772,0.4810390770435333,-0.09596465528011322,0.9962781667709351,0.4854143261909485,0.627164363861084,0.11476495862007141,0.2957620620727539,0.48717817664146423,0.6279280781745911,-0.08766110986471176,0.9314987063407898,0.4723264276981354,0.7746427655220032,0.1840335726737976,0.5655747056007385,0.4640294909477234,0.7921678423881531,-0.01501632109284401,0.9505788683891296,0.46095818281173706,0.7980118989944458,0.18553873896598816,0.657552182674408,0.4534337818622589,0.8146257996559143,-0.012125038541853428,0.9094253778457642,0.5057287812232971,0.8043957948684692,0.13675454258918762,0.7342789173126221,0.49836093187332153,0.8204296827316284,-0.07845549285411835,0.94605952501297,PD_Early,004_PD_01_MD.MOV
0.5197247266769409,0.22883471846580505,-0.09642639756202698,0.9811813235282898,0.5188890695571899,0.20726947486400604,-0.08679348975419998,0.9638487696647644,0.5181370973587036,0.20601843297481537,-0.08681729435920715,0.9602265357971191,0.5171487927436829,0.2051587998867035,-0.08677227795124054,0.9673599600791931,0.5186154842376709,0.20655284821987152,-0.1190267950296402,0.9735467433929443,0.5178789496421814,0.205119788646698,-0.11907875537872314,0.9764878749847412,0.5166056156158447,0.2039353847503662,-0.11920949816703796,0.9796715378761292,0.5046626329421997,0.21086564660072327,-0.030477620661258698,0.9053333401679993,0.5073254108428955,0.20295009016990662,-0.1759871542453766,0.9732431173324585,0.5128293037414551,0.24124057590961456,-0.07141346484422684,0.9647512435913086,0.5121738910675049,0.2396896928548813,-0.11387874186038971,0.9814878702163696,0.4790077805519104,0.28060707449913025,0.06470109522342682,0.9933348894119263,0.48080649971961975,0.27925822138786316,-0.23684164881706238,0.9998716115951538,0.47769051790237427,0.3916131556034088,0.0949016883969307,0.016001252457499504,0.47777172923088074,0.3913297951221466,-0.27086493372917175,0.9590651392936707,0.490396648645401,0.4822503626346588,0.054903943091630936,0.03736724704504013,0.48917996883392334,0.49447670578956604,-0.26894238591194153,0.9354209303855896,0.4914778470993042,0.5072205662727356,0.05719057843089104,0.05090799555182457,0.4903336465358734,0.5193726420402527,-0.29840245842933655,0.9134877920150757,0.4941781163215637,0.5063297748565674,0.0341460295021534,0.052051249891519547,0.49318110942840576,0.5171128511428833,-0.29424116015434265,0.9080232381820679,0.4937073588371277,0.49922463297843933,0.042819444090127945,0.05295233055949211,0.49298688769340515,0.5093697905540466,-0.26656895875930786,0.8538777828216553,0.48113805055618286,0.4840810000896454,0.09559475630521774,0.9938766956329346,0.4769115149974823,0.48113811016082764,-0.09566087275743484,0.9963194727897644,0.4906092584133148,0.6272763013839722,0.12045761197805405,0.29432302713394165,0.4861704111099243,0.627245306968689,-0.10328652709722519,0.9325542449951172,0.481399267911911,0.7745888233184814,0.19678407907485962,0.5601522922515869,0.4644319415092468,0.7919910550117493,-0.03870982676744461,0.9504671096801758,0.4710928797721863,0.797353208065033,0.19954606890678406,0.6519864201545715,0.45342063903808594,0.8145564198493958,-0.03696632385253906,0.9069817066192627,0.5176727175712585,0.8045275807380676,0.15382017195224762,0.7336138486862183,0.4995189309120178,0.8203166723251343,-0.10909534990787506,0.9467291235923767,PD_Early,004_PD_01_MD.MOV
0.5218695402145386,0.23147888481616974,-0.10342464596033096,0.9824143648147583,0.5205902457237244,0.2106989175081253,-0.09456445276737213,0.9661663770675659,0.5197871923446655,0.2093808650970459,-0.09459055215120316,0.9627518653869629,0.5187553763389587,0.20840908586978912,-0.09455697238445282,0.9693202972412109,0.5203421711921692,0.2099795788526535,-0.12602026760578156,0.9751282930374146,0.519565999507904,0.20852865278720856,-0.1260642260313034,0.977882981300354,0.5181760191917419,0.20731592178344727,-0.1261710375547409,0.9807900786399841,0.5081954002380371,0.21085742115974426,-0.037747252732515335,0.9107668399810791,0.5087215304374695,0.2058081477880478,-0.1804826259613037,0.9749909043312073,0.5155079364776611,0.242417111992836,-0.0778452605009079,0.9671019315719604,0.5152716040611267,0.24109189212322235,-0.11944985389709473,0.9827337265014648,0.4837716221809387,0.2818371653556824,0.05917203798890114,0.9937251210212708,0.4818064272403717,0.27977582812309265,-0.23792648315429688,0.9998778104782104,0.48218539357185364,0.39258670806884766,0.09332945942878723,0.016489258036017418,0.4803517460823059,0.39022108912467957,-0.2711034417152405,0.9603388905525208,0.49453678727149963,0.4843888580799103,0.05293824523687363,0.03850739821791649,0.49031034111976624,0.4935840666294098,-0.26911696791648865,0.9378262758255005,0.495523065328598,0.5103535652160645,0.05349157005548477,0.05179499462246895,0.4904259145259857,0.5194947123527527,-0.29845428466796875,0.9160124063491821,0.49776551127433777,0.5090428590774536,0.030047854408621788,0.053023237735033035,0.4934554398059845,0.5178977251052856,-0.2955586016178131,0.9106894135475159,0.4971379041671753,0.5004925727844238,0.04047505557537079,0.05405053123831749,0.4937347173690796,0.509898841381073,-0.2672138810157776,0.8572171926498413,0.48614242672920227,0.4840388000011444,0.0925000011920929,0.9941768646240234,0.477801114320755,0.48111945390701294,-0.09254153817892075,0.996469259262085,0.4991673529148102,0.6250860691070557,0.11167256534099579,0.2923601269721985,0.4849174916744232,0.6271734237670898,-0.10332151502370834,0.929758608341217,0.4980650246143341,0.7744873762130737,0.18571068346500397,0.5531471371650696,0.46342647075653076,0.7915894389152527,-0.03836376965045929,0.947943925857544,0.49309128522872925,0.8009886145591736,0.1878560483455658,0.6449097394943237,0.45318934321403503,0.8146220445632935,-0.03690742328763008,0.8987950086593628,0.5355026125907898,0.8029291033744812,0.13747476041316986,0.730102002620697,0.49632030725479126,0.8203112483024597,-0.11558127403259277,0.945218026638031,PD_Early,004_PD_01_MD.MOV
0.5237687230110168,0.23389732837677002,-0.10371449589729309,0.9836200475692749,0.5225531458854675,0.21441973745822906,-0.09490964561700821,0.9684877395629883,0.5217085480690002,0.21304281055927277,-0.0949358195066452,0.9653489589691162,0.5206279158592224,0.21190524101257324,-0.0948990136384964,0.9713131785392761,0.5224984288215637,0.21385763585567474,-0.1259896457195282,0.9767385125160217,0.5218244194984436,0.21247225999832153,-0.1260330080986023,0.9793358445167542,0.5206302404403687,0.21127405762672424,-0.12613749504089355,0.9819440245628357,0.5107470750808716,0.21123148500919342,-0.03808010742068291,0.9165505170822144,0.5110644698143005,0.20907193422317505,-0.1797209531068802,0.9767664074897766,0.5181739330291748,0.24354146420955658,-0.07820714265108109,0.9694435000419617,0.518223226070404,0.2426632046699524,-0.11945531517267227,0.9839652180671692,0.4859417676925659,0.28213250637054443,0.05762002617120743,0.9940879344940186,0.4843021631240845,0.2803916037082672,-0.2354893535375595,0.9998838901519775,0.48348140716552734,0.3953213691711426,0.08986446261405945,0.017098987475037575,0.482480525970459,0.39028769731521606,-0.26862746477127075,0.9619998931884766,0.4980681538581848,0.4866383969783783,0.04817313328385353,0.03980354592204094,0.49255332350730896,0.4940498173236847,-0.2687280476093292,0.9401955604553223,0.49946439266204834,0.5124741792678833,0.048093248158693314,0.05289784446358681,0.49248331785202026,0.5199030637741089,-0.29791486263275146,0.9183931350708008,0.5015599131584167,0.5130801796913147,0.024848369881510735,0.054271943867206573,0.49551162123680115,0.5183296203613281,-0.293161541223526,0.9131531119346619,0.5011096000671387,0.5040366649627686,0.03561864420771599,0.0553644597530365,0.4959507882595062,0.5102007985115051,-0.2658649981021881,0.8604732751846313,0.4883212149143219,0.48440930247306824,0.08936752378940582,0.9945478439331055,0.4793761670589447,0.4812595546245575,-0.08939159661531448,0.9966405034065247,0.500420093536377,0.6246277093887329,0.09009531140327454,0.29955482482910156,0.4848562180995941,0.6273193955421448,-0.09455854445695877,0.9305031299591064,0.5160968899726868,0.7750049829483032,0.14676453173160553,0.562655508518219,0.46237653493881226,0.7915623188018799,-0.02637605182826519,0.948782742023468,0.5121445655822754,0.8013937473297119,0.1469469517469406,0.6506657004356384,0.45207443833351135,0.8162199854850769,-0.024756014347076416,0.8965337872505188,0.5537164807319641,0.8008530139923096,0.09288374334573746,0.7382331490516663,0.4962225556373596,0.8205000758171082,-0.10265108197927475,0.9462144374847412,PD_Early,004_PD_01_MD.MOV
0.5267274379730225,0.23567140102386475,-0.10618174076080322,0.9841057062149048,0.5256980061531067,0.2165813446044922,-0.09700313955545425,0.9696353077888489,0.5248920917510986,0.21517689526081085,-0.09703171998262405,0.9668145775794983,0.5238626003265381,0.21397411823272705,-0.09698991477489471,0.9722956418991089,0.5255976319313049,0.21601618826389313,-0.12835556268692017,0.9772677421569824,0.524914026260376,0.21460089087486267,-0.1283974051475525,0.9798035621643066,0.5237485766410828,0.21338577568531036,-0.1284981518983841,0.9820394515991211,0.5139873623847961,0.2118702232837677,-0.04061981290578842,0.9192395210266113,0.5141088366508484,0.2110975682735443,-0.18335726857185364,0.9774325489997864,0.5211235880851746,0.24483297765254974,-0.08098544180393219,0.9705495834350586,0.5212023258209229,0.24412432312965393,-0.1224798858165741,0.984422504901886,0.48685020208358765,0.28279241919517517,0.05478817597031593,0.9943596124649048,0.4877414107322693,0.2818467617034912,-0.2390633225440979,0.9998841285705566,0.4847964346408844,0.3943618834018707,0.08067309856414795,0.01757613942027092,0.4852714538574219,0.3904680907726288,-0.2715234160423279,0.9623203277587891,0.49479612708091736,0.49866631627082825,0.03527162969112396,0.04130404070019722,0.49389728903770447,0.49364709854125977,-0.2685873806476593,0.9413998126983643,0.4989749789237976,0.517023503780365,0.03473549336194992,0.05424358695745468,0.49381759762763977,0.5198302865028381,-0.2984694242477417,0.919640064239502,0.5005141496658325,0.5160514712333679,0.011371585540473461,0.05576257407665253,0.4963735342025757,0.5186174511909485,-0.2951711416244507,0.9144061207771301,0.5001667737960815,0.506316065788269,0.02260393276810646,0.05690355226397514,0.4967462718486786,0.5099982619285583,-0.2665456533432007,0.8617280125617981,0.4892542064189911,0.48553964495658875,0.0894404947757721,0.9948848485946655,0.48093682527542114,0.48269879817962646,-0.08945849537849426,0.9967896342277527,0.5006064772605896,0.624683141708374,0.1039707362651825,0.3082849383354187,0.484346866607666,0.6276671886444092,-0.09075966477394104,0.9325383305549622,0.52132248878479,0.7758990526199341,0.1734788417816162,0.5765654444694519,0.46182000637054443,0.7915841341018677,-0.0019594295881688595,0.9508747458457947,0.5181465744972229,0.8016392588615417,0.17540115118026733,0.6591638326644897,0.4512253403663635,0.8176032900810242,0.0004748732899315655,0.8965749740600586,0.5557547211647034,0.7983512878417969,0.12599427998065948,0.7485729455947876,0.496101975440979,0.8206020593643188,-0.0841972753405571,0.9480574131011963,PD_Early,004_PD_01_MD.MOV
0.530344545841217,0.2368263453245163,-0.09983504563570023,0.9846614003181458,0.5298570394515991,0.21830780804157257,-0.09020520001649857,0.9707132577896118,0.5290525555610657,0.21691976487636566,-0.09023627638816833,0.9681930541992188,0.5280120372772217,0.2157004028558731,-0.09018917381763458,0.9731570482254028,0.5298693776130676,0.21751902997493744,-0.12118714302778244,0.9778311252593994,0.5292587876319885,0.2159392535686493,-0.12122638523578644,0.9803500771522522,0.5284282565116882,0.21453458070755005,-0.12132546305656433,0.9822145104408264,0.5181262493133545,0.21254411339759827,-0.03442119061946869,0.9207701683044434,0.5187346935272217,0.21187222003936768,-0.17520472407341003,0.9780452251434326,0.5245698690414429,0.2455119639635086,-0.07507205009460449,0.9713481664657593,0.524911105632782,0.24479661881923676,-0.11602004617452621,0.9848040342330933,0.48937347531318665,0.28298625349998474,0.05968528985977173,0.9945359826087952,0.4935673177242279,0.2820571959018707,-0.23283560574054718,0.9998870491981506,0.4866551458835602,0.39274877309799194,0.08105908334255219,0.017278408631682396,0.49013158679008484,0.39062219858169556,-0.26666316390037537,0.9623242020606995,0.4974999725818634,0.49686917662620544,0.03730287030339241,0.04086469113826752,0.49642035365104675,0.49309295415878296,-0.2631348967552185,0.9417386651039124,0.49953994154930115,0.5198603272438049,0.03741244971752167,0.053525619208812714,0.49560707807540894,0.5198092460632324,-0.29295602440834045,0.9198348522186279,0.5027315020561218,0.5179809331893921,0.014316076412796974,0.055106036365032196,0.49880287051200867,0.5188876390457153,-0.289892315864563,0.9145869016647339,0.502238929271698,0.5076461434364319,0.02475650981068611,0.056275006383657455,0.4994869828224182,0.5101944804191589,-0.26144659519195557,0.8612980246543884,0.49334150552749634,0.48636215925216675,0.08961615711450577,0.9951794743537903,0.4855027496814728,0.4831826090812683,-0.08964236080646515,0.9969660043716431,0.5042542219161987,0.6241776943206787,0.10840526968240738,0.31974440813064575,0.4837832748889923,0.627667248249054,-0.0972532108426094,0.9357870817184448,0.5232266187667847,0.7779510617256165,0.1812857687473297,0.5933896899223328,0.4606722891330719,0.7912798523902893,-0.025132115930318832,0.9536193609237671,0.520149827003479,0.803303062915802,0.18379142880439758,0.6690565943717957,0.4497852921485901,0.8181529641151428,-0.023977583274245262,0.898486316204071,0.5574812293052673,0.7989609241485596,0.1322314292192459,0.7598283290863037,0.4960809051990509,0.8206422328948975,-0.10786851495504379,0.9506744742393494,PD_Early,004_PD_01_MD.MOV
0.5352475047111511,0.2372027039527893,-0.10017562657594681,0.9853187799453735,0.5356215834617615,0.2193179875612259,-0.09053345769643784,0.9719169735908508,0.5348879098892212,0.21795740723609924,-0.09056200832128525,0.969637930393219,0.5339249968528748,0.21673502027988434,-0.09051553159952164,0.974118709564209,0.5355609059333801,0.21841846406459808,-0.1215231865644455,0.9785444140434265,0.534968912601471,0.21676744520664215,-0.12156180292367935,0.9810190796852112,0.5342311263084412,0.21527384221553802,-0.12166037410497665,0.9825337529182434,0.5239046216011047,0.2132374346256256,-0.03467027470469475,0.9227072596549988,0.5244486331939697,0.21269746124744415,-0.1755373626947403,0.9786514043807983,0.529339075088501,0.2458026111125946,-0.075445756316185,0.9722806215286255,0.5295743346214294,0.24508622288703918,-0.11632374674081802,0.9852772355079651,0.494324654340744,0.28334227204322815,0.05938413366675377,0.9946846961975098,0.4977591931819916,0.28365686535835266,-0.232498437166214,0.9998884201049805,0.490803599357605,0.39229243993759155,0.08189172297716141,0.016862275078892708,0.49367955327033997,0.39067214727401733,-0.266537606716156,0.9610847234725952,0.5029913187026978,0.4960930645465851,0.037487421184778214,0.03960879519581795,0.5013220310211182,0.4891352355480194,-0.26278579235076904,0.9395474791526794,0.5034390091896057,0.521270215511322,0.03721936047077179,0.05184214934706688,0.5010155439376831,0.5166370868682861,-0.2925327718257904,0.9172244071960449,0.50727379322052,0.5185336470603943,0.014535733498632908,0.053434085100889206,0.5037409067153931,0.5167018175125122,-0.2892017066478729,0.9117806553840637,0.5071573853492737,0.5083107352256775,0.02500642091035843,0.054659996181726456,0.5041632056236267,0.5088885426521301,-0.26102444529533386,0.856151282787323,0.4987512528896332,0.4890610873699188,0.08966168016195297,0.9954527020454407,0.49034592509269714,0.4856675863265991,-0.08969917893409729,0.9971334338188171,0.5084044933319092,0.6231358647346497,0.12619489431381226,0.32940319180488586,0.4836505949497223,0.6281448602676392,-0.09297706186771393,0.9383457899093628,0.5245624780654907,0.7780113816261292,0.2201738804578781,0.6083272099494934,0.46039196848869324,0.7909017205238342,-0.022172484546899796,0.9558424949645996,0.5200578570365906,0.8032360672950745,0.2245245724916458,0.6787587404251099,0.44908469915390015,0.8181917667388916,-0.02071213349699974,0.8991295695304871,0.5569251775741577,0.8002248406410217,0.17405152320861816,0.7702246904373169,0.49595674872398376,0.8207728266716003,-0.10147758573293686,0.9528719186782837,PD_Early,004_PD_01_MD.MOV
0.5381392240524292,0.2370128482580185,-0.09400805830955505,0.9854467511177063,0.5385642647743225,0.21892715990543365,-0.08444474637508392,0.9722612500190735,0.5378072261810303,0.2175578624010086,-0.08447487652301788,0.9701520800590515,0.5368321537971497,0.21632376313209534,-0.08442868292331696,0.9743248224258423,0.5386447310447693,0.21814019978046417,-0.11541538685560226,0.9785982966423035,0.5381133556365967,0.21655915677547455,-0.11545350402593613,0.9811001420021057,0.5374544858932495,0.21513302624225616,-0.11555444449186325,0.9823987483978271,0.5268977880477905,0.21320800483226776,-0.02986080013215542,0.9228341579437256,0.5279420614242554,0.21273104846477509,-0.17035730183124542,0.9788353443145752,0.532224714756012,0.24550309777259827,-0.0697956308722496,0.9725263714790344,0.5324626564979553,0.2449396252632141,-0.11056160926818848,0.985367476940155,0.4959505796432495,0.2830406725406647,0.0624406524002552,0.9947383403778076,0.501869261264801,0.28385046124458313,-0.22724373638629913,0.99988853931427,0.4928957521915436,0.39052465558052063,0.08325349539518356,0.016446825116872787,0.49736225605010986,0.3907402455806732,-0.25871336460113525,0.9607667922973633,0.5050032734870911,0.49261751770973206,0.03843194991350174,0.03838810697197914,0.5054556131362915,0.4878397583961487,-0.2531631290912628,0.9387789368629456,0.5052840113639832,0.5194792151451111,0.038488004356622696,0.050231412053108215,0.5052912831306458,0.5157291889190674,-0.28170785307884216,0.9158218502998352,0.5092527866363525,0.5169715881347656,0.01582026295363903,0.05183238908648491,0.507631778717041,0.5159516930580139,-0.27818766236305237,0.910211443901062,0.5086049437522888,0.506658136844635,0.02603384479880333,0.0530044361948967,0.5079394578933716,0.508384644985199,-0.25129982829093933,0.8532077074050903,0.4993911683559418,0.4887625277042389,0.08926627039909363,0.9956230521202087,0.49256202578544617,0.4853045344352722,-0.089307501912117,0.9972166419029236,0.5084801316261292,0.6223373413085938,0.10647347569465637,0.32865235209465027,0.4854649603366852,0.627692461013794,-0.09773959219455719,0.9377275109291077,0.5231900215148926,0.7779219746589661,0.17803780734539032,0.6131414771080017,0.46086159348487854,0.7896108031272888,-0.02799341268837452,0.9564688801765442,0.5134044885635376,0.808368444442749,0.17968091368675232,0.6812903881072998,0.44914552569389343,0.8180127143859863,-0.026802821084856987,0.8981112241744995,0.5554991960525513,0.8007485270500183,0.12636452913284302,0.7745085954666138,0.49603745341300964,0.8203594088554382,-0.10806567966938019,0.9536320567131042,PD_Early,004_PD_01_MD.MOV
0.5393531322479248,0.23560315370559692,-0.0890878438949585,0.9857205748558044,0.539359986782074,0.2176000326871872,-0.07959152013063431,0.9728463292121887,0.5384731292724609,0.21633923053741455,-0.07962740957736969,0.9709083437919617,0.5374853610992432,0.21531930565834045,-0.0795912966132164,0.9747301936149597,0.5393646359443665,0.21695922315120697,-0.1103832870721817,0.9788590669631958,0.5386697053909302,0.2155561000108719,-0.11041759699583054,0.9813801646232605,0.5379445552825928,0.21437299251556396,-0.11051440238952637,0.9824566841125488,0.5266320109367371,0.2147337943315506,-0.02629232592880726,0.9232960343360901,0.5288882255554199,0.2125377207994461,-0.16578121483325958,0.9790920615196228,0.5337203741073608,0.24461916089057922,-0.06543746590614319,0.9730143547058105,0.5338442325592041,0.24412035942077637,-0.10593204200267792,0.9856635332107544,0.5007519125938416,0.28316277265548706,0.06472659856081009,0.9948813915252686,0.5046759247779846,0.28510329127311707,-0.22352412343025208,0.9998902678489685,0.49469518661499023,0.39654505252838135,0.08827413618564606,0.01627293787896633,0.5011590123176575,0.39135879278182983,-0.2551339268684387,0.9607877731323242,0.5103104710578918,0.4924195408821106,0.042885176837444305,0.03798459470272064,0.5110819935798645,0.48751136660575867,-0.2507655918598175,0.9391410946846008,0.5096899271011353,0.5191245079040527,0.041810110211372375,0.0496596023440361,0.5113531947135925,0.5142228007316589,-0.2790428698062897,0.9161826968193054,0.51389080286026,0.5168476700782776,0.02003658004105091,0.05126821994781494,0.5133275389671326,0.514213502407074,-0.2759150266647339,0.9105342626571655,0.5140461921691895,0.5066220760345459,0.0306094903498888,0.05237323418259621,0.5136006474494934,0.5058863759040833,-0.24897566437721252,0.852941632270813,0.5034409165382385,0.48867735266685486,0.0884915217757225,0.9957883358001709,0.4963495433330536,0.48564109206199646,-0.08853597193956375,0.9973348379135132,0.5130093693733215,0.6218051910400391,0.10485491156578064,0.332690566778183,0.4896962344646454,0.6276987791061401,-0.12457019835710526,0.9377825260162354,0.5251062512397766,0.7778319120407104,0.1781042516231537,0.618812620639801,0.4609878361225128,0.7887383103370667,-0.0721534937620163,0.9571906328201294,0.5191735625267029,0.8075606226921082,0.17998091876506805,0.6834282279014587,0.4491274654865265,0.8172582387924194,-0.07225961238145828,0.8958582878112793,0.558744490146637,0.8020085692405701,0.12745065987110138,0.7784748077392578,0.4960459768772125,0.8203974962234497,-0.15682806074619293,0.9547374248504639,PD_Early,004_PD_01_MD.MOV
0.5442540049552917,0.23554638028144836,-0.09027022868394852,0.9859796166419983,0.5442070364952087,0.21756035089492798,-0.08100574463605881,0.9732182025909424,0.5434220433235168,0.21624471247196198,-0.08103174716234207,0.971365213394165,0.5422752499580383,0.21517124772071838,-0.08099100738763809,0.9748771786689758,0.5441455245018005,0.21688245236873627,-0.11093933880329132,0.9790523648262024,0.5434867739677429,0.21549397706985474,-0.11098186671733856,0.9815975427627563,0.542550265789032,0.2143266350030899,-0.11108166724443436,0.9824755787849426,0.5308355093002319,0.21549993753433228,-0.027961740270256996,0.9225888252258301,0.5333119034767151,0.21250426769256592,-0.16820581257343292,0.9791960716247559,0.5385937094688416,0.24441465735435486,-0.0667700543999672,0.9732488989830017,0.5386709570884705,0.2440018504858017,-0.10605115443468094,0.9858697652816772,0.5059247612953186,0.2831438481807709,0.06382444500923157,0.9950328469276428,0.508092999458313,0.28555968403816223,-0.22687815129756927,0.999893069267273,0.5011163949966431,0.3935217261314392,0.08824034035205841,0.015980158001184464,0.505148708820343,0.39160075783729553,-0.2598765194416046,0.9607812762260437,0.515480637550354,0.4921911060810089,0.04210389405488968,0.037328071892261505,0.51584392786026,0.4877430200576782,-0.25658848881721497,0.9395715594291687,0.5146651864051819,0.5188727378845215,0.04065404459834099,0.04878167435526848,0.5160011649131775,0.5146821737289429,-0.2854444682598114,0.9167165756225586,0.518625020980835,0.5167394876480103,0.018711622804403305,0.050376228988170624,0.5178840160369873,0.5143699645996094,-0.282315731048584,0.9111009240150452,0.5188977122306824,0.5066196322441101,0.029724188148975372,0.051422495394945145,0.5182352662086487,0.5063058733940125,-0.254707008600235,0.8529472351074219,0.5084905028343201,0.4889924228191376,0.08857127279043198,0.9959004521369934,0.5009699463844299,0.48638197779655457,-0.08862800151109695,0.9974448680877686,0.5163710713386536,0.6228471994400024,0.11978339403867722,0.33581385016441345,0.494784951210022,0.6286662220954895,-0.12179296463727951,0.9381920695304871,0.5268049240112305,0.7782645225524902,0.20922382175922394,0.6232973337173462,0.4611547887325287,0.7885527014732361,-0.06940848380327225,0.9579104781150818,0.5203125476837158,0.8066628575325012,0.21274542808532715,0.6854116916656494,0.44916078448295593,0.8160117864608765,-0.0693085640668869,0.8941754698753357,0.5602948069572449,0.8039291501045227,0.16098761558532715,0.7818126082420349,0.49689456820487976,0.8206314444541931,-0.15258170664310455,0.9557457566261292,PD_Early,004_PD_01_MD.MOV
0.5449179410934448,0.2336873710155487,-0.09203211963176727,0.9855523109436035,0.5439584255218506,0.21567413210868835,-0.08275144547224045,0.9721302390098572,0.5431234836578369,0.21442849934101105,-0.08277799189090729,0.9702466130256653,0.5420622229576111,0.21348842978477478,-0.08273810893297195,0.9737836122512817,0.54409259557724,0.2152414619922638,-0.11314961314201355,0.9781315922737122,0.5435138940811157,0.2138492465019226,-0.11319025605916977,0.9808322191238403,0.5427706241607666,0.21278038620948792,-0.11329158395528793,0.9816275238990784,0.5314496755599976,0.21325306594371796,-0.029224876314401627,0.9183180928230286,0.5332387685775757,0.21223770081996918,-0.16939093172550201,0.9784056544303894,0.5397732257843018,0.24264737963676453,-0.0682416632771492,0.9725795984268188,0.5398884415626526,0.24209117889404297,-0.10815437883138657,0.9855913519859314,0.5082319378852844,0.28347083926200867,0.06366781145334244,0.9951291084289551,0.5096277594566345,0.2855391800403595,-0.22752952575683594,0.999894917011261,0.5057244896888733,0.3934193551540375,0.09034033864736557,0.015926137566566467,0.5077940821647644,0.3918810486793518,-0.2598079741001129,0.9615835547447205,0.517578661441803,0.49202072620391846,0.046794891357421875,0.03748060017824173,0.5182326436042786,0.4881576597690582,-0.25597602128982544,0.9412193298339844,0.5186451077461243,0.518954873085022,0.0455351397395134,0.04884326085448265,0.5184772610664368,0.5149825811386108,-0.2847368121147156,0.9186398386955261,0.5216963291168213,0.5169897079467773,0.023249436169862747,0.05045576021075249,0.5207436680793762,0.5144026875495911,-0.28181272745132446,0.9131093621253967,0.5218086242675781,0.508375346660614,0.03441639617085457,0.05141604319214821,0.5209751725196838,0.5065131187438965,-0.25415441393852234,0.855698823928833,0.5106316804885864,0.4894115924835205,0.08866745978593826,0.9959728121757507,0.5037187933921814,0.4866993725299835,-0.08872461318969727,0.997470498085022,0.5180837512016296,0.6259157657623291,0.0973714143037796,0.33368706703186035,0.5000090003013611,0.6287730932235718,-0.12709380686283112,0.9371415972709656,0.5259764194488525,0.7792987823486328,0.16579698026180267,0.6222032308578491,0.46189019083976746,0.7870274186134338,-0.06917931884527206,0.9576583504676819,0.5194712281227112,0.8062998652458191,0.16697412729263306,0.6831462979316711,0.4492768347263336,0.812326192855835,-0.06844343990087509,0.8914952278137207,0.560346245765686,0.8056146502494812,0.11298949271440506,0.7815197110176086,0.4972439408302307,0.820082426071167,-0.14933636784553528,0.9559102654457092,PD_Early,004_PD_01_MD.MOV
0.5491760969161987,0.23366327583789825,-0.094887875020504,0.9858748912811279,0.5486599802970886,0.215359166264534,-0.08627665787935257,0.9724356532096863,0.5479171872138977,0.2140805721282959,-0.0863022729754448,0.9705370664596558,0.5467449426651001,0.21309536695480347,-0.08626776188611984,0.9739941954612732,0.5484980940818787,0.214945986866951,-0.11708292365074158,0.9783722162246704,0.547650933265686,0.21353331208229065,-0.11712422221899033,0.9810811877250671,0.5468002557754517,0.21230998635292053,-0.11722168326377869,0.9817774295806885,0.5372236371040344,0.2119651883840561,-0.03293643891811371,0.9181972742080688,0.5376393795013428,0.21184320747852325,-0.17401593923568726,0.9788216352462769,0.5437638759613037,0.2426687777042389,-0.07064832001924515,0.9729167222976685,0.543656051158905,0.24209442734718323,-0.11111471056938171,0.9857838153839111,0.5133045315742493,0.2834763526916504,0.06329210102558136,0.9954078793525696,0.5129187703132629,0.28552430868148804,-0.2330562174320221,0.9999004602432251,0.5063031911849976,0.39654916524887085,0.09329792112112045,0.015944603830575943,0.5116892457008362,0.3917772173881531,-0.2640650272369385,0.9626416563987732,0.5224226117134094,0.49163535237312317,0.05812908336520195,0.03843173012137413,0.523061215877533,0.4895983636379242,-0.258975088596344,0.9433152079582214,0.5225056409835815,0.5188288688659668,0.0597950778901577,0.049925822764635086,0.522908091545105,0.5159252882003784,-0.28828665614128113,0.921249270439148,0.5256844758987427,0.5169229507446289,0.03660370409488678,0.05155843123793602,0.5250070095062256,0.5155701637268066,-0.2844443917274475,0.9159290194511414,0.524721086025238,0.5090034604072571,0.04592042416334152,0.052428632974624634,0.5255016684532166,0.5074936747550964,-0.25677093863487244,0.859775185585022,0.5150279402732849,0.48948240280151367,0.09098196029663086,0.9961345791816711,0.5073766708374023,0.48668965697288513,-0.0910751074552536,0.9975491166114807,0.5200961828231812,0.6319382190704346,0.10111163556575775,0.3265050947666168,0.5050336122512817,0.6293981075286865,-0.12587152421474457,0.9363635182380676,0.5238341093063354,0.7815691232681274,0.168325275182724,0.6155132055282593,0.46296435594558716,0.7863028645515442,-0.06130026653409004,0.9572332501411438,0.5181083083152771,0.8076402544975281,0.16938947141170502,0.6770678162574768,0.44930073618888855,0.8098610043525696,-0.05942494794726372,0.8893352150917053,0.5604270696640015,0.8063109517097473,0.12278258800506592,0.7776727080345154,0.49746665358543396,0.8207544684410095,-0.13570758700370789,0.9559428095817566,PD_Early,004_PD_01_MD.MOV
0.5529682040214539,0.23290704190731049,-0.08829914033412933,0.9856337308883667,0.5525946021080017,0.21388733386993408,-0.07952751964330673,0.9713120460510254,0.5519166588783264,0.21250636875629425,-0.07955623418092728,0.9693551659584045,0.5510314106941223,0.2114197313785553,-0.0795213058590889,0.9729172587394714,0.552276611328125,0.21364536881446838,-0.1108083426952362,0.9775835871696472,0.5515081286430359,0.2121189534664154,-0.11084926873445511,0.9805358648300171,0.5506610870361328,0.2108592391014099,-0.11094943434000015,0.9811227917671204,0.5412217974662781,0.2094758152961731,-0.0263704601675272,0.9141250252723694,0.5413247346878052,0.21003982424736023,-0.1684202402830124,0.9785563945770264,0.5474500060081482,0.24194011092185974,-0.06397675722837448,0.9718385338783264,0.5472180247306824,0.24140240252017975,-0.10504432767629623,0.9851576089859009,0.5168836116790771,0.2828221321105957,0.07403614372015,0.9956336617469788,0.5160772800445557,0.2853977680206299,-0.2313762754201889,0.9999048113822937,0.5107606649398804,0.39627066254615784,0.10588803887367249,0.01568620279431343,0.515705943107605,0.3916723132133484,-0.26205316185951233,0.9636116623878479,0.5256752967834473,0.48980069160461426,0.07283411175012589,0.03856024146080017,0.5276105999946594,0.4903116226196289,-0.2558669149875641,0.9450380206108093,0.5257771611213684,0.5124105215072632,0.07622463256120682,0.050185009837150574,0.5277264714241028,0.5163009762763977,-0.2853374183177948,0.9234737157821655,0.5291455388069153,0.5115147233009338,0.05314446613192558,0.051795560866594315,0.5295020937919617,0.515661895275116,-0.27959367632865906,0.9183441996574402,0.527480959892273,0.5064371824264526,0.06081007421016693,0.05262218415737152,0.5297884345054626,0.5076361298561096,-0.25293275713920593,0.8632715940475464,0.5194670557975769,0.4894751012325287,0.09447944909334183,0.9962542057037354,0.5121841430664062,0.4869123101234436,-0.0945824459195137,0.9975629448890686,0.5213640332221985,0.6339504718780518,0.10365476459264755,0.31985190510749817,0.5108399987220764,0.6299265027046204,-0.12366702407598495,0.9374779462814331,0.5241991281509399,0.7834644913673401,0.17439383268356323,0.6124210953712463,0.465785950422287,0.7792919874191284,-0.055076368153095245,0.9576693773269653,0.5188722014427185,0.8088321685791016,0.17615850269794464,0.6742785573005676,0.4497406780719757,0.8003840446472168,-0.053092069923877716,0.889794111251831,0.561890184879303,0.8062263131141663,0.12534791231155396,0.7758224010467529,0.4974134564399719,0.8210694789886475,-0.12609833478927612,0.9566007256507874,PD_Early,004_PD_01_MD.MOV
0.5541465282440186,0.23290567100048065,-0.09251207858324051,0.9861648082733154,0.5537787675857544,0.21388065814971924,-0.08381044864654541,0.9719594717025757,0.5531257390975952,0.212492898106575,-0.08383288234472275,0.970024585723877,0.5520755648612976,0.2113901674747467,-0.08380161970853806,0.9735104441642761,0.5533502101898193,0.2136344164609909,-0.11545944958925247,0.9781132936477661,0.5524525046348572,0.2121080905199051,-0.11550029367208481,0.9810640811920166,0.5515134930610657,0.2108532339334488,-0.11558818817138672,0.9815512895584106,0.5426947474479675,0.20937657356262207,-0.029246753081679344,0.915222704410553,0.542466938495636,0.21002861857414246,-0.17290492355823517,0.9792951345443726,0.5486953854560852,0.24194830656051636,-0.06736923009157181,0.9725225567817688,0.5483545064926147,0.24140921235084534,-0.10910429805517197,0.9854428768157959,0.5195446610450745,0.28243008255958557,0.07109963893890381,0.9958942532539368,0.5179587006568909,0.28527921438217163,-0.2359178364276886,0.999909520149231,0.513996958732605,0.39642226696014404,0.10352179408073425,0.016013862565159798,0.5169976949691772,0.3923299014568329,-0.2664955258369446,0.9654503464698792,0.5295810103416443,0.4869825541973114,0.06918701529502869,0.040266700088977814,0.5324113368988037,0.490389347076416,-0.25835153460502625,0.9475851655006409,0.5299569368362427,0.511764645576477,0.07239414006471634,0.05215975269675255,0.5331685543060303,0.5167169570922852,-0.2881312668323517,0.9266040921211243,0.5332033634185791,0.51106196641922,0.04867035150527954,0.05386912822723389,0.5346429347991943,0.5159718990325928,-0.2814904451370239,0.921747088432312,0.532474935054779,0.5041037797927856,0.056912872940301895,0.054664112627506256,0.5345379114151001,0.5077683329582214,-0.2550031244754791,0.8683945536613464,0.5207525491714478,0.4882564842700958,0.09582031518220901,0.9964205026626587,0.5131665468215942,0.48673146963119507,-0.09593789279460907,0.9975916743278503,0.522437572479248,0.6332442164421082,0.10702968388795853,0.3179360330104828,0.5137837529182434,0.629932165145874,-0.11409123986959457,0.9391850829124451,0.5253368616104126,0.7836034893989563,0.18017321825027466,0.6158180832862854,0.46772435307502747,0.7740374803543091,-0.025822466239333153,0.9583705067634583,0.5204528570175171,0.808820366859436,0.18251511454582214,0.6751603484153748,0.4502008557319641,0.7951036691665649,-0.021042047068476677,0.8902903199195862,0.562590479850769,0.8062844276428223,0.13527420163154602,0.777969479560852,0.4973638355731964,0.821151614189148,-0.08643876761198044,0.957429051399231,PD_Early,004_PD_01_MD.MOV
0.5570629835128784,0.23518440127372742,-0.10349196940660477,0.9871070981025696,0.5571251511573792,0.21665358543395996,-0.0946662425994873,0.9736326336860657,0.5564194917678833,0.21499508619308472,-0.0946851521730423,0.9717851281166077,0.5554624795913696,0.21356981992721558,-0.094652459025383,0.9750736951828003,0.5567099452018738,0.2167300283908844,-0.1267867237329483,0.9794216752052307,0.5558574199676514,0.21521863341331482,-0.12682300806045532,0.9822334051132202,0.5547095537185669,0.21389491856098175,-0.12689892947673798,0.9826374053955078,0.545881986618042,0.20978358387947083,-0.03911248967051506,0.9198041558265686,0.5452924370765686,0.21070848405361176,-0.18489225208759308,0.9806621074676514,0.5511803030967712,0.24318023025989532,-0.0778479054570198,0.9740426540374756,0.5509157180786133,0.2428419589996338,-0.12026370316743851,0.9862220287322998,0.5229297280311584,0.2819479703903198,0.0699831172823906,0.9962297081947327,0.520623505115509,0.2846963703632355,-0.24774925410747528,0.9999159574508667,0.5194088220596313,0.39276593923568726,0.10144323855638504,0.016641948372125626,0.5200509428977966,0.39292827248573303,-0.2806987166404724,0.9676217436790466,0.5323970317840576,0.4848463237285614,0.0677650049328804,0.04335665702819824,0.5356953740119934,0.49105778336524963,-0.27022895216941833,0.9504861235618591,0.5335397720336914,0.5115814208984375,0.07208909094333649,0.055741164833307266,0.5379605889320374,0.5174325704574585,-0.3006060719490051,0.9301977157592773,0.5372154116630554,0.5112050771713257,0.047265347093343735,0.05758519098162651,0.5398867726325989,0.5164610743522644,-0.292510062456131,0.9256823062896729,0.5362244248390198,0.5032217502593994,0.0551520437002182,0.05825692042708397,0.5391703248023987,0.5084353685379028,-0.26627543568611145,0.8744341135025024,0.5227739810943604,0.4848974645137787,0.09987209737300873,0.9966692924499512,0.5168913006782532,0.4844242334365845,-0.10002520680427551,0.9977166652679443,0.5269394516944885,0.6329016089439392,0.11610361188650131,0.3168712258338928,0.5210480690002441,0.6295631527900696,-0.12452086061239243,0.9428040385246277,0.5243914723396301,0.7837082743644714,0.19694308936595917,0.6240352392196655,0.47067680954933167,0.7684767842292786,-0.037424009293317795,0.9606153964996338,0.5191550254821777,0.80901038646698,0.19972020387649536,0.6770377159118652,0.45269057154655457,0.7860549688339233,-0.02924032136797905,0.8950619101524353,0.5631929636001587,0.8072412014007568,0.1518535315990448,0.7824975848197937,0.49727708101272583,0.8232992887496948,-0.09804662317037582,0.9598401188850403,PD_Early,004_PD_01_MD.MOV
0.5607290863990784,0.23612120747566223,-0.10276201367378235,0.9880381226539612,0.5610476732254028,0.21708986163139343,-0.09364403039216995,0.9753684401512146,0.5603951811790466,0.21534673869609833,-0.09366530925035477,0.9736614227294922,0.5595534443855286,0.21385133266448975,-0.09363333880901337,0.9767186641693115,0.5604947209358215,0.21726638078689575,-0.12542493641376495,0.9807441830635071,0.5595800876617432,0.21574333310127258,-0.12546101212501526,0.9834107756614685,0.5582228302955627,0.2143956869840622,-0.1255398988723755,0.9837267994880676,0.5498108267784119,0.209798663854599,-0.038312919437885284,0.9248782992362976,0.5484277606010437,0.21068663895130157,-0.18263038992881775,0.9820054769515991,0.5544909238815308,0.24395881593227386,-0.07735645771026611,0.9754772186279297,0.5540993809700012,0.24375587701797485,-0.11931627243757248,0.9869250655174255,0.526786208152771,0.2815053164958954,0.06883911788463593,0.9965389966964722,0.5225566029548645,0.28398704528808594,-0.24419240653514862,0.9999210238456726,0.5230553150177002,0.3903770446777344,0.10204873979091644,0.017062997445464134,0.5228555798530579,0.39298155903816223,-0.27820253372192383,0.9692016243934631,0.536828875541687,0.4835323691368103,0.07427941262722015,0.04613853245973587,0.540054976940155,0.49065425992012024,-0.26916682720184326,0.9522524476051331,0.5376931428909302,0.5070573687553406,0.08034036308526993,0.059042107313871384,0.5416679382324219,0.516791045665741,-0.2993467450141907,0.9323857426643372,0.5405974984169006,0.507818877696991,0.05537273734807968,0.0610114261507988,0.5430686473846436,0.5148183703422546,-0.2910621762275696,0.9281538724899292,0.5395633578300476,0.5015901923179626,0.06195651367306709,0.06149759143590927,0.5422912836074829,0.5074070692062378,-0.2651072144508362,0.8781139850616455,0.5267337560653687,0.4817259609699249,0.09997513890266418,0.9969282746315002,0.5198345184326172,0.48289501667022705,-0.10012973099946976,0.9978577494621277,0.5310978293418884,0.632614254951477,0.12456034868955612,0.3174668252468109,0.5266484618186951,0.6294993162155151,-0.1212901920080185,0.9464622139930725,0.524534285068512,0.783531129360199,0.2110336720943451,0.634765625,0.4779605269432068,0.7662225961685181,-0.03492194414138794,0.9629729390144348,0.5185121297836304,0.808813214302063,0.21446779370307922,0.6826580166816711,0.461262971162796,0.7790324687957764,-0.028253614902496338,0.9000038504600525,0.5619815587997437,0.8082354664802551,0.16652683913707733,0.789115309715271,0.49931034445762634,0.8232547640800476,-0.08869483321905136,0.9623292088508606,PD_Early,004_PD_01_MD.MOV
0.5622132420539856,0.23605243861675262,-0.09163263440132141,0.9888634085655212,0.5621720552444458,0.21705196797847748,-0.08207831531763077,0.976934552192688,0.5613307952880859,0.21532940864562988,-0.08210863173007965,0.9753633737564087,0.5604735612869263,0.2138296514749527,-0.08208373934030533,0.9782187342643738,0.5615652203559875,0.2172396034002304,-0.11301854252815247,0.9819290041923523,0.5605030059814453,0.21570925414562225,-0.11304647475481033,0.9844591617584229,0.5593655109405518,0.2143716812133789,-0.11311442404985428,0.984697699546814,0.5514278411865234,0.20982055366039276,-0.027398882433772087,0.9297078847885132,0.5501731038093567,0.21064959466457367,-0.1677236557006836,0.9832055568695068,0.5565209984779358,0.2439572960138321,-0.06666218489408493,0.9767807722091675,0.5559612512588501,0.24374783039093018,-0.1075257733464241,0.987552285194397,0.5295532941818237,0.2814352810382843,0.07596514374017715,0.9968193173408508,0.5261598229408264,0.2834923565387726,-0.23291920125484467,0.9999251365661621,0.5256611704826355,0.3899071514606476,0.10701735317707062,0.017399931326508522,0.5261627435684204,0.3929865062236786,-0.27589479088783264,0.9701921939849854,0.5386950373649597,0.4837004542350769,0.07932370156049728,0.04953957721590996,0.5424471497535706,0.49064409732818604,-0.27560052275657654,0.9535861015319824,0.5403919219970703,0.5068333148956299,0.08563520014286041,0.06337737292051315,0.5441071391105652,0.5168450474739075,-0.30705490708351135,0.9342184066772461,0.5429397821426392,0.5079676508903503,0.06063801795244217,0.06540439277887344,0.5450413823127747,0.5149881839752197,-0.2965660095214844,0.9301548600196838,0.5418580770492554,0.5017294883728027,0.06705354899168015,0.0655776634812355,0.5444592237472534,0.5073811411857605,-0.27118220925331116,0.8812069892883301,0.5284309983253479,0.48117128014564514,0.09964844584465027,0.9971536993980408,0.5224562883377075,0.48243340849876404,-0.09979699552059174,0.9979665279388428,0.5338723063468933,0.6322922110557556,0.12273474782705307,0.31812626123428345,0.5305243730545044,0.6295921802520752,-0.12001518905162811,0.9496384263038635,0.5242443680763245,0.783347487449646,0.20918820798397064,0.6433855295181274,0.48294365406036377,0.7658913731575012,-0.03535327687859535,0.9650476574897766,0.5177056193351746,0.807721734046936,0.21173425018787384,0.6877081394195557,0.46613380312919617,0.7770379781723022,-0.02947210520505905,0.9046152830123901,0.5603594183921814,0.8091306090354919,0.16341854631900787,0.7949326038360596,0.5016828775405884,0.8219974637031555,-0.08876677602529526,0.9645182490348816,PD_Early,004_PD_01_MD.MOV
0.5679166316986084,0.23685191571712494,-0.08751779049634933,0.9892328977584839,0.5688071846961975,0.21755489706993103,-0.07805716246366501,0.9775108695030212,0.568187952041626,0.21580936014652252,-0.07808391749858856,0.9759799242019653,0.5674011707305908,0.21427206695079803,-0.07805927097797394,0.9787834286689758,0.5680992007255554,0.21755734086036682,-0.1094343289732933,0.9823961853981018,0.5671380162239075,0.21594169735908508,-0.10946666449308395,0.9848670363426208,0.5660482048988342,0.2145196795463562,-0.1095508262515068,0.9851166605949402,0.5570842623710632,0.20990324020385742,-0.025501497089862823,0.9314638376235962,0.5540243983268738,0.21095356345176697,-0.1674467921257019,0.98372882604599,0.5614337921142578,0.2449563443660736,-0.06343232095241547,0.9769834280014038,0.5608928203582764,0.2444790005683899,-0.10475794970989227,0.9877616763114929,0.5331255197525024,0.28130683302879333,0.0742378979921341,0.9970126748085022,0.5278028249740601,0.2831245958805084,-0.23147836327552795,0.9999282360076904,0.5284925103187561,0.3899770677089691,0.10509666800498962,0.0172077976167202,0.5277159810066223,0.3930395841598511,-0.2687157392501831,0.9704250693321228,0.5435630679130554,0.4839714765548706,0.07367078959941864,0.04995299130678177,0.5447238087654114,0.490656316280365,-0.2600477337837219,0.9541518092155457,0.5438622236251831,0.5095899701118469,0.07836510986089706,0.0639309287071228,0.5453901886940002,0.5168700814247131,-0.28917396068573,0.9349563121795654,0.546924352645874,0.5098502039909363,0.05399831011891365,0.06593526899814606,0.5472092032432556,0.5155624747276306,-0.2806587517261505,0.9311034083366394,0.5461236834526062,0.5018792152404785,0.06134498119354248,0.06600748002529144,0.5467225313186646,0.5074559450149536,-0.2559075355529785,0.8824549317359924,0.5303662419319153,0.48134347796440125,0.0991215631365776,0.9973288774490356,0.5246297717094421,0.48236551880836487,-0.09926073998212814,0.9980908036231995,0.5369358658790588,0.6286267042160034,0.15229393541812897,0.31554433703422546,0.5380418300628662,0.6282050609588623,-0.1200510635972023,0.951214611530304,0.5235593914985657,0.7704128623008728,0.25411999225616455,0.642699122428894,0.49432799220085144,0.7657691240310669,-0.04096627235412598,0.9657796025276184,0.5134384632110596,0.7934958934783936,0.259423166513443,0.6883652806282043,0.4794703722000122,0.776972234249115,-0.03525613620877266,0.9063434600830078,0.5542975068092346,0.8069477677345276,0.21789921820163727,0.7963592410087585,0.5155476331710815,0.8138723969459534,-0.09418143332004547,0.9658390283584595,PD_Early,004_PD_01_MD.MOV
0.5710439682006836,0.24021688103675842,-0.0609930120408535,0.9895898103713989,0.5726556777954102,0.22091621160507202,-0.05320320278406143,0.9781326055526733,0.5721076726913452,0.21921446919441223,-0.053225185722112656,0.9765360951423645,0.571304202079773,0.21768070757389069,-0.05319179967045784,0.9794528484344482,0.5718321204185486,0.22041912376880646,-0.08434192091226578,0.9829294085502625,0.5708866715431213,0.21856902539730072,-0.08438307791948318,0.985275149345398,0.5697630643844604,0.21691060066223145,-0.08448127657175064,0.9856715798377991,0.5580716729164124,0.21254119277000427,-0.008954648859798908,0.9339006543159485,0.5581433176994324,0.21217010915279388,-0.14999112486839294,0.9844182729721069,0.5642516613006592,0.24862238764762878,-0.040029965341091156,0.9775657653808594,0.5636552572250366,0.24760058522224426,-0.08094906806945801,0.988207995891571,0.5352884531021118,0.28130853176116943,0.08176075667142868,0.9972185492515564,0.5311825275421143,0.2830181419849396,-0.21690815687179565,0.9999316334724426,0.531039297580719,0.39066341519355774,0.10723773390054703,0.017238270491361618,0.5318271517753601,0.39572593569755554,-0.24878519773483276,0.971129834651947,0.5448912978172302,0.4873788356781006,0.07486743479967117,0.051520850509405136,0.5478827953338623,0.49776628613471985,-0.2331007570028305,0.9552430510520935,0.5441932678222656,0.5161197781562805,0.07910227030515671,0.06570662558078766,0.5483309626579285,0.5233573913574219,-0.2596229612827301,0.9361234307289124,0.5478732585906982,0.5157178640365601,0.05755944177508354,0.06767554581165314,0.5502039790153503,0.5227699279785156,-0.25224849581718445,0.9324738383293152,0.5476592779159546,0.5047381520271301,0.06351519376039505,0.06719557195901871,0.5498870611190796,0.5137282013893127,-0.22928543388843536,0.8847293257713318,0.5311970114707947,0.4818716049194336,0.09666313230991364,0.9974839091300964,0.5273722410202026,0.4831371307373047,-0.09675309807062149,0.9981644153594971,0.5391188263893127,0.6271476745605469,0.09269620478153229,0.30391284823417664,0.5484634637832642,0.6261756420135498,-0.15464259684085846,0.9494426846504211,0.5237406492233276,0.7715857028961182,0.14151360094547272,0.6270411014556885,0.5078957080841064,0.7653782963752747,-0.09402654320001602,0.9633269309997559,0.5133726596832275,0.7936285138130188,0.14102420210838318,0.6783463954925537,0.49281033873558044,0.7781056761741638,-0.09037380665540695,0.9037055373191833,0.5514472723007202,0.8069638013839722,0.09506382048130035,0.7878405451774597,0.5301313996315002,0.8098200559616089,-0.14245955646038055,0.9654850959777832,PD_Early,004_PD_01_MD.MOV
0.5746707916259766,0.24138547480106354,-0.050249285995960236,0.9900476336479187,0.576374888420105,0.22332052886486053,-0.04182829707860947,0.9791150689125061,0.575867235660553,0.22181323170661926,-0.04185493290424347,0.9775070548057556,0.5750901103019714,0.22038814425468445,-0.04182357341051102,0.9804756045341492,0.5755058526992798,0.22266140580177307,-0.07270649075508118,0.9837746024131775,0.5745634436607361,0.22094927728176117,-0.07274217903614044,0.9859482049942017,0.5734485387802124,0.2194070816040039,-0.07283571362495422,0.9864481687545776,0.5632671117782593,0.2142987996339798,0.004521944560110569,0.9375883936882019,0.562496542930603,0.2140103429555893,-0.13441626727581024,0.9852938652038574,0.5682028532028198,0.24979205429553986,-0.028726063668727875,0.978523313999176,0.5674712061882019,0.24866993725299835,-0.0690154954791069,0.9888200163841248,0.539262056350708,0.28135621547698975,0.09542593359947205,0.9973637461662292,0.5336134433746338,0.283307820558548,-0.2027522772550583,0.999934196472168,0.5362535119056702,0.391153484582901,0.12197339534759521,0.017330601811408997,0.5384839773178101,0.3973231315612793,-0.23119035363197327,0.9719083309173584,0.5474118590354919,0.48744845390319824,0.08613589406013489,0.0521632581949234,0.5486968159675598,0.5016745924949646,-0.21291039884090424,0.956317126750946,0.5498284697532654,0.51653653383255,0.08995761722326279,0.06677928566932678,0.5491908192634583,0.5273244976997375,-0.23722274601459503,0.9373223781585693,0.5511163473129272,0.5163335204124451,0.0698622390627861,0.06862480938434601,0.5509620904922485,0.5271667838096619,-0.23198266327381134,0.9337978363037109,0.550602376461029,0.5048615336418152,0.07527624070644379,0.06796489655971527,0.5507703423500061,0.5174535512924194,-0.20959964394569397,0.8871769309043884,0.5327820181846619,0.4820253849029541,0.09546829015016556,0.9975802898406982,0.5271928310394287,0.4831620454788208,-0.09551399201154709,0.9982113838195801,0.5460480451583862,0.6222715973854065,0.086027130484581,0.3006414473056793,0.5559155941009521,0.6217940449714661,-0.1525953859090805,0.9493753910064697,0.5233608484268188,0.7689238786697388,0.12952953577041626,0.6179870963096619,0.5125664472579956,0.7656461596488953,-0.10071609169244766,0.9627033472061157,0.5099167823791504,0.7836468815803528,0.12888877093791962,0.6728124618530273,0.49748650193214417,0.7802543044090271,-0.09811193495988846,0.9040032029151917,0.550341010093689,0.8037616610527039,0.0891532152891159,0.7831438183784485,0.5425280332565308,0.8069350719451904,-0.1490345001220703,0.9659321904182434,PD_Early,004_PD_01_MD.MOV
0.577669084072113,0.24476169049739838,-0.06504549086093903,0.9904899597167969,0.5798137784004211,0.22850178182125092,-0.05605323240160942,0.9798499345779419,0.5793889760971069,0.2271026372909546,-0.05608163774013519,0.9781697392463684,0.5786768198013306,0.22567781805992126,-0.0560455285012722,0.9811673760414124,0.578906238079071,0.22768789529800415,-0.08710242807865143,0.9843950867652893,0.5780264139175415,0.22596938908100128,-0.08713967353105545,0.9864453673362732,0.5769440531730652,0.22433818876743317,-0.087229885160923,0.9870474338531494,0.5676534175872803,0.21812458336353302,-0.006147290579974651,0.9406938552856445,0.566408097743988,0.2166690081357956,-0.14661456644535065,0.9860629439353943,0.5711827874183655,0.25230318307876587,-0.04226387292146683,0.9793077111244202,0.5704827904701233,0.2510106563568115,-0.0830092504620552,0.9893526434898376,0.5433608293533325,0.2814403474330902,0.08772075921297073,0.9974947571754456,0.5351659059524536,0.2833375334739685,-0.20512479543685913,0.999936044216156,0.5397626161575317,0.39185044169425964,0.1164303794503212,0.01800735853612423,0.5356228351593018,0.39889153838157654,-0.23913642764091492,0.9733336567878723,0.5517167448997498,0.4897918701171875,0.08127358555793762,0.05360451713204384,0.550733745098114,0.5057999491691589,-0.22843602299690247,0.9583908915519714,0.5560052394866943,0.51887446641922,0.08522439748048782,0.06853105127811432,0.5520483255386353,0.5326593518257141,-0.2559713125228882,0.9398636221885681,0.5564591288566589,0.5202811360359192,0.0649171769618988,0.0703328400850296,0.5543145537376404,0.5307373404502869,-0.2487945258617401,0.9365627765655518,0.5552610754966736,0.5084084868431091,0.07038743793964386,0.06964779645204544,0.5536826848983765,0.5226761698722839,-0.22501958906650543,0.891866147518158,0.5322896838188171,0.48292624950408936,0.09571567922830582,0.9975066184997559,0.5280295610427856,0.48431259393692017,-0.09576300531625748,0.9980243444442749,0.546995997428894,0.6222886443138123,0.09709344059228897,0.2935180962085724,0.5674562454223633,0.6204198002815247,-0.1209353655576706,0.948591947555542,0.5230681896209717,0.7696026563644409,0.15597008168697357,0.6028062701225281,0.5212966799736023,0.7673520445823669,-0.04591077193617821,0.9603051543235779,0.5100123286247253,0.7866899371147156,0.1567865014076233,0.6632069945335388,0.5092074871063232,0.7845571041107178,-0.040227171033620834,0.9027069807052612,0.5509267449378967,0.8041858673095703,0.1155916228890419,0.7696801424026489,0.5484455227851868,0.8078324198722839,-0.08017615973949432,0.9634219408035278,PD_Early,004_PD_01_MD.MOV
0.5803460478782654,0.2450123280286789,-0.070417620241642,0.99043208360672,0.5823672413825989,0.22855831682682037,-0.06128740310668945,0.9799079895019531,0.5818620920181274,0.22717978060245514,-0.06131277605891228,0.9781675934791565,0.5810665488243103,0.2257898896932602,-0.061285294592380524,0.9812402725219727,0.5816190838813782,0.22751548886299133,-0.09199487417936325,0.9843984842300415,0.5808082222938538,0.22568035125732422,-0.09202396124601364,0.9864256381988525,0.5799239277839661,0.22366644442081451,-0.09210575371980667,0.9871697425842285,0.5690501928329468,0.21803998947143555,-0.009991442784667015,0.9425007700920105,0.5697276592254639,0.2166403830051422,-0.14728407561779022,0.9862604737281799,0.5740383863449097,0.25247371196746826,-0.047158513218164444,0.978939414024353,0.573545515537262,0.251242995262146,-0.08741859346628189,0.989234209060669,0.5439035892486572,0.28163403272628784,0.08765903115272522,0.9974071979522705,0.5392706990242004,0.2832547426223755,-0.2107919603586197,0.9999328255653381,0.5409165024757385,0.3927202522754669,0.11671970039606094,0.018063364550471306,0.538593590259552,0.39903244376182556,-0.24536672234535217,0.9737971425056458,0.5522714257240295,0.4911118149757385,0.07904548197984695,0.052591804414987564,0.5537987947463989,0.5046014189720154,-0.23261341452598572,0.9582992196083069,0.5575750470161438,0.5197605490684509,0.08335234969854355,0.06755860149860382,0.5565648674964905,0.5312268733978271,-0.25989216566085815,0.9397751688957214,0.5581694841384888,0.5216615796089172,0.06142763793468475,0.0691818818449974,0.5585343241691589,0.5298341512680054,-0.25267142057418823,0.9365074634552002,0.5567541718482971,0.5098986625671387,0.06761474162340164,0.06873343884944916,0.5573473572731018,0.5214875936508179,-0.22894755005836487,0.8923375606536865,0.5303910374641418,0.4867422580718994,0.09538771957159042,0.9972938895225525,0.5308012366294861,0.4861432611942291,-0.09543466567993164,0.9977218508720398,0.5425673723220825,0.6233347058296204,0.11114782840013504,0.29350903630256653,0.5725414156913757,0.6191937327384949,-0.08373700827360153,0.9510124921798706,0.526683509349823,0.7740910053253174,0.17604272067546844,0.5954859852790833,0.5339905023574829,0.767515242099762,-0.006774521432816982,0.9606304168701172,0.5135757327079773,0.7965365648269653,0.1783522069454193,0.658473789691925,0.5211290121078491,0.788524329662323,-0.0012418043334037066,0.9036601781845093,0.5621219873428345,0.8047472238540649,0.14841249585151672,0.7609994411468506,0.56812584400177,0.8082655072212219,-0.038949694484472275,0.9622557163238525,PD_Early,004_PD_01_MD.MOV
0.5836511850357056,0.24462303519248962,-0.04647790268063545,0.9906938076019287,0.5853770971298218,0.22813518345355988,-0.036819759756326675,0.9806200265884399,0.5848773717880249,0.22670038044452667,-0.03683798015117645,0.9788702130317688,0.584147036075592,0.22527185082435608,-0.036821287125349045,0.9818975925445557,0.5848557353019714,0.22721070051193237,-0.0664917454123497,0.9849690198898315,0.5841562747955322,0.22539465129375458,-0.06650934368371964,0.9868879914283752,0.5833368301391602,0.22350065410137177,-0.06657614558935165,0.9877294898033142,0.5730466246604919,0.21804973483085632,0.010702431201934814,0.9453338384628296,0.5730846524238586,0.21673300862312317,-0.12283637374639511,0.9868404865264893,0.5774390697479248,0.2521440088748932,-0.025240324437618256,0.9793127775192261,0.5770252346992493,0.25096595287323,-0.06399146467447281,0.9895102977752686,0.5446417331695557,0.28200504183769226,0.09980504959821701,0.9972670078277588,0.543157696723938,0.2832607328891754,-0.1914440542459488,0.999930739402771,0.5410627722740173,0.3932851552963257,0.12489638477563858,0.01784832775592804,0.5409890413284302,0.3999306857585907,-0.22689594328403473,0.9741290211677551,0.5522252321243286,0.4910983741283417,0.08449813723564148,0.05078400671482086,0.5554735064506531,0.5040271282196045,-0.21284106373786926,0.9579695463180542,0.5548267960548401,0.5197339653968811,0.08941243588924408,0.06562229245901108,0.5574468970298767,0.5307418704032898,-0.23831935226917267,0.9395981431007385,0.5574734210968018,0.521467387676239,0.06762585788965225,0.06707630306482315,0.5595921874046326,0.529076099395752,-0.22984346747398376,0.9364064335823059,0.5562930703163147,0.5097885131835938,0.0731002539396286,0.06681480258703232,0.5586050748825073,0.5206313729286194,-0.2084970921278,0.8927977085113525,0.5293254852294922,0.4874490201473236,0.09279288351535797,0.9970639944076538,0.5340479016304016,0.4861689805984497,-0.09281229227781296,0.9975029230117798,0.540518045425415,0.6234122514724731,0.1108008548617363,0.2966286242008209,0.5745590329170227,0.6190907955169678,-0.08317552506923676,0.9543476104736328,0.5303488373756409,0.7744102478027344,0.1707797646522522,0.5970585942268372,0.5427539348602295,0.7689089179039001,-0.01815951056778431,0.9625723361968994,0.5185393691062927,0.7980799078941345,0.1722518503665924,0.6605703830718994,0.5315523147583008,0.7907233834266663,-0.013428335078060627,0.9074500799179077,0.5675795674324036,0.8220565319061279,0.1433705985546112,0.7586345672607422,0.5751210451126099,0.808879554271698,-0.04961417615413666,0.9629574418067932,PD_Early,004_PD_01_MD.MOV
0.586758553981781,0.24427911639213562,-0.05152871459722519,0.9910303950309753,0.5887375473976135,0.22758570313453674,-0.04181578382849693,0.9815289974212646,0.5883158445358276,0.2261219620704651,-0.04183431714773178,0.9798217415809631,0.5876424312591553,0.22469298541545868,-0.04181499779224396,0.9827179908752441,0.588117241859436,0.22672416269779205,-0.07223004847764969,0.9856767058372498,0.5874794721603394,0.2248874008655548,-0.07224350422620773,0.9874559640884399,0.5866658091545105,0.2230338752269745,-0.07231190800666809,0.9883437156677246,0.5737592577934265,0.2194744348526001,0.005585118196904659,0.9480170011520386,0.5766315460205078,0.2166057974100113,-0.13138949871063232,0.9873816967010498,0.5809077024459839,0.2520064115524292,-0.030070669949054718,0.9799327254295349,0.5805009603500366,0.25077950954437256,-0.06979764997959137,0.9898968935012817,0.5460687875747681,0.2819594144821167,0.09467466920614243,0.9971339702606201,0.5475289225578308,0.28358200192451477,-0.19843339920043945,0.9999296069145203,0.5393285751342773,0.39321619272232056,0.12072113901376724,0.01759081333875656,0.5451394319534302,0.4014506936073303,-0.2355426847934723,0.973480224609375,0.5504595041275024,0.4911843240261078,0.0832984670996666,0.04899236187338829,0.5583337545394897,0.5059823393821716,-0.22429333627223969,0.956391453742981,0.5536845922470093,0.5199015736579895,0.08925261348485947,0.06371922045946121,0.5600005388259888,0.5322625637054443,-0.25139036774635315,0.9382694363594055,0.5558922290802002,0.5217713117599487,0.06706619262695312,0.06492877006530762,0.5614020228385925,0.5316742658615112,-0.2433146983385086,0.9347532391548157,0.5550909638404846,0.5100729465484619,0.07196026295423508,0.06486351042985916,0.5603671669960022,0.5229476690292358,-0.22021658718585968,0.8903677463531494,0.5287650227546692,0.48782581090927124,0.09271775931119919,0.9968863129615784,0.537795901298523,0.4861617386341095,-0.0927552804350853,0.9974662661552429,0.5367676615715027,0.6229537129402161,0.13557080924510956,0.3091573119163513,0.5759198069572449,0.6192861199378967,-0.07106143981218338,0.9579005837440491,0.5306249260902405,0.7751502394676208,0.2104409635066986,0.6087886691093445,0.555139422416687,0.7739554643630981,-0.011878333054482937,0.9651662707328796,0.5212549567222595,0.8018897175788879,0.21373291313648224,0.6689673662185669,0.5441080927848816,0.7977510094642639,-0.008803567849099636,0.912443220615387,0.5691502690315247,0.8209434747695923,0.18180817365646362,0.7648470997810364,0.5897004008293152,0.8091303110122681,-0.055223871022462845,0.9645058512687683,PD_Early,004_PD_01_MD.MOV
0.5906639695167542,0.24402129650115967,-0.0534931980073452,0.9914507865905762,0.5922415852546692,0.2267334759235382,-0.047354232519865036,0.9825817346572876,0.5917731523513794,0.22514314949512482,-0.04737728461623192,0.9809405207633972,0.5910838842391968,0.22361397743225098,-0.04735533520579338,0.9836847186088562,0.5918137431144714,0.22568963468074799,-0.07785170525312424,0.9864915609359741,0.5912529826164246,0.22366659343242645,-0.07788410037755966,0.988129734992981,0.5905818939208984,0.22169674932956696,-0.0779729038476944,0.9890528321266174,0.5767831802368164,0.2193649411201477,-0.00012804358266294003,0.9508515000343323,0.5809611082077026,0.21567346155643463,-0.13802269101142883,0.9880584478378296,0.5850892663002014,0.25148507952690125,-0.033668648451566696,0.980909526348114,0.5847539901733398,0.2502448558807373,-0.07364758104085922,0.9904372096061707,0.5483205318450928,0.28152114152908325,0.09189384430646896,0.9970811605453491,0.5532128810882568,0.2835824489593506,-0.20372553169727325,0.9999310374259949,0.5425288081169128,0.3931027948856354,0.11920049786567688,0.01748635247349739,0.5534973740577698,0.40157556533813477,-0.240047886967659,0.972942054271698,0.5523205995559692,0.49178269505500793,0.08147550374269485,0.04760005325078964,0.5614089369773865,0.511060357093811,-0.22756557166576385,0.9551787376403809,0.5534769892692566,0.5213941931724548,0.08694794774055481,0.06203540414571762,0.5622584223747253,0.5359667539596558,-0.25191351771354675,0.9372692704200745,0.5573264360427856,0.5236338973045349,0.06466619670391083,0.06301514059305191,0.5635966658592224,0.5367167592048645,-0.24718990921974182,0.9334359765052795,0.5569044351577759,0.5117517709732056,0.07000132650136948,0.06316054612398148,0.5629733800888062,0.5279623866081238,-0.22424861788749695,0.888655424118042,0.528758704662323,0.4880794286727905,0.09280814975500107,0.9967966675758362,0.5399001240730286,0.4861505627632141,-0.09284903109073639,0.9975387454032898,0.5331156253814697,0.6230247020721436,0.15542356669902802,0.3248874247074127,0.5760773420333862,0.6184206604957581,-0.07144593447446823,0.9612718224525452,0.529971718788147,0.7780656218528748,0.2437811642885208,0.6221481561660767,0.5730962753295898,0.7786691784858704,-0.020501675084233284,0.9677546620368958,0.5207887291908264,0.8040204644203186,0.24871423840522766,0.6775687336921692,0.5642279386520386,0.8024692535400391,-0.018191803246736526,0.9177762866020203,0.5651494860649109,0.8069444298744202,0.21505223214626312,0.7708628177642822,0.6120884418487549,0.809161901473999,-0.0671248584985733,0.9662370681762695,PD_Early,004_PD_01_MD.MOV
0.5933525562286377,0.24391521513462067,-0.05810261145234108,0.9918047189712524,0.5947768092155457,0.2266228348016739,-0.04908866807818413,0.9835083484649658,0.5942675471305847,0.22503432631492615,-0.0491144135594368,0.9819375276565552,0.5932881236076355,0.22347183525562286,-0.04909224435687065,0.9845466613769531,0.5944882035255432,0.22537671029567719,-0.07995984703302383,0.9872238039970398,0.5939592719078064,0.22325998544692993,-0.0799836739897728,0.9887546896934509,0.5931153893470764,0.22123943269252777,-0.08006124943494797,0.9896848201751709,0.5786974430084229,0.21993692219257355,0.0012888971250504255,0.9534057974815369,0.5835608243942261,0.21562616527080536,-0.13812606036663055,0.9886817336082458,0.5879745483398438,0.25096839666366577,-0.03604166954755783,0.9819164872169495,0.5875901579856873,0.24949459731578827,-0.07643236964941025,0.9909708499908447,0.5517550110816956,0.2815302908420563,0.0942547470331192,0.9970059394836426,0.5564359426498413,0.283621221780777,-0.20331981778144836,0.999931812286377,0.5450509786605835,0.3930971920490265,0.12158489972352982,0.017627621069550514,0.5563152432441711,0.40158677101135254,-0.24155902862548828,0.9727668762207031,0.5547093749046326,0.49353593587875366,0.08655692636966705,0.04745841771364212,0.5618045330047607,0.5117732286453247,-0.2494158148765564,0.9551792740821838,0.5555978417396545,0.5235228538513184,0.09300234913825989,0.0619303323328495,0.5628229379653931,0.5360772609710693,-0.2801014184951782,0.9378405809402466,0.559482991695404,0.526071310043335,0.07022725045681,0.06270667165517807,0.5646611452102661,0.5369167327880859,-0.2708123028278351,0.933739185333252,0.5590195059776306,0.5143005847930908,0.0751519575715065,0.063092440366745,0.5639982223510742,0.5283412933349609,-0.24526415765285492,0.8891593217849731,0.5310761332511902,0.4880688190460205,0.09281672537326813,0.9967011213302612,0.5411105751991272,0.4861272871494293,-0.0928577408194542,0.9975976347923279,0.5322967171669006,0.62259441614151,0.14897213876247406,0.3280414640903473,0.5760048627853394,0.6183958649635315,-0.07003796845674515,0.9638988971710205,0.5293183326721191,0.7788932919502258,0.23206672072410583,0.6251764893531799,0.577712893486023,0.7805137634277344,-0.02443978376686573,0.9697797894477844,0.5203072428703308,0.8042206168174744,0.2364683896303177,0.6790964007377625,0.5699625015258789,0.8053736090660095,-0.022199418395757675,0.9221996665000916,0.5647281408309937,0.8043871521949768,0.20133458077907562,0.7709776759147644,0.6205657720565796,0.8031278848648071,-0.07754682749509811,0.9672905206680298,PD_Early,004_PD_01_MD.MOV
0.5963200330734253,0.243784561753273,-0.05836714059114456,0.9918005466461182,0.5976540446281433,0.22651028633117676,-0.048400357365608215,0.9838242530822754,0.5971329808235168,0.22485220432281494,-0.048427682369947433,0.9821781516075134,0.5961580276489258,0.22322864830493927,-0.048408884555101395,0.9848018288612366,0.5974512100219727,0.2251589149236679,-0.07916436344385147,0.9875099062919617,0.5969929099082947,0.22292938828468323,-0.0791824534535408,0.9889179468154907,0.5963958501815796,0.22087299823760986,-0.07925911247730255,0.9899755716323853,0.5831641554832458,0.2202829271554947,0.0024597926530987024,0.9541038870811462,0.5871590971946716,0.2154993712902069,-0.13616545498371124,0.9889107942581177,0.5911076664924622,0.2509079575538635,-0.035702064633369446,0.9822121262550354,0.5907605290412903,0.24943076074123383,-0.07591228187084198,0.9911589622497559,0.5556935667991638,0.2815120816230774,0.09535583853721619,0.9967096447944641,0.5610706806182861,0.28363677859306335,-0.20252010226249695,0.9999300241470337,0.5478194952011108,0.3930724859237671,0.12167861312627792,0.01711900345981121,0.5557945370674133,0.40157729387283325,-0.2412707805633545,0.9723955988883972,0.5560961365699768,0.49432530999183655,0.08550019562244415,0.04570142179727554,0.5647297501564026,0.5125128030776978,-0.24004745483398438,0.9542246460914612,0.5566850304603577,0.5243843793869019,0.09153935313224792,0.05977772921323776,0.5649150609970093,0.5364354252815247,-0.2714005410671234,0.9369027614593506,0.5607499480247498,0.5272144079208374,0.06896653026342392,0.060400430113077164,0.5664665699005127,0.5375133752822876,-0.26128730177879333,0.932463526725769,0.5596187114715576,0.5152150988578796,0.07400449365377426,0.06103646755218506,0.5660483241081238,0.529228150844574,-0.23566827178001404,0.8875313997268677,0.5334943532943726,0.4880782663822174,0.09254078567028046,0.9965448975563049,0.5438496470451355,0.48613107204437256,-0.09258625656366348,0.9975661039352417,0.5319835543632507,0.6226510405540466,0.1420784741640091,0.34017491340637207,0.5768996477127075,0.6177444458007812,-0.05566289275884628,0.9660331010818481,0.5289376378059387,0.7815741300582886,0.2215777337551117,0.6328689455986023,0.5871450304985046,0.780197262763977,0.0024544510524719954,0.9715702533721924,0.5199054479598999,0.8070899248123169,0.2255731076002121,0.6846156716346741,0.5809875726699829,0.8055239319801331,0.004245924763381481,0.9258154034614563,0.5641748309135437,0.8042741417884827,0.18846341967582703,0.7726840376853943,0.6316022276878357,0.8020304441452026,-0.05456699803471565,0.9682251811027527,PD_Early,004_PD_01_MD.MOV
0.5998062491416931,0.2439831793308258,-0.05304129049181938,0.9920701384544373,0.6012623906135559,0.22640877962112427,-0.04349856823682785,0.9845635294914246,0.600611686706543,0.2247382253408432,-0.04352211579680443,0.9829052090644836,0.5998337268829346,0.2231333702802658,-0.043504729866981506,0.9854575395584106,0.6011559963226318,0.225190207362175,-0.07366065680980682,0.9881204962730408,0.6008185744285583,0.22300943732261658,-0.0736749917268753,0.9893838763237,0.6001783013343811,0.2210100293159485,-0.07375041395425797,0.9904882311820984,0.586097002029419,0.22247321903705597,0.004456573165953159,0.9558327198028564,0.5912091135978699,0.21629278361797333,-0.13141776621341705,0.9894170165061951,0.5946896076202393,0.25120580196380615,-0.031361646950244904,0.9830402135848999,0.5944997072219849,0.24975495040416718,-0.07073255628347397,0.9915980100631714,0.5601401925086975,0.2829507887363434,0.09529529511928558,0.9965980648994446,0.5640652775764465,0.28505173325538635,-0.19844068586826324,0.9999315142631531,0.5523912906646729,0.39457958936691284,0.12226332724094391,0.016813820227980614,0.5644866228103638,0.40471553802490234,-0.23520252108573914,0.9719516634941101,0.5577627420425415,0.49522048234939575,0.08809580653905869,0.04475652426481247,0.5673138499259949,0.5186157822608948,-0.22763492166996002,0.9538946747779846,0.5600960850715637,0.5265994071960449,0.09390900284051895,0.058655183762311935,0.5669167637825012,0.5419987440109253,-0.2570114731788635,0.9368195533752441,0.5646610856056213,0.529275119304657,0.0718792974948883,0.05915064737200737,0.5689955949783325,0.5436312556266785,-0.24897991120815277,0.9321461915969849,0.564103901386261,0.5175843238830566,0.07671844959259033,0.06003744900226593,0.5686577558517456,0.5343648195266724,-0.22381307184696198,0.8873757719993591,0.5376096963882446,0.4881456196308136,0.09184780716896057,0.996510922908783,0.5465198159217834,0.4862537384033203,-0.0919002965092659,0.9976354837417603,0.5323798060417175,0.6223109364509583,0.14278632402420044,0.3490681052207947,0.5783141255378723,0.6178074479103088,-0.05348215624690056,0.9678651094436646,0.5288734436035156,0.7818415760993958,0.22279340028762817,0.6425565481185913,0.5903781056404114,0.7813054323196411,0.00025772821391001344,0.9732736945152283,0.5196024179458618,0.8071349859237671,0.2269841879606247,0.6912429928779602,0.5843502283096313,0.8082639575004578,0.0015341717517003417,0.9292607307434082,0.5626137852668762,0.803947925567627,0.18995141983032227,0.7761787176132202,0.635059118270874,0.8029736876487732,-0.05808644741773605,0.9691975116729736,PD_Early,004_PD_01_MD.MOV
0.6022233963012695,0.24400660395622253,-0.05711161717772484,0.9922454357147217,0.603149950504303,0.2264803946018219,-0.046894174069166183,0.9851590394973755,0.6025679111480713,0.22480058670043945,-0.04691340774297714,0.9834670424461365,0.6017822623252869,0.22320926189422607,-0.04690641537308693,0.9859769940376282,0.6031450033187866,0.2254011034965515,-0.07641784846782684,0.9886337518692017,0.6027956008911133,0.22328810393810272,-0.07643424719572067,0.9897669553756714,0.6022946238517761,0.2213982790708542,-0.07650884240865707,0.9909436106681824,0.5905023813247681,0.22181552648544312,0.003093779319897294,0.9571582078933716,0.5926951169967651,0.21768680214881897,-0.13354569673538208,0.9898930191993713,0.5973014235496521,0.2511425316333771,-0.03450014069676399,0.983654260635376,0.5970861315727234,0.2498161345720291,-0.07297813147306442,0.9919653534889221,0.5627456903457642,0.2831282615661621,0.09246674925088882,0.9964845180511475,0.5673543810844421,0.2862042784690857,-0.20082540810108185,0.9999324083328247,0.5538365244865417,0.3945593237876892,0.11784330010414124,0.01645083911716938,0.5657116174697876,0.4079505503177643,-0.23767779767513275,0.9716208577156067,0.5603863000869751,0.49688148498535156,0.07949446886777878,0.04311617091298103,0.5710610747337341,0.5194445252418518,-0.22853749990463257,0.9526607394218445,0.5615605115890503,0.5274893045425415,0.08377169072628021,0.056674957275390625,0.5713045001029968,0.5429996848106384,-0.2576071619987488,0.9355283379554749,0.5663036704063416,0.5303335189819336,0.06232137978076935,0.05706477537751198,0.5729551911354065,0.5449550151824951,-0.2495889961719513,0.9305669665336609,0.5656548142433167,0.5185503959655762,0.06817144900560379,0.05810817331075668,0.5719496011734009,0.5351657867431641,-0.22462496161460876,0.8854677081108093,0.5403717160224915,0.4886961281299591,0.09125708788633347,0.9964083433151245,0.5513079166412354,0.486952543258667,-0.09132277965545654,0.997681736946106,0.533997654914856,0.6220853328704834,0.14805559813976288,0.3617863357067108,0.5801702737808228,0.6181927919387817,-0.05029458925127983,0.9695204496383667,0.528619110584259,0.782823920249939,0.23413559794425964,0.6524012088775635,0.5914110541343689,0.7824141383171082,0.009760037064552307,0.9747912883758545,0.5193926692008972,0.8080427050590515,0.23903995752334595,0.6977153420448303,0.5839375257492065,0.8104285597801208,0.011740320362150669,0.9321960210800171,0.5622737407684326,0.8037545084953308,0.20146764814853668,0.7794531583786011,0.635039746761322,0.8035230040550232,-0.047518230974674225,0.9700301885604858,PD_Early,004_PD_01_MD.MOV
0.6060856580734253,0.24391457438468933,-0.061294086277484894,0.9924348592758179,0.6070759892463684,0.2263549268245697,-0.05115760490298271,0.985792338848114,0.6065043210983276,0.22467923164367676,-0.05117196962237358,0.9840837717056274,0.6056023240089417,0.22489649057388306,-0.05117315426468849,0.9865333437919617,0.6072994470596313,0.22531798481941223,-0.07955337315797806,0.9891399145126343,0.6069884896278381,0.22322316467761993,-0.07956511527299881,0.990134596824646,0.6066234111785889,0.2213573306798935,-0.07963182777166367,0.9913679361343384,0.5931887030601501,0.22217713296413422,-0.0012904438190162182,0.9589425921440125,0.5976651906967163,0.21786785125732422,-0.13545632362365723,0.9903761148452759,0.6010665893554688,0.2510775625705719,-0.03860678896307945,0.9843122959136963,0.6010167598724365,0.24980804324150085,-0.07558699697256088,0.9923305511474609,0.565779983997345,0.28311672806739807,0.08611054718494415,0.9964698553085327,0.5722476840019226,0.28676775097846985,-0.19994156062602997,0.9999335408210754,0.5572064518928528,0.39321473240852356,0.11088601499795914,0.01624073088169098,0.5689065456390381,0.40757355093955994,-0.233662948012352,0.9712250828742981,0.5637897849082947,0.4969789385795593,0.07442153245210648,0.041597772389650345,0.5763190984725952,0.5184170603752136,-0.21805812418460846,0.9510729908943176,0.5632196068763733,0.5271044969558716,0.0781533345580101,0.05478689447045326,0.5766826868057251,0.5422090888023376,-0.2452782690525055,0.9337430000305176,0.5687435269355774,0.5297792553901672,0.058006949722766876,0.05505385249853134,0.5779549479484558,0.5440384745597839,-0.2377118170261383,0.9285579323768616,0.5685811638832092,0.518171489238739,0.06376083195209503,0.056208182126283646,0.5770179629325867,0.5346835255622864,-0.21409963071346283,0.8831160068511963,0.5430244207382202,0.4886833429336548,0.08937262743711472,0.99631267786026,0.5554221272468567,0.48696452379226685,-0.08947252482175827,0.9977157711982727,0.5366885662078857,0.6220165491104126,0.15095935761928558,0.3780824840068817,0.5860581994056702,0.6183589696884155,-0.042307838797569275,0.970459520816803,0.5284880995750427,0.7829843163490295,0.2387782633304596,0.6608332395553589,0.5941594839096069,0.7833670973777771,0.028701961040496826,0.9755595922470093,0.5192413330078125,0.80904620885849,0.24401970207691193,0.7018625736236572,0.5863756537437439,0.811619758605957,0.03235622122883797,0.9328814744949341,0.5616862773895264,0.8038055896759033,0.20879173278808594,0.7803199887275696,0.6355756521224976,0.8089540600776672,-0.02150016464293003,0.9697704911231995,PD_Early,004_PD_01_MD.MOV
0.6094680428504944,0.2437928020954132,-0.06485992670059204,0.9927119612693787,0.6104164123535156,0.22587886452674866,-0.05516838654875755,0.9863962531089783,0.609887421131134,0.22421890497207642,-0.0551733635365963,0.9846372604370117,0.6091355085372925,0.22393637895584106,-0.05516880750656128,0.9870449900627136,0.6106211543083191,0.22497601807117462,-0.08435343950986862,0.9896572828292847,0.6104171276092529,0.2229517549276352,-0.08436054736375809,0.9905332922935486,0.6101296544075012,0.22119049727916718,-0.08443117886781693,0.9918071031570435,0.5961898565292358,0.2220297008752823,-0.005566170439124107,0.9605580568313599,0.6015855073928833,0.21778185665607452,-0.14050979912281036,0.9908044934272766,0.6046021580696106,0.2509176731109619,-0.0421370230615139,0.9850055575370789,0.6046517491340637,0.2497696429491043,-0.08015803247690201,0.9927164912223816,0.5696061849594116,0.28336092829704285,0.08374103158712387,0.9964361190795898,0.5758053064346313,0.28703710436820984,-0.20185431838035583,0.999934732913971,0.5615667104721069,0.3939165472984314,0.11068996787071228,0.016302134841680527,0.5711190104484558,0.40712982416152954,-0.23589655756950378,0.9709560871124268,0.5715939998626709,0.499687522649765,0.07348053902387619,0.04089893028140068,0.5809773206710815,0.5201777815818787,-0.22270160913467407,0.9503461122512817,0.571923553943634,0.5302566885948181,0.07719599455595016,0.05379372462630272,0.5825347304344177,0.544944167137146,-0.25063127279281616,0.9326983094215393,0.5767180323600769,0.5336025357246399,0.056350018829107285,0.05400215834379196,0.584845244884491,0.5478711724281311,-0.24289345741271973,0.9272763133049011,0.5760352611541748,0.5214123129844666,0.06250470131635666,0.055277269333601,0.5832011103630066,0.5380966067314148,-0.21883775293827057,0.881449818611145,0.5480586290359497,0.48906058073043823,0.08925731480121613,0.9962188005447388,0.5598377585411072,0.4874735474586487,-0.08936579525470734,0.9977350234985352,0.5409383773803711,0.6219503879547119,0.14916497468948364,0.3990876376628876,0.5916613936424255,0.6184216141700745,-0.046659138053655624,0.9713509678840637,0.5281108021736145,0.7825448513031006,0.2339896559715271,0.6727794408798218,0.5961352586746216,0.7852936387062073,0.028329836204648018,0.9765176177024841,0.5179811716079712,0.8089969754219055,0.2388889640569687,0.7102614045143127,0.5876756310462952,0.8124809265136719,0.03257060423493385,0.9340020418167114,0.5583525896072388,0.8043091297149658,0.20334692299365997,0.7841082811355591,0.6362804770469666,0.8166124820709229,-0.01937529258430004,0.9698892831802368,PD_Early,004_PD_01_MD.MOV
0.6118839979171753,0.24373123049736023,-0.06026551499962807,0.9929788708686829,0.6125829219818115,0.22596792876720428,-0.05086557939648628,0.9870092272758484,0.6120631694793701,0.22431863844394684,-0.05087830871343613,0.9852513074874878,0.6113166809082031,0.22383904457092285,-0.050872381776571274,0.9875738024711609,0.6126951575279236,0.22510568797588348,-0.08045544475317001,0.9901472926139832,0.6124639511108398,0.22311560809612274,-0.08046188205480576,0.9909428358078003,0.6121295690536499,0.22141341865062714,-0.08053325116634369,0.9922248721122742,0.6004889011383057,0.22101423144340515,-0.003238935023546219,0.9624202251434326,0.6035493612289429,0.21845866739749908,-0.13768672943115234,0.9912500381469727,0.607548713684082,0.2508961856365204,-0.03837978094816208,0.9856481552124023,0.6074379086494446,0.24974492192268372,-0.07689560204744339,0.9930595755577087,0.572786271572113,0.28335386514663696,0.0850665420293808,0.99641352891922,0.5776800513267517,0.28729087114334106,-0.20000505447387695,0.9999353289604187,0.5649076104164124,0.395573228597641,0.11081504076719284,0.016218863427639008,0.5732966065406799,0.4052160680294037,-0.23480813205242157,0.9702209830284119,0.5727719664573669,0.49941372871398926,0.0737321674823761,0.03942674770951271,0.583034336566925,0.519645631313324,-0.2214219868183136,0.9481282234191895,0.5743188261985779,0.5296808481216431,0.07750394940376282,0.051932793110609055,0.5842298269271851,0.5439850687980652,-0.24810992181301117,0.9298912286758423,0.5781150460243225,0.5327566862106323,0.05682952702045441,0.052064381539821625,0.5863368511199951,0.5467530488967896,-0.24064987897872925,0.9240955710411072,0.577713668346405,0.5207440853118896,0.06278818845748901,0.053463928401470184,0.5850778222084045,0.5368809700012207,-0.21741533279418945,0.877163827419281,0.5510314702987671,0.48907753825187683,0.08916231989860535,0.9961315989494324,0.5621314644813538,0.4875076413154602,-0.08927309513092041,0.997755765914917,0.5451842546463013,0.6215865015983582,0.14759574830532074,0.4141067862510681,0.5954274535179138,0.6184845566749573,-0.0505065992474556,0.972346842288971,0.5276609063148499,0.7825101017951965,0.22524479031562805,0.6811783313751221,0.5975949764251709,0.7868527173995972,0.007718748413026333,0.9771562814712524,0.5166231393814087,0.8088033199310303,0.22942714393138885,0.7150551080703735,0.5895992517471313,0.8143408894538879,0.01010341290384531,0.9341617822647095,0.5572487115859985,0.804334282875061,0.20247957110404968,0.7852753400802612,0.6367006301879883,0.8190685510635376,-0.0309225432574749,0.9695283770561218,PD_Early,004_PD_01_MD.MOV
0.6156660318374634,0.24294413626194,-0.0535748116672039,0.9931405782699585,0.6164276599884033,0.22557905316352844,-0.04487568512558937,0.9874101281166077,0.6157715916633606,0.22399340569972992,-0.04488394781947136,0.9855962991714478,0.6149217486381531,0.224294051527977,-0.04487227275967598,0.987895667552948,0.6168159246444702,0.2248232662677765,-0.07470777630805969,0.9905058741569519,0.6166496276855469,0.22294564545154572,-0.07471074163913727,0.9912106990814209,0.6163802742958069,0.2213509976863861,-0.07478675246238708,0.9925238490104675,0.6023985743522644,0.22099007666110992,-0.0002539950655773282,0.9636778831481934,0.6078845262527466,0.21851368248462677,-0.13495837152004242,0.9915309548377991,0.6110168099403381,0.25011879205703735,-0.032707732170820236,0.9860436320304871,0.6111962199211121,0.24913719296455383,-0.0715704932808876,0.9932918548583984,0.5757068395614624,0.28319042921066284,0.08562930673360825,0.9964064955711365,0.5829110741615295,0.28734755516052246,-0.19743476808071136,0.9999356269836426,0.5654705762863159,0.3964523375034332,0.11195717006921768,0.016018815338611603,0.5809229016304016,0.4090254604816437,-0.2324206382036209,0.9693108201026917,0.5765420794487,0.499134361743927,0.07661020755767822,0.03823612630367279,0.5887451171875,0.5196353793144226,-0.21757109463214874,0.9464247226715088,0.5762510895729065,0.5292682647705078,0.08067116141319275,0.05044524744153023,0.5898545980453491,0.5452787280082703,-0.24359740316867828,0.927690863609314,0.5819891691207886,0.5322303771972656,0.06078756973147392,0.05051092430949211,0.5919671654701233,0.5482467412948608,-0.23576027154922485,0.9216262102127075,0.581382691860199,0.5212060213088989,0.06607014685869217,0.05200137943029404,0.5903969407081604,0.5379306674003601,-0.21333974599838257,0.8738387227058411,0.555665135383606,0.48921164870262146,0.088091641664505,0.996117353439331,0.570309042930603,0.48824283480644226,-0.08821740746498108,0.9977742433547974,0.5507038831710815,0.6215886473655701,0.14659050107002258,0.43463826179504395,0.5991830229759216,0.6205388903617859,-0.04825892671942711,0.9721746444702148,0.5276105403900146,0.7814086079597473,0.22374707460403442,0.691396176815033,0.5988037586212158,0.787983238697052,0.026000119745731354,0.9772679209709167,0.5161409974098206,0.8081806898117065,0.22830317914485931,0.7225741744041443,0.5913065075874329,0.8147926330566406,0.030516238883137703,0.9330804347991943,0.5573369860649109,0.8043553233146667,0.19739630818367004,0.7871705293655396,0.6374437808990479,0.820277750492096,-0.015766430646181107,0.9684943556785583,PD_Early,004_PD_01_MD.MOV
0.6202360391616821,0.24034245312213898,-0.08389455825090408,0.9934313297271729,0.620574951171875,0.223153218626976,-0.07505471259355545,0.9879786968231201,0.6199615001678467,0.22162722051143646,-0.07505927979946136,0.9861986041069031,0.619084894657135,0.22422438859939575,-0.07503870874643326,0.9884206652641296,0.6208048462867737,0.2229330688714981,-0.10547532141208649,0.9909618496894836,0.6205446124076843,0.22142943739891052,-0.10548453032970428,0.9916086792945862,0.6201932430267334,0.22016534209251404,-0.10555778443813324,0.9929060339927673,0.608227014541626,0.21715238690376282,-0.026771167293190956,0.9654152989387512,0.6113900542259216,0.21792739629745483,-0.16422110795974731,0.991887092590332,0.6157639622688293,0.24748671054840088,-0.061401404440402985,0.9866392612457275,0.6157101392745972,0.2472362369298935,-0.1011141911149025,0.9936290979385376,0.5789253115653992,0.28306373953819275,0.06476310640573502,0.9964470863342285,0.5851954221725464,0.2884126603603363,-0.2178627997636795,0.9999362230300903,0.5674850344657898,0.396196186542511,0.09792632609605789,0.016031548380851746,0.584874153137207,0.4143383502960205,-0.2508688271045685,0.9686591625213623,0.5779351592063904,0.502746045589447,0.0663205236196518,0.0371406115591526,0.5935867428779602,0.5201030373573303,-0.23476774990558624,0.9453268051147461,0.5779691934585571,0.5296244621276855,0.0698225274682045,0.04915206879377365,0.595165491104126,0.5463305711746216,-0.2619762122631073,0.926321268081665,0.5838158130645752,0.5342565774917603,0.049064986407756805,0.04915314167737961,0.5971965193748474,0.548491358757019,-0.25519758462905884,0.920072615146637,0.5841498970985413,0.5229810476303101,0.05566726624965668,0.05071146786212921,0.5957392454147339,0.5378322601318359,-0.23089581727981567,0.8715231418609619,0.5591579079627991,0.4902631938457489,0.0877610370516777,0.9961532950401306,0.5749900341033936,0.49042826890945435,-0.08789915591478348,0.9978383779525757,0.5588619112968445,0.6224039793014526,0.1537753939628601,0.4491242468357086,0.6034354567527771,0.6226889491081238,-0.046193696558475494,0.97236168384552,0.5291092991828918,0.7809581160545349,0.24512168765068054,0.700413703918457,0.5999844670295715,0.7896263003349304,0.03585891053080559,0.9775196313858032,0.5171197652816772,0.8079543709754944,0.25103774666786194,0.7284801006317139,0.593035876750946,0.8150488138198853,0.040845297276973724,0.9324374198913574,0.5591230392456055,0.8040936589241028,0.22082719206809998,0.791093647480011,0.640142023563385,0.8207734823226929,-0.007009504362940788,0.9679959416389465,PD_Early,004_PD_01_MD.MOV
0.6223973631858826,0.23882508277893066,-0.09389553964138031,0.9936653971672058,0.6228145360946655,0.2218969464302063,-0.08445431292057037,0.9882950186729431,0.6222559213638306,0.22054290771484375,-0.08447138220071793,0.9865558743476868,0.6213015913963318,0.22423812747001648,-0.0844465121626854,0.988717794418335,0.6229167580604553,0.221705824136734,-0.1149451956152916,0.9912275671958923,0.6226090788841248,0.2204168140888214,-0.11496098339557648,0.9918813109397888,0.6221957802772522,0.21937991678714752,-0.11503300070762634,0.9931646585464478,0.608803391456604,0.21780844032764435,-0.03314300253987312,0.9664710760116577,0.6125876903533936,0.21789158880710602,-0.17080587148666382,0.9920499324798584,0.6179168224334717,0.24610695242881775,-0.07044665515422821,0.987095832824707,0.6177520751953125,0.2458803504705429,-0.11027900129556656,0.9938812255859375,0.5821921825408936,0.2830573320388794,0.06295306980609894,0.9964410066604614,0.5872484445571899,0.2885245382785797,-0.22572220861911774,0.9999365210533142,0.5749827027320862,0.39585667848587036,0.09709178656339645,0.01614760421216488,0.585584282875061,0.4110027253627777,-0.2609066963195801,0.9687305092811584,0.5852181911468506,0.5028467178344727,0.06720450520515442,0.03719665855169296,0.5963278412818909,0.5195872783660889,-0.24988476932048798,0.9455329775810242,0.5879270434379578,0.5296732187271118,0.07168524712324142,0.049444787204265594,0.597745954990387,0.545682966709137,-0.27835163474082947,0.9265486598014832,0.5912966132164001,0.5337547063827515,0.04994158074259758,0.04940318316221237,0.5996055603027344,0.5476831197738647,-0.2706630527973175,0.9202065467834473,0.5905163288116455,0.5233017802238464,0.056147463619709015,0.05103082209825516,0.598588764667511,0.5372788310050964,-0.24592165648937225,0.8718599677085876,0.5647777915000916,0.4902222156524658,0.08784059435129166,0.9961796402931213,0.5759957432746887,0.4903559982776642,-0.08796203136444092,0.9979137778282166,0.5650566816329956,0.6222574710845947,0.15201081335544586,0.447628378868103,0.6048518419265747,0.6227039098739624,-0.0664244070649147,0.9727417230606079,0.5302905440330505,0.7778649926185608,0.23902033269405365,0.703529417514801,0.6004385352134705,0.7898740172386169,-0.009100369177758694,0.9782981276512146,0.5180895328521729,0.8026357293128967,0.2437068670988083,0.7315624952316284,0.5910194516181946,0.815308153629303,-0.007088986691087484,0.934653103351593,0.5605176091194153,0.8050984740257263,0.21089836955070496,0.7934558391571045,0.6376315355300903,0.822226345539093,-0.06190050020813942,0.968625545501709,PD_Early,004_PD_01_MD.MOV
0.6265680193901062,0.23481035232543945,-0.09580586105585098,0.9935750961303711,0.6270774602890015,0.2174735814332962,-0.08620234578847885,0.9878405332565308,0.6265566945075989,0.2163897305727005,-0.0862169936299324,0.9860227108001709,0.6258432269096375,0.2169288843870163,-0.0861847922205925,0.9883238077163696,0.627104640007019,0.21722614765167236,-0.11646590381860733,0.9909480810165405,0.6267480254173279,0.21614810824394226,-0.11648278683423996,0.9916331768035889,0.6262944936752319,0.21528255939483643,-0.1165623664855957,0.9930079579353333,0.6122599840164185,0.21761244535446167,-0.034186627715826035,0.9652416706085205,0.6160088181495667,0.21380113065242767,-0.17087644338607788,0.9915375113487244,0.6216357350349426,0.24315685033798218,-0.07220138609409332,0.9868025779724121,0.6213406920433044,0.24296383559703827,-0.11171894520521164,0.9938004016876221,0.5849054455757141,0.2827955484390259,0.06056955084204674,0.9962344169616699,0.589168131351471,0.2873886227607727,-0.2257235199213028,0.9999342560768127,0.5773304104804993,0.398460328578949,0.09385513514280319,0.015799913555383682,0.588469922542572,0.4104464054107666,-0.2604162395000458,0.9671003222465515,0.5884830355644226,0.5025302767753601,0.06170664355158806,0.03611840680241585,0.6000159382820129,0.5159705877304077,-0.2499377429485321,0.9431388974189758,0.5886458158493042,0.5284618139266968,0.06472121924161911,0.04832689091563225,0.6017139554023743,0.541948676109314,-0.27822786569595337,0.9238143563270569,0.5940861105918884,0.5313336849212646,0.04369736835360527,0.048265598714351654,0.6036542057991028,0.5418955087661743,-0.27130308747291565,0.91707843542099,0.592598021030426,0.522655725479126,0.050767380744218826,0.04987356439232826,0.6024454236030579,0.5325237512588501,-0.24627351760864258,0.8674615621566772,0.5720118880271912,0.4902113080024719,0.0877896323800087,0.9961351156234741,0.5803510546684265,0.4906008541584015,-0.08789987117052078,0.9979572892189026,0.5730875730514526,0.6230220794677734,0.1561325490474701,0.43962711095809937,0.6070960760116577,0.6249433755874634,-0.05160461738705635,0.9721140265464783,0.5347107648849487,0.7707215547561646,0.25196945667266846,0.7035172581672668,0.5984879732131958,0.7894664406776428,0.018507352098822594,0.9785050749778748,0.5215587019920349,0.7951544523239136,0.25828832387924194,0.7339597940444946,0.5887917876243591,0.8150748610496521,0.021967660635709763,0.9358634352684021,0.5634222626686096,0.8039953112602234,0.2268683910369873,0.7961544990539551,0.6360561847686768,0.8220714926719666,-0.03233829513192177,0.9686492085456848,PD_Early,004_PD_01_MD.MOV
0.6304006576538086,0.23013825714588165,-0.1117800772190094,0.9935126304626465,0.6304082870483398,0.2119307965040207,-0.10207891464233398,0.9873526096343994,0.6298180222511292,0.21090471744537354,-0.1020873412489891,0.9852967858314514,0.6276837587356567,0.21640191972255707,-0.10205557942390442,0.9878686666488647,0.6303274035453796,0.21149897575378418,-0.13216200470924377,0.9906703233718872,0.6298468112945557,0.21037963032722473,-0.13218238949775696,0.9913234710693359,0.6292288303375244,0.20931129157543182,-0.13226823508739471,0.9928520321846008,0.615028440952301,0.2147207260131836,-0.04705483093857765,0.9631797671318054,0.6178739070892334,0.20739950239658356,-0.18351364135742188,0.9909593462944031,0.624901533126831,0.23905865848064423,-0.08709399402141571,0.9866437315940857,0.6245774030685425,0.23906970024108887,-0.12649981677532196,0.9937652349472046,0.589333713054657,0.2823392450809479,0.04826311394572258,0.9961089491844177,0.5903719067573547,0.28430724143981934,-0.23593394458293915,0.9999337196350098,0.5842000246047974,0.40037038922309875,0.08279255777597427,0.015597160905599594,0.5888243913650513,0.4050595760345459,-0.27025938034057617,0.9652458429336548,0.594560444355011,0.5003674626350403,0.04807917773723602,0.0357026569545269,0.6047276258468628,0.5112828612327576,-0.2598491311073303,0.9405984878540039,0.5962825417518616,0.5255706906318665,0.04922663792967796,0.048066385090351105,0.6073706746101379,0.5379278063774109,-0.2880893051624298,0.9208890795707703,0.5994861721992493,0.5275454521179199,0.02833816409111023,0.04804856330156326,0.6097138524055481,0.5362918376922607,-0.28183481097221375,0.9138384461402893,0.5993011593818665,0.5183340311050415,0.03704596310853958,0.049582283943891525,0.608630895614624,0.5274211168289185,-0.2563624680042267,0.8629517555236816,0.5820059180259705,0.4900268018245697,0.08756788820028305,0.9960976243019104,0.584776759147644,0.4905814230442047,-0.08766840398311615,0.9980159997940063,0.5781821608543396,0.6235039234161377,0.1625833511352539,0.419030100107193,0.605567991733551,0.6257901787757874,-0.042986128479242325,0.9666743874549866,0.5379647612571716,0.765481173992157,0.2625848948955536,0.6921542882919312,0.5975075960159302,0.7892079949378967,0.03738551214337349,0.9764639139175415,0.5244664549827576,0.787649393081665,0.26950836181640625,0.7302269339561462,0.5888057351112366,0.8149279356002808,0.042302075773477554,0.934194028377533,0.5647575259208679,0.8031995296478271,0.23514597117900848,0.7925832271575928,0.6361958980560303,0.8218416571617126,-0.01269044540822506,0.9661959409713745,PD_Early,004_PD_01_MD.MOV
0.6315116286277771,0.22906605899333954,-0.10480067133903503,0.993334949016571,0.6310377717018127,0.21034063398838043,-0.09496305882930756,0.9867157340049744,0.6304401159286499,0.20935215055942535,-0.09497630596160889,0.984494149684906,0.6293975114822388,0.21069782972335815,-0.09494399279356003,0.9872800707817078,0.6307918429374695,0.20990131795406342,-0.12503500282764435,0.9903001189231873,0.6301833391189575,0.20876960456371307,-0.12505483627319336,0.9909843802452087,0.6294471621513367,0.20772427320480347,-0.12514550983905792,0.992634654045105,0.617710292339325,0.210585817694664,-0.04033030942082405,0.9608315825462341,0.6181026101112366,0.20620958507061005,-0.1762809455394745,0.9903252124786377,0.6262423396110535,0.2385745644569397,-0.08035710453987122,0.986322283744812,0.6257433295249939,0.23841242492198944,-0.11959050595760345,0.9936259388923645,0.5926872491836548,0.2824971377849579,0.05558004602789879,0.9958794713020325,0.5898693799972534,0.2842637896537781,-0.2316739857196808,0.9999332427978516,0.5844395756721497,0.40253186225891113,0.08903172612190247,0.015227137133479118,0.5899176001548767,0.4035182595252991,-0.26633384823799133,0.9642074108123779,0.5977611541748047,0.5002992749214172,0.05371323972940445,0.03499455004930496,0.6073257923126221,0.5110453963279724,-0.2594665288925171,0.9397961497306824,0.5973108410835266,0.5249115824699402,0.055326513946056366,0.04746144264936447,0.6096565127372742,0.5371109247207642,-0.2880123257637024,0.9199944734573364,0.603078305721283,0.5267660617828369,0.0344223789870739,0.04746900126338005,0.6121845245361328,0.5352411270141602,-0.28218090534210205,0.9127393960952759,0.6026161909103394,0.5183370113372803,0.04260604456067085,0.048956215381622314,0.6112149357795715,0.526400625705719,-0.25614845752716064,0.8613432049751282,0.5863545536994934,0.4897685945034027,0.08749710023403168,0.9959988594055176,0.5871301293373108,0.49040335416793823,-0.08759089559316635,0.9980611801147461,0.5821172595024109,0.6235013604164124,0.15952442586421967,0.40178728103637695,0.6043461561203003,0.6260675191879272,-0.04515747353434563,0.9614100456237793,0.5404613018035889,0.764159619808197,0.2568724453449249,0.6837907433509827,0.598190426826477,0.7896338105201721,0.02917179837822914,0.9748160243034363,0.5262256264686584,0.785115659236908,0.26353999972343445,0.7295867204666138,0.5898227095603943,0.8147637844085693,0.03312521427869797,0.9337744116783142,0.5651653409004211,0.8032013177871704,0.22804522514343262,0.7910611033439636,0.6359261274337769,0.8218533992767334,-0.0222325399518013,0.9644782543182373,PD_Early,004_PD_01_MD.MOV
0.6333625316619873,0.22939549386501312,-0.10527637600898743,0.9929952025413513,0.6318060755729675,0.20730186998844147,-0.09537284821271896,0.9857859015464783,0.6312286853790283,0.2063957005739212,-0.09538397938013077,0.9833951592445374,0.630409300327301,0.20617486536502838,-0.0953480675816536,0.9864347577095032,0.6314626336097717,0.2068312168121338,-0.12532930076122284,0.9896667003631592,0.6308088302612305,0.20573855936527252,-0.12535139918327332,0.9904224276542664,0.6299940943717957,0.20433847606182098,-0.1254459172487259,0.9921910166740417,0.6176283359527588,0.2108718901872635,-0.040245238691568375,0.9574439525604248,0.6185986995697021,0.20379823446273804,-0.17571678757667542,0.9892845749855042,0.6273393034934998,0.23773808777332306,-0.0806802436709404,0.985734760761261,0.6267370581626892,0.23753391206264496,-0.11977037042379379,0.9933242797851562,0.5945788621902466,0.28263914585113525,0.05618530139327049,0.9956367611885071,0.5927823781967163,0.2839239835739136,-0.23119209706783295,0.9999305009841919,0.590076208114624,0.40335625410079956,0.08904366940259933,0.015105328522622585,0.5933234095573425,0.40209153294563293,-0.265053927898407,0.9630892276763916,0.6049280762672424,0.49952590465545654,0.05089180916547775,0.03539185971021652,0.6118020415306091,0.5075860619544983,-0.2596392333507538,0.9389565587043762,0.6076289415359497,0.5220407247543335,0.05123639851808548,0.04826629161834717,0.6150433421134949,0.5316495299339294,-0.2882336974143982,0.9190906286239624,0.6109283566474915,0.5234804749488831,0.030477887019515038,0.048326004296541214,0.6170785427093506,0.5285055637359619,-0.2828395962715149,0.911618709564209,0.6089398860931396,0.5155307054519653,0.03977655991911888,0.04966124892234802,0.6158128976821899,0.5204910039901733,-0.25646910071372986,0.859639585018158,0.5922897458076477,0.4896215796470642,0.08754850924015045,0.9958053231239319,0.5920402407646179,0.4903396666049957,-0.08764198422431946,0.9980606436729431,0.5872427821159363,0.6234946250915527,0.1649424135684967,0.3880822956562042,0.6040947437286377,0.6266213059425354,-0.04625294730067253,0.9575202465057373,0.5467911958694458,0.7616488933563232,0.2688200771808624,0.6767475605010986,0.5977662205696106,0.7908002138137817,0.02482539974153042,0.9733248353004456,0.5296204686164856,0.7824606895446777,0.2760734558105469,0.7298517823219299,0.589036226272583,0.8150613903999329,0.028631018474698067,0.9335795640945435,0.5712970495223999,0.8005989193916321,0.24106329679489136,0.7903603315353394,0.6363435983657837,0.8215537071228027,-0.029567213729023933,0.9629493355751038,PD_Early,004_PD_01_MD.MOV
0.6366616487503052,0.2283633053302765,-0.11323218047618866,0.9922276139259338,0.6344683766365051,0.20474380254745483,-0.10312426835298538,0.9836294651031494,0.6339149475097656,0.2037462294101715,-0.10313018411397934,0.9808576703071594,0.6331514120101929,0.2028476446866989,-0.10308855026960373,0.9843689799308777,0.6340377330780029,0.20435652136802673,-0.1332501322031021,0.9883084893226624,0.6333276033401489,0.20297613739967346,-0.13327687978744507,0.9891886711120605,0.6324330568313599,0.20158617198467255,-0.13337799906730652,0.9912341237068176,0.6206153631210327,0.20977918803691864,-0.04618442803621292,0.9509164690971375,0.6206835508346558,0.2007724791765213,-0.18254001438617706,0.9877299666404724,0.6299086809158325,0.23822301626205444,-0.08794458210468292,0.9844654202461243,0.6296619176864624,0.23485742509365082,-0.12730158865451813,0.9927894473075867,0.5960276126861572,0.2826247215270996,0.05121883004903793,0.9952324032783508,0.5953471064567566,0.2831825017929077,-0.23704589903354645,0.9999272227287292,0.5949731469154358,0.4000992476940155,0.08451564610004425,0.014770683832466602,0.5973356366157532,0.40124255418777466,-0.270729660987854,0.9627315998077393,0.6077985167503357,0.4960753917694092,0.04429636523127556,0.03506065532565117,0.6149789690971375,0.5058392286300659,-0.2643529772758484,0.9384016394615173,0.6115121841430664,0.5198040008544922,0.04383113607764244,0.04814188927412033,0.6175247430801392,0.5299262404441833,-0.29321202635765076,0.9183184504508972,0.612389862537384,0.5217322111129761,0.023521663621068,0.04825487360358238,0.6196559071540833,0.5272400975227356,-0.2883939743041992,0.910774827003479,0.6114609837532043,0.5127910375595093,0.0332045815885067,0.049508679658174515,0.6187000274658203,0.5193827152252197,-0.2614588439464569,0.8583266139030457,0.5949523448944092,0.4897651970386505,0.08775047957897186,0.9957068562507629,0.5952406525611877,0.4910143315792084,-0.08783594518899918,0.9980331063270569,0.5907391309738159,0.6245135068893433,0.1712207794189453,0.3826662600040436,0.6055397391319275,0.6276564002037048,-0.03422176465392113,0.9559367895126343,0.5528150200843811,0.762399435043335,0.283281147480011,0.6781430244445801,0.5974311828613281,0.7905352711677551,0.05094992369413376,0.9727790951728821,0.5369380712509155,0.7817061543464661,0.2910493314266205,0.734725296497345,0.5892741680145264,0.8150132894515991,0.05577812343835831,0.9340313673019409,0.5769444704055786,0.7975912690162659,0.2527836859226227,0.7947536110877991,0.6366559863090515,0.821373701095581,-0.008134768344461918,0.9626018404960632,PD_Early,004_PD_01_MD.MOV
0.6401695013046265,0.22835050523281097,-0.11705758422613144,0.9907021522521973,0.637436032295227,0.2045537382364273,-0.1062430813908577,0.9801427721977234,0.6368733048439026,0.20346328616142273,-0.10624780505895615,0.9770836234092712,0.6362095475196838,0.20244815945625305,-0.10620148479938507,0.9810397624969482,0.6370916366577148,0.204203262925148,-0.13720573484897614,0.9859936237335205,0.6364415287971497,0.202901691198349,-0.13723360002040863,0.9872006177902222,0.6353082060813904,0.20132282376289368,-0.13734392821788788,0.9895316362380981,0.6236084699630737,0.20959050953388214,-0.04674361273646355,0.9410024285316467,0.6251557469367981,0.20041784644126892,-0.18662232160568237,0.9851298332214355,0.6329968571662903,0.2384316623210907,-0.09074712544679642,0.9817529320716858,0.6328927874565125,0.2340352088212967,-0.13119491934776306,0.9916170239448547,0.5970319509506226,0.2826298475265503,0.05271855741739273,0.9946116209030151,0.5979786515235901,0.28266802430152893,-0.24244394898414612,0.9999231696128845,0.5979462265968323,0.40094873309135437,0.08553244918584824,0.014418313279747963,0.599311888217926,0.4008197486400604,-0.27735692262649536,0.9622679948806763,0.6099492311477661,0.49395474791526794,0.042871251702308655,0.03424617648124695,0.6159927248954773,0.5034864544868469,-0.2714424729347229,0.9375234246253967,0.6152158379554749,0.5183975696563721,0.04221416637301445,0.04733401536941528,0.6189477443695068,0.5279453992843628,-0.3009418845176697,0.9173501133918762,0.6154176592826843,0.5207000970840454,0.022039281204342842,0.04744751378893852,0.6214741468429565,0.5258574485778809,-0.2970641851425171,0.9096211791038513,0.6144896745681763,0.5113589763641357,0.03175294026732445,0.048714715987443924,0.6206273436546326,0.5179263353347778,-0.26879799365997314,0.8560932278633118,0.5950440764427185,0.49004414677619934,0.08980266749858856,0.9955348372459412,0.596566915512085,0.4913434088230133,-0.0898779109120369,0.9979877471923828,0.5905877351760864,0.6256789565086365,0.18838639557361603,0.37635770440101624,0.6067230105400085,0.6285236477851868,-0.031010843813419342,0.9554206132888794,0.558040201663971,0.7632395625114441,0.31246718764305115,0.6783829927444458,0.597210168838501,0.7904563546180725,0.053876664489507675,0.9725556969642639,0.5453395247459412,0.7835896611213684,0.32138770818710327,0.7381539940834045,0.589198112487793,0.8148519396781921,0.05824068933725357,0.9349138736724854,0.5855000615119934,0.7909831404685974,0.28350988030433655,0.798808753490448,0.6370671987533569,0.8212510347366333,-0.009245840832591057,0.9625632762908936,PD_Early,004_PD_01_MD.MOV
0.6421588063240051,0.22653432190418243,-0.11233290284872055,0.9892253875732422,0.640623927116394,0.20485976338386536,-0.10179204493761063,0.9769687056541443,0.6400349140167236,0.20372243225574493,-0.10179903358221054,0.9736901521682739,0.6389515399932861,0.2026488333940506,-0.10175096988677979,0.9779700040817261,0.6403104066848755,0.20449844002723694,-0.13308145105838776,0.9838968515396118,0.6396691799163818,0.2032218724489212,-0.13310998678207397,0.9855062961578369,0.6385077238082886,0.20157064497470856,-0.13322171568870544,0.9879581332206726,0.6262199282646179,0.2094346135854721,-0.04364035651087761,0.9314653277397156,0.6288356184959412,0.2005043625831604,-0.18499858677387238,0.9825308322906494,0.6354228258132935,0.23866577446460724,-0.08653261512517929,0.9791427254676819,0.6360393166542053,0.23379333317279816,-0.12739062309265137,0.9903559684753418,0.597757875919342,0.2822512984275818,0.054784663021564484,0.9939643740653992,0.6010638475418091,0.2819194793701172,-0.24377602338790894,0.9999191761016846,0.6022554039955139,0.40096160769462585,0.08655479550361633,0.0139439906924963,0.6024379730224609,0.3999616801738739,-0.27853068709373474,0.9623075723648071,0.6145260334014893,0.49151256680488586,0.04726444184780121,0.033070556819438934,0.6198166012763977,0.5016881227493286,-0.2730613648891449,0.9376246929168701,0.6183070540428162,0.5169430375099182,0.047823552042245865,0.04594237357378006,0.6227332949638367,0.5274015665054321,-0.3026713728904724,0.9175201058387756,0.618513286113739,0.519607424736023,0.027219785377383232,0.04607604071497917,0.6251351237297058,0.5249072313308716,-0.29819825291633606,0.9096887111663818,0.6175172924995422,0.509723424911499,0.03609762713313103,0.04734537750482559,0.624262809753418,0.5167560577392578,-0.27018678188323975,0.8554326891899109,0.5950971841812134,0.48957395553588867,0.0920550674200058,0.9953872561454773,0.5988162159919739,0.4911910593509674,-0.09212306141853333,0.9979520440101624,0.5964834094047546,0.6254803538322449,0.181838721036911,0.3670879602432251,0.6074209809303284,0.6285562515258789,-0.03137615695595741,0.9547424912452698,0.5680379271507263,0.7637566924095154,0.2975563704967499,0.6751936078071594,0.5968033671379089,0.7907442450523376,0.044673338532447815,0.9724960327148438,0.554814338684082,0.7843660712242126,0.3052729070186615,0.7396650910377502,0.5886459946632385,0.8147623538970947,0.045238424092531204,0.9362387657165527,0.5967813730239868,0.7886891961097717,0.26590460538864136,0.8012871146202087,0.6367309093475342,0.8211168646812439,-0.034017663449048996,0.9630204439163208,PD_Early,004_PD_01_MD.MOV
0.6444298028945923,0.2267187237739563,-0.1118088960647583,0.9870589971542358,0.6436994671821594,0.2052888423204422,-0.10167312622070312,0.9729906916618347,0.6431251764297485,0.20418797433376312,-0.10167597234249115,0.9693464636802673,0.6420896649360657,0.2038029283285141,-0.10162749141454697,0.9746146202087402,0.6433008313179016,0.20495830476284027,-0.13408821821212769,0.9809020161628723,0.642625629901886,0.20368309319019318,-0.13412733376026154,0.982867419719696,0.6415455341339111,0.20201736688613892,-0.13424696028232574,0.9856167435646057,0.6293501257896423,0.20959950983524323,-0.04370873421430588,0.9207327365875244,0.6319690346717834,0.2009793370962143,-0.19080673158168793,0.9793017506599426,0.6384627223014832,0.23889558017253876,-0.08592049777507782,0.9752296209335327,0.638099730014801,0.23510988056659698,-0.12825563549995422,0.9880251288414001,0.6008506417274475,0.28226444125175476,0.05594780668616295,0.9935110211372375,0.6028231978416443,0.281973272562027,-0.25162702798843384,0.9999085664749146,0.6036021113395691,0.39750412106513977,0.08884216099977493,0.01358602661639452,0.6056444048881531,0.399868905544281,-0.2846749424934387,0.9615380764007568,0.6203178763389587,0.4909193217754364,0.04854343831539154,0.032465338706970215,0.6244825720787048,0.5017169117927551,-0.2761455178260803,0.9377589225769043,0.6253645420074463,0.5162675380706787,0.04839218407869339,0.045157913118600845,0.6273921132087708,0.5276240706443787,-0.3064204454421997,0.9175657629966736,0.626150369644165,0.5184407830238342,0.02950923517346382,0.04541908949613571,0.6299046874046326,0.5251520276069641,-0.3002224266529083,0.9097120761871338,0.6246457695960999,0.5087561011314392,0.03804270178079605,0.046746596693992615,0.6289393901824951,0.516960859298706,-0.27274879813194275,0.8545178174972534,0.6002687811851501,0.48969557881355286,0.09580855071544647,0.9952275156974792,0.602118194103241,0.49114990234375,-0.09587714821100235,0.9976623058319092,0.6044782400131226,0.6262494921684265,0.16254892945289612,0.3480291962623596,0.6076861619949341,0.6291351914405823,-0.036414869129657745,0.9488541483879089,0.5817857384681702,0.7694874405860901,0.2619692385196686,0.6540826559066772,0.5916199088096619,0.7906540036201477,0.05394391342997551,0.9697279334068298,0.5729648470878601,0.7912446856498718,0.2669404149055481,0.7275852560997009,0.5827010869979858,0.8146801590919495,0.05850845202803612,0.9333817362785339,0.6157867312431335,0.7907132506370544,0.21848218142986298,0.791721522808075,0.6318743824958801,0.8201228380203247,-0.010952196083962917,0.961017370223999,PD_Early,004_PD_01_MD.MOV
0.6461424231529236,0.22722572088241577,-0.12256784737110138,0.9864038825035095,0.6458301544189453,0.20591925084590912,-0.1124270111322403,0.9718945026397705,0.6452265977859497,0.20470531284809113,-0.11242318898439407,0.9680798053741455,0.6444164514541626,0.2042917162179947,-0.11237501353025436,0.9737780094146729,0.6454219818115234,0.2055564969778061,-0.14532305300235748,0.979945719242096,0.6447094678878784,0.20424185693264008,-0.1453632414340973,0.9819759130477905,0.6438267827033997,0.2026076763868332,-0.14548374712467194,0.9848156571388245,0.6336249709129333,0.20911230146884918,-0.052977304905653,0.9171714782714844,0.6340268850326538,0.202207550406456,-0.20247425138950348,0.9780810475349426,0.6401421427726746,0.23892246186733246,-0.0959971621632576,0.9739416241645813,0.6396833658218384,0.23682954907417297,-0.13922619819641113,0.9870508313179016,0.602660596370697,0.2821974456310272,0.05241749808192253,0.9935253262519836,0.6049321889877319,0.28196895122528076,-0.2620653212070465,0.9999040365219116,0.6073980331420898,0.3966134488582611,0.08894273638725281,0.013839415274560452,0.6086729764938354,0.3998877704143524,-0.2967661917209625,0.9619515538215637,0.6262710094451904,0.49042585492134094,0.04988640174269676,0.033853329718112946,0.6277984380722046,0.5022395849227905,-0.28840628266334534,0.9393762350082397,0.6313552856445312,0.5161963105201721,0.050214529037475586,0.04648441821336746,0.630332887172699,0.5280706286430359,-0.31960931420326233,0.9190433025360107,0.6325283646583557,0.5183069109916687,0.030263813212513924,0.046993423253297806,0.6328924894332886,0.5257634520530701,-0.3128414750099182,0.9114165902137756,0.6310397386550903,0.508852481842041,0.038495320826768875,0.04834656044840813,0.6323868632316589,0.5174486637115479,-0.2849556505680084,0.8562120795249939,0.6010016798973083,0.48968568444252014,0.09662473201751709,0.995256781578064,0.6032018065452576,0.49083665013313293,-0.09672557562589645,0.9974942207336426,0.6040041446685791,0.6268397569656372,0.16286587715148926,0.3339576721191406,0.6072560548782349,0.6300026178359985,-0.031230270862579346,0.9433878064155579,0.5863656997680664,0.7710686326026917,0.2696991562843323,0.635880172252655,0.5899011492729187,0.7906751036643982,0.07537271827459335,0.9670336842536926,0.5790084004402161,0.7932133078575134,0.27553996443748474,0.714793860912323,0.5811368227005005,0.8146150708198547,0.08165257424116135,0.930753767490387,0.6208142638206482,0.7939541339874268,0.2224186807870865,0.783161461353302,0.629629909992218,0.8200931549072266,0.01217755489051342,0.9594151973724365,PD_Early,004_PD_01_MD.MOV
0.648147463798523,0.22770413756370544,-0.11942816525697708,0.985363781452179,0.6478211283683777,0.20604301989078522,-0.10940280556678772,0.9700642228126526,0.6471642851829529,0.20488399267196655,-0.10940789431333542,0.9659430980682373,0.646072506904602,0.20487383008003235,-0.10936597734689713,0.9722946882247925,0.6474370360374451,0.2056877166032791,-0.14157775044441223,0.9784929752349854,0.6467081308364868,0.20436638593673706,-0.14161626994609833,0.9804365038871765,0.6456310153007507,0.202704057097435,-0.14173616468906403,0.9835593700408936,0.6339913606643677,0.2096845656633377,-0.051201723515987396,0.9128668904304504,0.6359606385231018,0.20287346839904785,-0.1972370594739914,0.9765289425849915,0.642135500907898,0.23971837759017944,-0.09334882348775864,0.9731457233428955,0.641278088092804,0.23837211728096008,-0.13560514152050018,0.9863728880882263,0.6046826839447021,0.2822001576423645,0.0520450584590435,0.9935406446456909,0.6079157590866089,0.2820047438144684,-0.255876362323761,0.999900758266449,0.6089285612106323,0.3960263431072235,0.08737155795097351,0.014191226102411747,0.610810399055481,0.39992719888687134,-0.2906070649623871,0.9624459147453308,0.6277555227279663,0.48977768421173096,0.042771413922309875,0.03492685407400131,0.6304910778999329,0.5025768280029297,-0.28164711594581604,0.939893901348114,0.632591187953949,0.5160460472106934,0.042202118784189224,0.047431580722332,0.632214367389679,0.528380811214447,-0.3127375543117523,0.9191901683807373,0.6339477896690369,0.517924427986145,0.02103501930832863,0.04810057207942009,0.6345996856689453,0.5261956453323364,-0.3073901832103729,0.9115334153175354,0.6320831179618835,0.508066713809967,0.030829202383756638,0.049493640661239624,0.6343315243721008,0.5178030729293823,-0.2788233160972595,0.85588538646698,0.603896975517273,0.49054571986198425,0.09633219242095947,0.9954355955123901,0.6053632497787476,0.491232305765152,-0.0964403823018074,0.9974822998046875,0.6079432368278503,0.6268841028213501,0.17961236834526062,0.31897810101509094,0.6081315875053406,0.6306108236312866,-0.007442363537847996,0.9397515058517456,0.5937597155570984,0.7717504501342773,0.30330702662467957,0.6184413433074951,0.5911151170730591,0.7908853888511658,0.11485131084918976,0.9648590087890625,0.5866290330886841,0.7959631085395813,0.3114875555038452,0.7025077939033508,0.5833337306976318,0.8153219819068909,0.12254399806261063,0.9285345673561096,0.6294350028038025,0.7949773669242859,0.2652209997177124,0.7770383358001709,0.6308398842811584,0.8199317455291748,0.05353173986077309,0.9582309126853943,PD_Early,004_PD_01_MD.MOV
0.6506108641624451,0.22801467776298523,-0.11710693687200546,0.9845646023750305,0.649796724319458,0.20638492703437805,-0.10724687576293945,0.9689464569091797,0.6488761901855469,0.2051817774772644,-0.10725414752960205,0.9645484089851379,0.6479137539863586,0.20482385158538818,-0.1072179526090622,0.9714436531066895,0.6495187282562256,0.20599034428596497,-0.13951338827610016,0.9775221943855286,0.6486266255378723,0.2046620100736618,-0.13955040276050568,0.9794361591339111,0.6477250456809998,0.20311026275157928,-0.13966915011405945,0.9827731251716614,0.6351613998413086,0.20973657071590424,-0.04987498000264168,0.909741997718811,0.6380524039268494,0.20306438207626343,-0.19668371975421906,0.975558340549469,0.6439934372901917,0.23975035548210144,-0.09134120494127274,0.972316563129425,0.6436453461647034,0.23840953409671783,-0.1337234526872635,0.9857102632522583,0.6067549586296082,0.28233736753463745,0.053393296897411346,0.9934089183807373,0.6113213300704956,0.2816627323627472,-0.2566972076892853,0.9998942017555237,0.612015426158905,0.39595499634742737,0.09041137993335724,0.014159676618874073,0.6128891706466675,0.39959388971328735,-0.2923511266708374,0.9623000621795654,0.6288718581199646,0.4899154603481293,0.04886775463819504,0.03536472097039223,0.6307863593101501,0.5028374195098877,-0.28477972745895386,0.9401120543479919,0.6333549618721008,0.5162099599838257,0.050298672169446945,0.04768059402704239,0.6319182515144348,0.5284937024116516,-0.31635674834251404,0.9191734194755554,0.6343456506729126,0.5178765058517456,0.025701846927404404,0.048502400517463684,0.6345974206924438,0.526382327079773,-0.31067579984664917,0.9115071296691895,0.6331022381782532,0.508263885974884,0.03563247248530388,0.04998156428337097,0.6345728039741516,0.5180174708366394,-0.28194883465766907,0.8551788330078125,0.6059239506721497,0.49053293466567993,0.09687846153974533,0.9954435229301453,0.6085707545280457,0.49104049801826477,-0.09698187559843063,0.9972867965698242,0.610632061958313,0.6274781823158264,0.16582420468330383,0.30519959330558777,0.610899806022644,0.6303640604019165,-0.018103301525115967,0.9366255402565002,0.599280595779419,0.7758319973945618,0.27417048811912537,0.5978385806083679,0.5968223810195923,0.7902662754058838,0.07961726933717728,0.9617090821266174,0.5906449556350708,0.8017910718917847,0.28008806705474854,0.6859818696975708,0.5873816609382629,0.8153598308563232,0.08536810427904129,0.9232359528541565,0.6353317499160767,0.7985278964042664,0.2289840579032898,0.7659200429916382,0.6345683336257935,0.8165150284767151,0.019065607339143753,0.9556238651275635,PD_Early,004_PD_01_MD.MOV
0.6534222364425659,0.22804954648017883,-0.11645572632551193,0.9844252467155457,0.6524617671966553,0.2066890299320221,-0.10663582384586334,0.9691089391708374,0.6513990759849548,0.2054944634437561,-0.10664096474647522,0.9646130204200745,0.6503927707672119,0.20512859523296356,-0.10660512745380402,0.9716765880584717,0.6519978642463684,0.20630064606666565,-0.13895632326602936,0.9774683713912964,0.6512279510498047,0.20496633648872375,-0.13899366557598114,0.9792647957801819,0.6503226161003113,0.2034183144569397,-0.13911230862140656,0.9826672673225403,0.6374040246009827,0.20991569757461548,-0.049351971596479416,0.9101542234420776,0.6399078369140625,0.20322060585021973,-0.1964689940214157,0.9755745530128479,0.646116316318512,0.24006085097789764,-0.09071560949087143,0.9724329710006714,0.6458989381790161,0.2385321408510208,-0.13321654498577118,0.9855807423591614,0.6083498597145081,0.28249669075012207,0.05405043065547943,0.9934979677200317,0.6134185791015625,0.2815295159816742,-0.2562215328216553,0.9998912811279297,0.6124184727668762,0.39599159359931946,0.09098012000322342,0.014297339133918285,0.6139981746673584,0.3996443450450897,-0.291111022233963,0.9625939130783081,0.6290228366851807,0.49196165800094604,0.049138762056827545,0.03679204732179642,0.6311872601509094,0.5029455423355103,-0.28382548689842224,0.9414452910423279,0.6317923665046692,0.5188858509063721,0.050814803689718246,0.049053579568862915,0.6324930787086487,0.5285439491271973,-0.31501504778862,0.9206339716911316,0.6340816020965576,0.5187016129493713,0.027078276500105858,0.0500732958316803,0.6350125074386597,0.5264418721199036,-0.3094240725040436,0.9131947755813599,0.633273184299469,0.5087991952896118,0.03629698604345322,0.05155530944466591,0.634942889213562,0.5180697441101074,-0.2809745669364929,0.8571925759315491,0.6082508563995361,0.4905214011669159,0.09706661105155945,0.9954392313957214,0.6110824942588806,0.49080684781074524,-0.09717372059822083,0.9971004724502563,0.61214679479599,0.6287194490432739,0.15665332973003387,0.2937221825122833,0.6113530993461609,0.6298622488975525,-0.031005995348095894,0.9329509139060974,0.6028757095336914,0.7787278294563293,0.2561001479625702,0.5776342749595642,0.5990666151046753,0.7900027632713318,0.07097087800502777,0.9572606682777405,0.593447744846344,0.8039774894714355,0.2612321078777313,0.6701029539108276,0.5893568396568298,0.8152382373809814,0.0756625086069107,0.915610671043396,0.6396917104721069,0.8004172444343567,0.21157792210578918,0.7542387247085571,0.6361735463142395,0.8128405809402466,0.012428377754986286,0.9519749879837036,PD_Early,004_PD_01_MD.MOV
0.6569799780845642,0.2282378375530243,-0.1228683665394783,0.9834203124046326,0.6553240418434143,0.20631098747253418,-0.11287418007850647,0.9673917293548584,0.6542403101921082,0.2050527185201645,-0.1128840520977974,0.9626370668411255,0.6532571911811829,0.20436419546604156,-0.11285116523504257,0.970146656036377,0.6550406217575073,0.20590779185295105,-0.1458263397216797,0.9761788249015808,0.6540944576263428,0.20457705855369568,-0.1458698809146881,0.9779805541038513,0.65321946144104,0.203170508146286,-0.1459943801164627,0.9816475510597229,0.6402077078819275,0.21003517508506775,-0.05440492555499077,0.9056723117828369,0.6430515646934509,0.2031426578760147,-0.20398716628551483,0.974675178527832,0.6496493220329285,0.24011315405368805,-0.0965728834271431,0.9710331559181213,0.6493433713912964,0.23857876658439636,-0.1398620903491974,0.9849225878715515,0.6126285791397095,0.2826247215270996,0.04956161230802536,0.9932916164398193,0.6150721907615662,0.2815469205379486,-0.26272594928741455,0.9998874068260193,0.6146939992904663,0.39640453457832336,0.0850360319018364,0.01410069689154625,0.6154069900512695,0.3996833264827728,-0.2987712621688843,0.962948739528656,0.6284662485122681,0.49282699823379517,0.04216085746884346,0.03642325475811958,0.631402850151062,0.503093421459198,-0.29391592741012573,0.9423848390579224,0.6311612725257874,0.5198920369148254,0.04322609677910805,0.04848999157547951,0.6330750584602356,0.5286936163902283,-0.32563191652297974,0.9216023087501526,0.633342981338501,0.5185918211936951,0.01913631334900856,0.04956580698490143,0.6358391642570496,0.5266900658607483,-0.3199882209300995,0.9143047332763672,0.6330164074897766,0.5088717341423035,0.02914249338209629,0.051077816635370255,0.6356680989265442,0.5182811617851257,-0.29103919863700867,0.8584471344947815,0.6129709482192993,0.4888388216495514,0.09739722311496735,0.9951162338256836,0.611850917339325,0.488141268491745,-0.09749524295330048,0.9967564940452576,0.6187741160392761,0.6271817684173584,0.14336982369422913,0.28609374165534973,0.611998975276947,0.6250789761543274,-0.06101711466908455,0.9311267137527466,0.6119697690010071,0.7781623005867004,0.23715080320835114,0.5600302815437317,0.6028144955635071,0.7853280305862427,0.03602861985564232,0.9543031454086304,0.6022785305976868,0.8030964732170105,0.2416047900915146,0.6553946733474731,0.5932166576385498,0.810632586479187,0.04106263816356659,0.9098073244094849,0.6468935608863831,0.8021246790885925,0.19033482670783997,0.7435986399650574,0.6389590501785278,0.8108639717102051,-0.033199068158864975,0.9494497776031494,PD_Early,004_PD_01_MD.MOV
0.6588951349258423,0.22734563052654266,-0.11696303635835648,0.9828758835792542,0.6562090516090393,0.2031477838754654,-0.10722026228904724,0.9663069248199463,0.6552971601486206,0.202159583568573,-0.10724930465221405,0.9615047574043274,0.6542215943336487,0.20149558782577515,-0.10721588134765625,0.9692397713661194,0.6561983227729797,0.2027815729379654,-0.1401551067829132,0.975200355052948,0.6555187106132507,0.20175457000732422,-0.14020512998104095,0.9769942164421082,0.6547234058380127,0.20035767555236816,-0.14033979177474976,0.9808630347251892,0.6419312953948975,0.20548754930496216,-0.05099719390273094,0.9031895995140076,0.6437981128692627,0.20203542709350586,-0.2019958198070526,0.9739134907722473,0.6516962051391602,0.23932687938213348,-0.09172769635915756,0.9704276919364929,0.6515668034553528,0.23771822452545166,-0.13511911034584045,0.9846826195716858,0.6142154932022095,0.28256306052207947,0.0500606894493103,0.9932329058647156,0.6191828846931458,0.2808484435081482,-0.26086270809173584,0.9998863339424133,0.613698422908783,0.4004402756690979,0.08601165562868118,0.01398890558630228,0.6196437478065491,0.3994961082935333,-0.29812824726104736,0.9636445045471191,0.627679705619812,0.49604538083076477,0.04419683665037155,0.03672046214342117,0.6328295469284058,0.5031764507293701,-0.2877058982849121,0.9438624382019043,0.6290234923362732,0.5245429277420044,0.04514807462692261,0.04869522154331207,0.6339442729949951,0.5289193391799927,-0.31873708963394165,0.9231604337692261,0.6332010626792908,0.5237274765968323,0.021644942462444305,0.04980558156967163,0.6368808746337891,0.5281619429588318,-0.31306207180023193,0.9160138964653015,0.6326785683631897,0.5126415491104126,0.03150222450494766,0.051229797303676605,0.6367291808128357,0.519347608089447,-0.2847113311290741,0.8609048128128052,0.6138159036636353,0.48798105120658875,0.09702381491661072,0.994934618473053,0.6148199439048767,0.4870259463787079,-0.09709258377552032,0.9966111779212952,0.6219961047172546,0.6234906911849976,0.12976829707622528,0.2770354151725769,0.612045168876648,0.622572660446167,-0.0947665423154831,0.9300820231437683,0.6224083304405212,0.779771089553833,0.2164909392595291,0.5413002371788025,0.6046105027198792,0.7842012643814087,-0.010531925596296787,0.9521815776824951,0.6140528321266174,0.8057311177253723,0.22000934183597565,0.6395727396011353,0.59357088804245,0.8090391755104065,-0.0065420544706285,0.905133068561554,0.6534997820854187,0.802775502204895,0.16792763769626617,0.7320172190666199,0.6394520401954651,0.8112509846687317,-0.0844159796833992,0.9481785893440247,PD_Early,004_PD_01_MD.MOV
0.6618011593818665,0.22732102870941162,-0.1205684170126915,0.9828649163246155,0.6592052578926086,0.20332156121730804,-0.11093515902757645,0.9661657214164734,0.6584056615829468,0.20232202112674713,-0.11096271872520447,0.9613961577415466,0.6573810577392578,0.20160555839538574,-0.11093281209468842,0.9690292477607727,0.6591072678565979,0.20287908613681793,-0.1433572769165039,0.9750401377677917,0.6584545373916626,0.20182353258132935,-0.14340239763259888,0.976812481880188,0.6576434373855591,0.2005515843629837,-0.14352598786354065,0.9806902408599854,0.6461538076400757,0.20470979809761047,-0.05372930318117142,0.9028216004371643,0.6465932130813599,0.2021428793668747,-0.201219379901886,0.9740979671478271,0.6546861529350281,0.23938943445682526,-0.09490687400102615,0.9708450436592102,0.6543068289756775,0.23771992325782776,-0.1375282108783722,0.9850051999092102,0.617190957069397,0.2827107310295105,0.046685684472322464,0.9933122396469116,0.6209803223609924,0.2811243534088135,-0.25836607813835144,0.9998887181282043,0.6163050532341003,0.40118300914764404,0.07989675551652908,0.014130020514130592,0.6210147738456726,0.40045779943466187,-0.2936653196811676,0.9645373225212097,0.6284163594245911,0.4991898834705353,0.03535999357700348,0.03694024682044983,0.6331313252449036,0.5056216716766357,-0.2867545485496521,0.9453399777412415,0.6289681792259216,0.5281064510345459,0.03410036116838455,0.048738960176706314,0.6336294412612915,0.5324023365974426,-0.3179997503757477,0.924558699131012,0.6334369778633118,0.5283804535865784,0.011435252614319324,0.04991693049669266,0.6364713311195374,0.5335389971733093,-0.3138366937637329,0.9175540208816528,0.6332389116287231,0.5163655877113342,0.022817198187112808,0.051348812878131866,0.6365923285484314,0.5236623287200928,-0.28438201546669006,0.863029420375824,0.6161850690841675,0.48697757720947266,0.09552642703056335,0.9949766397476196,0.6145865321159363,0.4859484136104584,-0.09557833522558212,0.9966391921043396,0.6263886094093323,0.6223573088645935,0.1282869577407837,0.27246910333633423,0.6122673153877258,0.6221933960914612,-0.09412460774183273,0.9281956553459167,0.6280615329742432,0.7794758677482605,0.21645943820476532,0.5316009521484375,0.6032713651657104,0.7843599915504456,-0.007882867008447647,0.9495927095413208,0.6214929223060608,0.8081926107406616,0.22016343474388123,0.6294485926628113,0.5931196808815002,0.8091790676116943,-0.004265767987817526,0.8984590172767639,0.659217119216919,0.8027420043945312,0.1675991714000702,0.7271676659584045,0.6375522017478943,0.8123824000358582,-0.08491473644971848,0.9466343522071838,PD_Early,004_PD_01_MD.MOV
0.6643864512443542,0.2264438420534134,-0.12289773672819138,0.9836511015892029,0.6626625061035156,0.20278315246105194,-0.1134875938296318,0.9676740765571594,0.6616724729537964,0.20176491141319275,-0.11350749433040619,0.9630943536758423,0.6606312394142151,0.20099402964115143,-0.11347278952598572,0.9703434705734253,0.6624234914779663,0.20237278938293457,-0.14553707838058472,0.9760876297950745,0.6618173122406006,0.20136870443820953,-0.14558012783527374,0.9776974320411682,0.6610250473022461,0.20001068711280823,-0.14569711685180664,0.9813932776451111,0.6497699022293091,0.20367519557476044,-0.0557192824780941,0.9064969420433044,0.6499646306037903,0.20183376967906952,-0.20139263570308685,0.9753682017326355,0.6572780609130859,0.23859244585037231,-0.0969393327832222,0.9724069237709045,0.6571068167686462,0.23758363723754883,-0.13908551633358002,0.9858633875846863,0.6204754114151001,0.28272247314453125,0.045251693576574326,0.9935491681098938,0.6243179440498352,0.2811708152294159,-0.2575286030769348,0.999893844127655,0.6173860430717468,0.404530793428421,0.07755490392446518,0.014556373469531536,0.6232172250747681,0.4003317058086395,-0.29172325134277344,0.9652004837989807,0.6301161646842957,0.5007142424583435,0.0300876684486866,0.03767671808600426,0.6359358429908752,0.5058075785636902,-0.2852061092853546,0.9462340474128723,0.6296473741531372,0.531218945980072,0.026811083778738976,0.04937783628702164,0.6361847519874573,0.5330421924591064,-0.31623879075050354,0.9252345561981201,0.6349706053733826,0.5310711860656738,0.004952994640916586,0.05065114051103592,0.6394515633583069,0.5341711640357971,-0.3115334212779999,0.9182419180870056,0.635272204875946,0.5184909701347351,0.01766207441687584,0.052113812416791916,0.6396642327308655,0.524321973323822,-0.28244340419769287,0.8638556003570557,0.6213106513023376,0.487015038728714,0.09549617767333984,0.9951843619346619,0.617917001247406,0.48602595925331116,-0.09554682672023773,0.9968125820159912,0.6294660568237305,0.6224502325057983,0.1342492699623108,0.2702319920063019,0.6132442355155945,0.6222797632217407,-0.09215978533029556,0.9292773604393005,0.6394492983818054,0.7786841988563538,0.23359104990959167,0.5305009484291077,0.603158712387085,0.7843987345695496,-0.0020364101510494947,0.9490529894828796,0.6292943954467773,0.8123008012771606,0.23870651423931122,0.6247934103012085,0.5928437113761902,0.8102721571922302,0.0018836691742762923,0.894010603427887,0.6689473986625671,0.8015199899673462,0.18242543935775757,0.7281638383865356,0.6375268697738647,0.8140868544578552,-0.07738164067268372,0.9462629556655884,PD_Early,004_PD_01_MD.MOV
0.6673992872238159,0.22567568719387054,-0.12122534215450287,0.9843121767044067,0.665862500667572,0.20074844360351562,-0.1116623729467392,0.9689546823501587,0.6650428175926208,0.19984076917171478,-0.11167967319488525,0.9646544456481934,0.6639922261238098,0.1991184651851654,-0.1116446703672409,0.9714615345001221,0.6658558249473572,0.2005249261856079,-0.143692284822464,0.9768849015235901,0.6653216481208801,0.1994524747133255,-0.14373299479484558,0.9783890843391418,0.6646029353141785,0.198403462767601,-0.1438494622707367,0.9818243384361267,0.6529611349105835,0.20212432742118835,-0.054350316524505615,0.9096160531044006,0.653458297252655,0.20098775625228882,-0.2004634290933609,0.9763661026954651,0.6604711413383484,0.23807550966739655,-0.09538507461547852,0.9737159609794617,0.6599665880203247,0.2366151511669159,-0.13752871751785278,0.9865559935569763,0.6238123774528503,0.28262200951576233,0.0459430068731308,0.9937355518341064,0.6286966800689697,0.2811806797981262,-0.25714296102523804,0.9998984336853027,0.6201736330986023,0.40419167280197144,0.079292431473732,0.014879288151860237,0.6265560984611511,0.4001508951187134,-0.28968706727027893,0.9657970070838928,0.6316989064216614,0.501829206943512,0.030509959906339645,0.0381619818508625,0.6392821669578552,0.5057408213615417,-0.27832356095314026,0.946587085723877,0.6305747628211975,0.5325086712837219,0.027275817468762398,0.04970412328839302,0.6391278505325317,0.5330412983894348,-0.3081224262714386,0.925349235534668,0.6365043520927429,0.5329464673995972,0.005666529759764671,0.05104897543787956,0.6423923373222351,0.5342622399330139,-0.30537399649620056,0.9183391332626343,0.6372159719467163,0.5202242136001587,0.018153000622987747,0.05256890133023262,0.6426639556884766,0.5245108604431152,-0.2762073278427124,0.8637886643409729,0.6234856843948364,0.48682594299316406,0.09564413130283356,0.9953687787055969,0.6210052371025085,0.4858299493789673,-0.09570839256048203,0.9969794750213623,0.6325172185897827,0.6225201487541199,0.13701412081718445,0.2750789225101471,0.6148279905319214,0.6224204897880554,-0.08984968066215515,0.9326333403587341,0.6549670696258545,0.7759748101234436,0.24324660003185272,0.5411391258239746,0.6009491682052612,0.7851570248603821,-0.010829176753759384,0.9508746266365051,0.6508648991584778,0.8113052845001221,0.24870635569095612,0.6296778917312622,0.5909205675125122,0.8117094039916992,-0.008335825987160206,0.8939883708953857,0.6896029710769653,0.7908710837364197,0.19187451899051666,0.7354620695114136,0.6374763250350952,0.8176602721214294,-0.09042387455701828,0.9476855397224426,PD_Early,004_PD_01_MD.MOV
0.6690723896026611,0.2257053554058075,-0.12085600942373276,0.9849765300750732,0.6675216555595398,0.2005733698606491,-0.11124501377344131,0.9703310132026672,0.6667008996009827,0.19966571033000946,-0.11126327514648438,0.9662700891494751,0.6656248569488525,0.1989298313856125,-0.11122998595237732,0.9726983904838562,0.6676203608512878,0.20033472776412964,-0.14296557009220123,0.9778012633323669,0.6671035885810852,0.19934456050395966,-0.14300592243671417,0.9791946411132812,0.6664218902587891,0.19812411069869995,-0.14311929047107697,0.9824292659759521,0.6538525223731995,0.20204007625579834,-0.05392080545425415,0.9135496020317078,0.6554126143455505,0.20090951025485992,-0.1992565244436264,0.9775108695030212,0.6621807217597961,0.23812614381313324,-0.09513979405164719,0.9750959873199463,0.6615708470344543,0.2365700602531433,-0.13683129847049713,0.9872759580612183,0.6255592107772827,0.282735139131546,0.04660063609480858,0.9939334392547607,0.63091641664505,0.2812574803829193,-0.2562310993671417,0.9999020099639893,0.6211125254631042,0.40727928280830383,0.07650274783372879,0.015344575978815556,0.6296308636665344,0.4001891016960144,-0.28958603739738464,0.9663875102996826,0.6329706311225891,0.504980206489563,0.028954796493053436,0.038580894470214844,0.6405044794082642,0.5083694458007812,-0.2766110301017761,0.9469139575958252,0.6316377520561218,0.5367262959480286,0.02616732195019722,0.0499434657394886,0.6399204134941101,0.5359506011009216,-0.30643922090530396,0.9252578020095825,0.6371891498565674,0.5374168157577515,0.004762054421007633,0.05133301392197609,0.6435168385505676,0.5379008054733276,-0.3042159974575043,0.9182150363922119,0.6385651230812073,0.5248656868934631,0.016763057559728622,0.05290942266583443,0.6439477205276489,0.5277331471443176,-0.2748340666294098,0.8636596202850342,0.6236904263496399,0.4867992401123047,0.09562023729085922,0.9955718517303467,0.6222509741783142,0.4858629107475281,-0.09568605571985245,0.9971222877502441,0.6339733004570007,0.6229692101478577,0.1338111311197281,0.2772979140281677,0.6182741522789001,0.6224603056907654,-0.0932856872677803,0.9347054362297058,0.6588994860649109,0.7748226523399353,0.2274516373872757,0.5459237694740295,0.5995936989784241,0.7855649590492249,-0.01228391844779253,0.9516865611076355,0.6554859280586243,0.8104830980300903,0.23159246146678925,0.6300796270370483,0.5898042917251587,0.8123432397842407,-0.009549018926918507,0.8927858471870422,0.6901451945304871,0.7885711789131165,0.18015161156654358,0.7386914491653442,0.6372883915901184,0.8192620873451233,-0.0905076414346695,0.9481284618377686,PD_Early,004_PD_01_MD.MOV
0.6692551970481873,0.22548454999923706,-0.1092892587184906,0.9845941066741943,0.6677400469779968,0.20086321234703064,-0.10013093799352646,0.9693602919578552,0.6667727828025818,0.19994118809700012,-0.10015732795000076,0.965421736240387,0.6655665040016174,0.1992117017507553,-0.10013439506292343,0.9717018008232117,0.6680816411972046,0.20057809352874756,-0.1308622509241104,0.9768142104148865,0.6675853133201599,0.1994955837726593,-0.13090001046657562,0.9783018827438354,0.6665319800376892,0.1983107030391693,-0.1310143619775772,0.9813396334648132,0.653508722782135,0.202338308095932,-0.04393273964524269,0.9099218249320984,0.6560221314430237,0.20108851790428162,-0.1836029440164566,0.9766783714294434,0.6627023220062256,0.23814180493354797,-0.08401615917682648,0.9748350381851196,0.6623629331588745,0.23647290468215942,-0.12443656474351883,0.9871835112571716,0.6277554035186768,0.28313779830932617,0.056887850165367126,0.9940075874328613,0.6346622109413147,0.2811436653137207,-0.24231544137001038,0.9999043941497803,0.6232912540435791,0.4080107510089874,0.08710083365440369,0.015646127983927727,0.6341922283172607,0.3983800411224365,-0.2743716239929199,0.9667433500289917,0.6358509063720703,0.5045666694641113,0.04115818813443184,0.03965434059500694,0.6435334086418152,0.5058436989784241,-0.26596778631210327,0.9480987191200256,0.6349589824676514,0.5353859066963196,0.03844862058758736,0.05098344758152962,0.6440803408622742,0.5326271653175354,-0.29554224014282227,0.9267523288726807,0.6410964727401733,0.5359538197517395,0.016556520015001297,0.05241956561803818,0.6472770571708679,0.5342856049537659,-0.29325971007347107,0.9198241829872131,0.6415973901748657,0.5238470435142517,0.028866875916719437,0.05398331210017204,0.6470440030097961,0.5253035426139832,-0.2642193138599396,0.8659220337867737,0.6272069811820984,0.48764169216156006,0.09486810863018036,0.9956720471382141,0.6252194046974182,0.48616015911102295,-0.09493894875049591,0.9972171783447266,0.6388362050056458,0.6238054037094116,0.12871673703193665,0.28909778594970703,0.6190682649612427,0.6233033537864685,-0.10502481460571289,0.9374030232429504,0.6624730229377747,0.7749179005622864,0.21961082518100739,0.5595594644546509,0.5979090332984924,0.7856069207191467,-0.03178224712610245,0.95354163646698,0.6590790152549744,0.8096426129341125,0.22347202897071838,0.6371987462043762,0.588901937007904,0.8123510479927063,-0.029732147231698036,0.8925040364265442,0.6953719854354858,0.7897588014602661,0.17222604155540466,0.74631667137146,0.6368697285652161,0.8203126192092896,-0.1130904033780098,0.949798583984375,PD_Early,004_PD_01_MD.MOV
0.6718302965164185,0.2255484014749527,-0.10764472186565399,0.9841166138648987,0.6700409054756165,0.20099854469299316,-0.09844602644443512,0.9679589867591858,0.6690647602081299,0.1999787837266922,-0.09847447276115417,0.9640674591064453,0.6678539514541626,0.19936010241508484,-0.09845287352800369,0.9702474474906921,0.670457124710083,0.20074567198753357,-0.12915891408920288,0.9754822254180908,0.6699730753898621,0.19961102306842804,-0.1291949301958084,0.9770981073379517,0.6687915921211243,0.1983611285686493,-0.12930928170681,0.9798865914344788,0.6560298800468445,0.20312629640102386,-0.041509561240673065,0.9039798378944397,0.6588680744171143,0.20256367325782776,-0.18087314069271088,0.9753216505050659,0.6653537750244141,0.23866605758666992,-0.0821177214384079,0.9741415977478027,0.6651571393013,0.23759214580059052,-0.12250099331140518,0.9868642687797546,0.6332900524139404,0.2838923931121826,0.05841456726193428,0.994154155254364,0.6370995044708252,0.28149673342704773,-0.23868708312511444,0.9999052882194519,0.6291577816009521,0.4081589877605438,0.0887451097369194,0.016123928129673004,0.6376858949661255,0.39768272638320923,-0.2715842127799988,0.9664843678474426,0.644043505191803,0.5051794052124023,0.041089072823524475,0.04153395816683769,0.6480377316474915,0.5035830736160278,-0.2649315297603607,0.9485043287277222,0.6454498171806335,0.534819483757019,0.03781061992049217,0.05302966758608818,0.649604856967926,0.5295893549919128,-0.29439258575439453,0.9273754954338074,0.6497209668159485,0.5350596308708191,0.015599141828715801,0.054630208760499954,0.6519071459770203,0.5307555794715881,-0.29253140091896057,0.9204944968223572,0.6492372751235962,0.5232155919075012,0.02869747206568718,0.05615004152059555,0.6513469815254211,0.5224781632423401,-0.26329246163368225,0.8667104244232178,0.6340846419334412,0.49025556445121765,0.09409332275390625,0.995738685131073,0.6283400654792786,0.48861581087112427,-0.094166599214077,0.997295081615448,0.6410501599311829,0.6251611709594727,0.1316588670015335,0.2957088351249695,0.6222463846206665,0.6248015761375427,-0.10639989376068115,0.9390217065811157,0.6639378666877747,0.775699257850647,0.22543196380138397,0.5699059963226318,0.5971702933311462,0.7856640219688416,-0.033668678253889084,0.9547891616821289,0.6589168310165405,0.8093037605285645,0.22968806326389313,0.6434937119483948,0.5882675051689148,0.8125868439674377,-0.031477462500333786,0.8915034532546997,0.6970992684364319,0.7920240759849548,0.17881180346012115,0.7523722052574158,0.6367936730384827,0.8205403685569763,-0.114341139793396,0.9509064555168152,PD_Early,004_PD_01_MD.MOV
0.6749456524848938,0.22855384647846222,-0.10683751851320267,0.9847392439842224,0.6733242869377136,0.2045343816280365,-0.09759960323572159,0.969033420085907,0.6723597049713135,0.2033727765083313,-0.09762410819530487,0.9654185175895691,0.671146810054779,0.20251642167568207,-0.0975973978638649,0.9712170362472534,0.6736816763877869,0.20401273667812347,-0.12863191962242126,0.976151704788208,0.6731710433959961,0.20272772014141083,-0.1286684274673462,0.9777946472167969,0.672396719455719,0.20153169333934784,-0.12877807021141052,0.9803037643432617,0.6597591638565063,0.20505569875240326,-0.04131333529949188,0.9064249992370605,0.6621109843254089,0.2054135650396347,-0.1821935474872589,0.9760108590126038,0.6680785417556763,0.2415343075990677,-0.08160017430782318,0.975056529045105,0.6683291792869568,0.24112379550933838,-0.12246932834386826,0.9873115420341492,0.6342554092407227,0.28444650769233704,0.059047818183898926,0.9943955540657043,0.6402059197425842,0.28171518445014954,-0.24078699946403503,0.9999094605445862,0.628903329372406,0.4098570644855499,0.09100152552127838,0.016626494005322456,0.6405907869338989,0.3975756764411926,-0.27330151200294495,0.9675545692443848,0.6452198028564453,0.5067597031593323,0.04833380877971649,0.04376247152686119,0.6513398885726929,0.5029730200767517,-0.2669767439365387,0.9505609273910522,0.6465938687324524,0.5362201929092407,0.0468859039247036,0.05524703487753868,0.6524503827095032,0.5287958979606628,-0.29678231477737427,0.9299498796463013,0.6515670418739319,0.5362172722816467,0.02426826022565365,0.056982435286045074,0.654994785785675,0.5299889445304871,-0.2942456007003784,0.923305094242096,0.6516005396842957,0.5243273973464966,0.03590046986937523,0.05836337059736252,0.6546398401260376,0.5218861699104309,-0.2651263177394867,0.8707327842712402,0.6349422335624695,0.4902052581310272,0.0937461107969284,0.995908796787262,0.6299141049385071,0.48852476477622986,-0.09382209926843643,0.9974222779273987,0.6444194316864014,0.62515789270401,0.1235210970044136,0.3003496527671814,0.6241562962532043,0.6252503395080566,-0.11460485309362411,0.9406841397285461,0.665547251701355,0.7760702967643738,0.21140789985656738,0.5774582624435425,0.5971282124519348,0.7856898903846741,-0.0418037511408329,0.9562028050422668,0.6617562770843506,0.8090187311172485,0.21495281159877777,0.6474913954734802,0.5880966186523438,0.8128459453582764,-0.03978170081973076,0.8919116854667664,0.6975719332695007,0.7934579253196716,0.16249965131282806,0.7574552297592163,0.6367043852806091,0.8205043077468872,-0.12441771477460861,0.9524258375167847,PD_Early,004_PD_01_MD.MOV
0.6784677505493164,0.229554682970047,-0.10660243034362793,0.984610378742218,0.677655816078186,0.20592476427555084,-0.09724830836057663,0.9684780240058899,0.6767339706420898,0.20466792583465576,-0.09727200865745544,0.9649247527122498,0.6755303144454956,0.20372730493545532,-0.09724478423595428,0.9705304503440857,0.6778838634490967,0.20529162883758545,-0.1284288614988327,0.9754456281661987,0.6773356199264526,0.20388303697109222,-0.1284635365009308,0.9772520065307617,0.6766056418418884,0.20268699526786804,-0.12857210636138916,0.9794800877571106,0.6631587743759155,0.20932871103286743,-0.04101065918803215,0.9025845527648926,0.6671293377876282,0.20590008795261383,-0.18270908296108246,0.9750908613204956,0.6714804172515869,0.24293367564678192,-0.08137357980012894,0.9744430780410767,0.6717994809150696,0.2425379753112793,-0.12248693406581879,0.9868959188461304,0.6378219127655029,0.2850998342037201,0.06007548049092293,0.9946269989013672,0.6442277431488037,0.28187480568885803,-0.24189716577529907,0.9999128580093384,0.6331301331520081,0.4097341299057007,0.09445089846849442,0.0163953248411417,0.6440208554267883,0.39709025621414185,-0.27440309524536133,0.9672380089759827,0.6519462466239929,0.5063152313232422,0.05530168116092682,0.043891362845897675,0.6559617519378662,0.501915454864502,-0.2680453062057495,0.9512037634849548,0.6549158096313477,0.5357264280319214,0.05519944429397583,0.0554092675447464,0.6573421359062195,0.5281792879104614,-0.29793813824653625,0.931043267250061,0.6579007506370544,0.535749077796936,0.031457893550395966,0.05722597986459732,0.6596716642379761,0.5291449427604675,-0.2949235737323761,0.92461097240448,0.6574755907058716,0.523682713508606,0.04257100820541382,0.058580100536346436,0.6590982675552368,0.5209946036338806,-0.266033411026001,0.8721957206726074,0.6416680216789246,0.49056476354599,0.09429028630256653,0.996043860912323,0.6352955102920532,0.48875924944877625,-0.09438911080360413,0.9975233674049377,0.6481075882911682,0.6259303689002991,0.12579062581062317,0.29811525344848633,0.6283274292945862,0.6269336342811584,-0.11163236200809479,0.9404164552688599,0.6662007570266724,0.7796117663383484,0.2123420387506485,0.5779803395271301,0.597150444984436,0.7859469652175903,-0.04318516328930855,0.9563743472099304,0.6628120541572571,0.8088602423667908,0.21660694479942322,0.6479184627532959,0.5878263115882874,0.8128834366798401,-0.04105211794376373,0.8894191384315491,0.6993855237960815,0.795993447303772,0.1708291471004486,0.7574628591537476,0.6365947127342224,0.8208852410316467,-0.12294794619083405,0.9528063535690308,PD_Early,004_PD_01_MD.MOV
0.6842126250267029,0.22997106611728668,-0.1031566932797432,0.9841652512550354,0.6825081706047058,0.20682166516780853,-0.09383776038885117,0.9672487378120422,0.6814901828765869,0.205497145652771,-0.09386152774095535,0.9638159871101379,0.679692268371582,0.20438289642333984,-0.09382715076208115,0.9692476391792297,0.6829013228416443,0.20614637434482574,-0.1249370202422142,0.974250316619873,0.6818054914474487,0.2045903205871582,-0.12496921420097351,0.9763336777687073,0.6811460256576538,0.20335258543491364,-0.12507835030555725,0.9782048463821411,0.6669789552688599,0.21015125513076782,-0.03858736902475357,0.8968377709388733,0.6720959544181824,0.20596036314964294,-0.17991848289966583,0.9734897017478943,0.6761884689331055,0.24286270141601562,-0.0783662274479866,0.9728808999061584,0.6768067479133606,0.24235235154628754,-0.11936375498771667,0.9858756065368652,0.640730082988739,0.2851601243019104,0.06289520114660263,0.994809091091156,0.6494397521018982,0.28174278140068054,-0.24110665917396545,0.9999147653579712,0.6374711394309998,0.4090798795223236,0.09482093900442123,0.01591723971068859,0.6497312784194946,0.3963247537612915,-0.2730172276496887,0.9664624929428101,0.655941367149353,0.5049204230308533,0.05354995280504227,0.042841486632823944,0.6611007452011108,0.49973365664482117,-0.26585227251052856,0.9509540796279907,0.6584895253181458,0.5345529913902283,0.05341310799121857,0.05423332378268242,0.6620142459869385,0.5264444947242737,-0.29538723826408386,0.9310896396636963,0.6605826616287231,0.5344171524047852,0.02999948337674141,0.056073423475027084,0.6639415621757507,0.5275741815567017,-0.29146820306777954,0.9248508214950562,0.6603911519050598,0.5222474932670593,0.04090108722448349,0.05739107355475426,0.663469672203064,0.5194991230964661,-0.2634471356868744,0.8718916773796082,0.6449236273765564,0.49098822474479675,0.09510728716850281,0.9962037801742554,0.638953447341919,0.4891784191131592,-0.09523854404687881,0.9976310729980469,0.6524912714958191,0.6281240582466125,0.1347551792860031,0.29993125796318054,0.6348997950553894,0.6283702850341797,-0.10613583028316498,0.9418058395385742,0.6654152274131775,0.7799692749977112,0.2331787496805191,0.5881946086883545,0.5982782244682312,0.7861686944961548,-0.03929147496819496,0.9579145312309265,0.6615246534347534,0.8087191581726074,0.23798935115337372,0.6555341482162476,0.5878415703773499,0.8124141097068787,-0.03727106377482414,0.8903651833534241,0.7007420659065247,0.7989189028739929,0.18817749619483948,0.7640419006347656,0.6365369558334351,0.8218006491661072,-0.11549156159162521,0.954545795917511,PD_Early,004_PD_01_MD.MOV
0.6859304904937744,0.23040495812892914,-0.10399360954761505,0.9840554594993591,0.6842072606086731,0.20784525573253632,-0.0947456806898117,0.9668837189674377,0.6829047799110413,0.2064112275838852,-0.09476806968450546,0.9635773301124573,0.681577742099762,0.20520108938217163,-0.0947343036532402,0.9688859581947327,0.6845285892486572,0.2070562243461609,-0.12573860585689545,0.9736886620521545,0.683546781539917,0.20537298917770386,-0.12577053904533386,0.9758437871932983,0.6829015612602234,0.20399999618530273,-0.1258780062198639,0.9774551391601562,0.6690608859062195,0.21072152256965637,-0.039487313479185104,0.8947157263755798,0.6741694211959839,0.20595785975456238,-0.18058131635189056,0.9726783037185669,0.6785217523574829,0.24280878901481628,-0.07927118241786957,0.9721182584762573,0.6789151430130005,0.2422189712524414,-0.12012486159801483,0.9852616190910339,0.6432081460952759,0.28518804907798767,0.06188170984387398,0.9949999451637268,0.6513011455535889,0.2816508710384369,-0.24136395752429962,0.9999160170555115,0.6376774311065674,0.4088262915611267,0.09445647895336151,0.015580582432448864,0.6520528197288513,0.39535990357398987,-0.27304190397262573,0.9657907485961914,0.6564626097679138,0.5042024254798889,0.053113482892513275,0.04213184118270874,0.663409411907196,0.4975924491882324,-0.2646208703517914,0.9507148861885071,0.6585671305656433,0.5338824391365051,0.05307657644152641,0.053510747849941254,0.6634834408760071,0.523993968963623,-0.2941131293773651,0.93114173412323,0.6614852547645569,0.5339829325675964,0.028724756091833115,0.05538693070411682,0.665862500667572,0.5249695777893066,-0.2896236479282379,0.9250952005386353,0.6617173552513123,0.5218184590339661,0.04020630195736885,0.05672277510166168,0.6658132076263428,0.5168750286102295,-0.2619478702545166,0.8718034029006958,0.6457884907722473,0.491013765335083,0.09557604044675827,0.9963651299476624,0.6409193873405457,0.48918864130973816,-0.09572276473045349,0.9977214336395264,0.6537201404571533,0.6296294331550598,0.1412586122751236,0.29967206716537476,0.6394315361976624,0.6294766664505005,-0.10077332705259323,0.9431967735290527,0.6657397150993347,0.7798677682876587,0.24479202926158905,0.5960052609443665,0.5997069478034973,0.7864915132522583,-0.03472866490483284,0.9590304493904114,0.6602071523666382,0.8083482980728149,0.2501007616519928,0.6612676382064819,0.5879225134849548,0.8116378784179688,-0.032914236187934875,0.8906732201576233,0.7011913061141968,0.8006088137626648,0.20141151547431946,0.7688683867454529,0.6364663243293762,0.8218803405761719,-0.1024540588259697,0.955670952796936,PD_Early,004_PD_01_MD.MOV
0.6898975372314453,0.23052366077899933,-0.10538046807050705,0.9842225909233093,0.6886444687843323,0.20811572670936584,-0.09636568278074265,0.9668751955032349,0.6877313256263733,0.20660772919654846,-0.09638408571481705,0.9636354446411133,0.6866579055786133,0.2053028792142868,-0.09635186195373535,0.9689279198646545,0.688737690448761,0.20742571353912354,-0.12739057838916779,0.973537266254425,0.6880694031715393,0.20572854578495026,-0.1274200826883316,0.9757809638977051,0.6867873668670654,0.2042485475540161,-0.12751522660255432,0.9772005081176758,0.6728551387786865,0.21074998378753662,-0.04230765998363495,0.8939142227172852,0.6780411005020142,0.20567256212234497,-0.18377698957920074,0.9725772738456726,0.681485116481781,0.242509663105011,-0.08121845126152039,0.9718482494354248,0.6815088987350464,0.2413627952337265,-0.12217520922422409,0.9849125742912292,0.6476392149925232,0.2846375107765198,0.06124602630734444,0.9952453970909119,0.6537395715713501,0.2816298305988312,-0.2458042949438095,0.999918520450592,0.6469665765762329,0.39952242374420166,0.09398972988128662,0.015441955998539925,0.6559418439865112,0.39542391896247864,-0.27363303303718567,0.9663956761360168,0.6613477468490601,0.501059889793396,0.05587369576096535,0.042086657136678696,0.667404294013977,0.49735593795776367,-0.26482313871383667,0.9517014026641846,0.6650657653808594,0.5298826098442078,0.056848276406526566,0.05352677032351494,0.6677005887031555,0.5235786437988281,-0.2940932810306549,0.9325025677680969,0.6667627692222595,0.5316023826599121,0.032739363610744476,0.055474650114774704,0.6700916886329651,0.5244767665863037,-0.28969067335128784,0.9267500042915344,0.6660774350166321,0.5202928185462952,0.043148208409547806,0.056883860379457474,0.6698504090309143,0.5165216326713562,-0.2621678113937378,0.8742533922195435,0.6490799188613892,0.4894551634788513,0.0968993753194809,0.9965007901191711,0.6440679430961609,0.48821932077407837,-0.09704876691102982,0.9977535605430603,0.6566446423530579,0.6323800086975098,0.13427844643592834,0.2945115268230438,0.6462485790252686,0.630679190158844,-0.10032261908054352,0.9437417387962341,0.665120005607605,0.7803139090538025,0.22709600627422333,0.597055971622467,0.6017283201217651,0.7840009927749634,-0.025619668886065483,0.9593062400817871,0.6597262024879456,0.8082071542739868,0.23121115565299988,0.6616896986961365,0.58807772397995,0.8063948750495911,-0.02117142267525196,0.8900402188301086,0.7014536261558533,0.8017429709434509,0.1823101043701172,0.7690801024436951,0.6363505125045776,0.8218531608581543,-0.08612341433763504,0.9559853076934814,PD_Early,004_PD_01_MD.MOV
0.6920185089111328,0.23105080425739288,-0.11621063202619553,0.9845901727676392,0.6914445161819458,0.2092098444700241,-0.10746652632951736,0.9670031070709229,0.6906444430351257,0.20754282176494598,-0.10748175531625748,0.9637693762779236,0.6892277002334595,0.20598472654819489,-0.10744881629943848,0.9690932035446167,0.6914455890655518,0.20861698687076569,-0.13848096132278442,0.9735115170478821,0.6908311247825623,0.2068219780921936,-0.13850809633731842,0.9757580161094666,0.6895879507064819,0.20515218377113342,-0.13859595358371735,0.9769644141197205,0.6760503649711609,0.21122680604457855,-0.05286271125078201,0.893075168132782,0.6805232167243958,0.20568804442882538,-0.1942581832408905,0.9723197817802429,0.6846272945404053,0.24248763918876648,-0.09148281067609787,0.9715630412101746,0.6847442984580994,0.24140936136245728,-0.13245555758476257,0.9845365881919861,0.6506373286247253,0.28357741236686707,0.05366326496005058,0.995561957359314,0.657731831073761,0.2811393737792969,-0.25513529777526855,0.9999218583106995,0.650715172290802,0.3950223922729492,0.09017156064510345,0.015421245247125626,0.6606875061988831,0.3954722583293915,-0.28409308195114136,0.966908872127533,0.6652795672416687,0.49700555205345154,0.054185666143894196,0.04265604913234711,0.6726940870285034,0.4972890317440033,-0.2698640525341034,0.9520673751831055,0.6686474680900574,0.5247430801391602,0.05521354451775551,0.05427388474345207,0.6732427477836609,0.5232821106910706,-0.29935309290885925,0.9329915642738342,0.6708320379257202,0.5274314284324646,0.031218048185110092,0.0563238188624382,0.6755313277244568,0.5240678787231445,-0.2937343418598175,0.9275280833244324,0.6700429916381836,0.517250657081604,0.04154909774661064,0.057749778032302856,0.6751009821891785,0.5162104368209839,-0.2667433023452759,0.8754409551620483,0.6524055004119873,0.4894271194934845,0.09929106384515762,0.9966804385185242,0.6489555239677429,0.4882194697856903,-0.0994550809264183,0.9978066682815552,0.6602818369865417,0.6336740851402283,0.1404828429222107,0.28835463523864746,0.6521040201187134,0.63093501329422,-0.09886838495731354,0.9453884959220886,0.6644980311393738,0.7818140387535095,0.24136683344841003,0.5997946262359619,0.6055951714515686,0.7758610248565674,-0.006439961958676577,0.9602739810943604,0.6593196988105774,0.8084919452667236,0.2464067041873932,0.6611435413360596,0.5904399752616882,0.7958680391311646,-0.00018070983060169965,0.8916148543357849,0.7022212147712708,0.8022894859313965,0.19890914857387543,0.7703762650489807,0.6362064480781555,0.8221712708473206,-0.06303701549768448,0.9571029543876648,PD_Early,004_PD_01_MD.MOV
0.6933205723762512,0.22978760302066803,-0.11690172553062439,0.984211802482605,0.6916540861129761,0.20775750279426575,-0.10838610678911209,0.965236485004425,0.6908180117607117,0.20627300441265106,-0.10840417444705963,0.9620357751846313,0.6896442174911499,0.20490363240242004,-0.10837238281965256,0.9677135348320007,0.6919543147087097,0.20720966160297394,-0.1390564739704132,0.9716969728469849,0.6915117502212524,0.20560011267662048,-0.1390819251537323,0.9740442037582397,0.6908050179481506,0.20410782098770142,-0.1391782909631729,0.9749348163604736,0.677287220954895,0.2109725922346115,-0.05489538609981537,0.8869288563728333,0.6826229691505432,0.20422300696372986,-0.19451433420181274,0.9697608351707458,0.6866005659103394,0.2413916438817978,-0.09248047322034836,0.9694799184799194,0.6869756579399109,0.2410190999507904,-0.13297848403453827,0.9831025004386902,0.6517008543014526,0.2833285629749298,0.05092630162835121,0.9958323240280151,0.661274254322052,0.28047487139701843,-0.2548889219760895,0.9999228119850159,0.6482623815536499,0.3993692696094513,0.08686678111553192,0.015441040508449078,0.6632167100906372,0.3955009877681732,-0.2841663658618927,0.96617591381073,0.6666244864463806,0.4961344301700592,0.05321601778268814,0.043906472623348236,0.6750268340110779,0.49736690521240234,-0.26987701654434204,0.9515213370323181,0.6676365733146667,0.5245189666748047,0.05382203310728073,0.05581502243876457,0.6764103174209595,0.5232179164886475,-0.2994146943092346,0.9325453639030457,0.6716756224632263,0.5270487070083618,0.03017963282763958,0.05801285430788994,0.6780888438224792,0.5239505767822266,-0.2938336431980133,0.9272376298904419,0.6710955500602722,0.5168838500976562,0.04059363529086113,0.0593632236123085,0.6774746775627136,0.5161652565002441,-0.2668004631996155,0.8749563097953796,0.6534693837165833,0.489475280046463,0.09985661506652832,0.9968737363815308,0.6516991853713989,0.48820286989212036,-0.10003085434436798,0.9978901147842407,0.6643475890159607,0.633660078048706,0.15106138586997986,0.2847459018230438,0.655254602432251,0.6309218406677246,-0.09619114547967911,0.9471352696418762,0.6649133563041687,0.7818718552589417,0.2613288164138794,0.6068203449249268,0.6084199547767639,0.7726051211357117,0.002328350441530347,0.9614595174789429,0.6598604321479797,0.8085451126098633,0.26737648248672485,0.6642356514930725,0.5926844477653503,0.7907602787017822,0.008800842799246311,0.8927803039550781,0.7040759921073914,0.8025087118148804,0.22190745174884796,0.7751240730285645,0.6364120841026306,0.8221940994262695,-0.05345119908452034,0.9585199356079102,PD_Early,004_PD_01_MD.MOV
0.6952556371688843,0.23146599531173706,-0.11616832762956619,0.9843051433563232,0.6933002471923828,0.20987524092197418,-0.10774063318967819,0.9644639492034912,0.6924769282341003,0.2084079384803772,-0.10776149481534958,0.961219310760498,0.6914138793945312,0.207044318318367,-0.10773221403360367,0.9671053886413574,0.6935771107673645,0.20930716395378113,-0.13842855393886566,0.9710644483566284,0.6931197643280029,0.20770016312599182,-0.13845475018024445,0.973540723323822,0.6924992203712463,0.20616136491298676,-0.13855117559432983,0.9741469621658325,0.6793223023414612,0.21193857491016388,-0.05375681817531586,0.8833817839622498,0.684288740158081,0.20610223710536957,-0.19350478053092957,0.968759298324585,0.6890315413475037,0.24213211238384247,-0.09151086211204529,0.9685015678405762,0.6894800066947937,0.24210309982299805,-0.13208912312984467,0.9823431372642517,0.6549292206764221,0.28317978978157043,0.05123823508620262,0.9961274862289429,0.6644012331962585,0.2804470956325531,-0.25360533595085144,0.9999246597290039,0.6539974212646484,0.3995806574821472,0.09274034947156906,0.01579299196600914,0.6678596138954163,0.39555639028549194,-0.28311264514923096,0.9665337800979614,0.671282947063446,0.4942702054977417,0.06261401623487473,0.04611412063241005,0.6793304681777954,0.49750450253486633,-0.2681785225868225,0.9520359039306641,0.674678385257721,0.5212333798408508,0.06455466896295547,0.05834196135401726,0.681121826171875,0.5231767296791077,-0.2980983853340149,0.9332364201545715,0.6768831014633179,0.5238487720489502,0.039926595985889435,0.060776833444833755,0.6818954348564148,0.5237475037574768,-0.29271334409713745,0.9282007217407227,0.6749115586280823,0.5153638124465942,0.050071753561496735,0.061921000480651855,0.6810799837112427,0.5159943103790283,-0.26521849632263184,0.8763793110847473,0.6581558585166931,0.48959383368492126,0.10021403431892395,0.9970768094062805,0.654286801815033,0.48838773369789124,-0.10038728266954422,0.9979677796363831,0.6685510873794556,0.6344099044799805,0.14878077805042267,0.28257137537002563,0.6604238152503967,0.6317059397697449,-0.09305091947317123,0.9487361907958984,0.6652320623397827,0.7822367548942566,0.25485533475875854,0.6148130297660828,0.6127443313598633,0.7677040696144104,0.010743795894086361,0.9629276394844055,0.6602116823196411,0.8090091347694397,0.2604542374610901,0.6688176989555359,0.5974302291870117,0.7810750007629395,0.017944371327757835,0.8958017230033875,0.7033278346061707,0.8035303950309753,0.21341176331043243,0.7803621888160706,0.6364061236381531,0.8223751187324524,-0.04181256145238876,0.9603559970855713,PD_Early,004_PD_01_MD.MOV
0.6982814073562622,0.23410417139530182,-0.11733992397785187,0.9847376942634583,0.6961618065834045,0.21329818665981293,-0.10861358791589737,0.9646625518798828,0.6953269243240356,0.211834117770195,-0.10863867402076721,0.9614123702049255,0.6942842602729797,0.21050766110420227,-0.10861234366893768,0.9673075079917908,0.6962770819664001,0.21253693103790283,-0.1396365910768509,0.9713788032531738,0.6956945061683655,0.21077367663383484,-0.13966110348701477,0.9739024639129639,0.6949793100357056,0.2090686857700348,-0.13975362479686737,0.9742829203605652,0.6820114850997925,0.21350805461406708,-0.05304693803191185,0.8827748894691467,0.6864545941352844,0.20838923752307892,-0.1941032111644745,0.9689412713050842,0.6922702193260193,0.24374471604824066,-0.09192907810211182,0.968472421169281,0.6926246881484985,0.24374619126319885,-0.13293331861495972,0.9822309017181396,0.6583892107009888,0.28323855996131897,0.05138156935572624,0.9964317679405212,0.6665025353431702,0.28065356612205505,-0.25463518500328064,0.9999274611473083,0.6615625023841858,0.3972856104373932,0.09488280117511749,0.016541840508580208,0.6703538298606873,0.395588755607605,-0.287291556596756,0.9672049283981323,0.6749590635299683,0.4932510256767273,0.061723627150058746,0.049541909247636795,0.6822425127029419,0.4972088932991028,-0.27717557549476624,0.9530665278434753,0.6785900592803955,0.5209128856658936,0.06319092214107513,0.062129225581884384,0.6844583749771118,0.5232015252113342,-0.3096548020839691,0.934598982334137,0.6792344450950623,0.5238277316093445,0.03817638009786606,0.06481776386499405,0.6850219368934631,0.5238162279129028,-0.3033912479877472,0.9298463463783264,0.6778537034988403,0.5154070854187012,0.04906793311238289,0.06571435928344727,0.6841543316841125,0.5160136222839355,-0.27406057715415955,0.8787373900413513,0.6622374057769775,0.4896961450576782,0.10190945118665695,0.9972992539405823,0.6568639874458313,0.4885985851287842,-0.10209054499864578,0.9980838894844055,0.6732989549636841,0.6344123482704163,0.16378253698349,0.2821287214756012,0.6668307185173035,0.633201539516449,-0.08546710014343262,0.9508403539657593,0.6654451489448547,0.7821733951568604,0.28104713559150696,0.6240952014923096,0.6192720532417297,0.7622088193893433,0.028618663549423218,0.9648033976554871,0.6599344611167908,0.8074791431427002,0.28804340958595276,0.6760857701301575,0.6041169762611389,0.7734981775283813,0.03721149265766144,0.8999629020690918,0.7010391354560852,0.8046150803565979,0.24108047783374786,0.7872716188430786,0.6379794478416443,0.820488452911377,-0.02135905809700489,0.9626041650772095,PD_Early,004_PD_01_MD.MOV
0.6998767256736755,0.23531052470207214,-0.12656550109386444,0.9855624437332153,0.697591245174408,0.21417932212352753,-0.11704560369253159,0.9661064147949219,0.6967700123786926,0.2127024382352829,-0.11707742512226105,0.9629380702972412,0.6957558393478394,0.2113671451807022,-0.11705601960420609,0.9686810970306396,0.6975733637809753,0.21341800689697266,-0.14871247112751007,0.9725883603096008,0.6969277858734131,0.21163994073867798,-0.14873431622982025,0.9750066995620728,0.6961632370948792,0.20991966128349304,-0.14881806075572968,0.9752976894378662,0.683803379535675,0.2148643136024475,-0.05859414115548134,0.8873664140701294,0.686731219291687,0.20932787656784058,-0.20303459465503693,0.9701704978942871,0.693920373916626,0.24471503496170044,-0.10012347996234894,0.9695938229560852,0.6940456628799438,0.24478940665721893,-0.14207960665225983,0.9828028678894043,0.6606502532958984,0.2833784222602844,0.04811586067080498,0.9967291355133057,0.666480302810669,0.281745970249176,-0.2627033293247223,0.999929666519165,0.6643972396850586,0.3977699875831604,0.09069549292325974,0.017756344750523567,0.6715599298477173,0.3976808488368988,-0.2993740141391754,0.9678267240524292,0.6756642460823059,0.49560829997062683,0.0601687878370285,0.05424313619732857,0.684444010257721,0.4977470636367798,-0.2912672460079193,0.9536471962928772,0.6772976517677307,0.5247882604598999,0.06296753138303757,0.0673585906624794,0.686707615852356,0.5244290828704834,-0.32600072026252747,0.9352465271949768,0.6783620715141296,0.5280138850212097,0.03565604239702225,0.07022707909345627,0.6875203251838684,0.5248579978942871,-0.3185383379459381,0.9307170510292053,0.6778075098991394,0.5181226134300232,0.04746441915631294,0.07071588188409805,0.6868342757225037,0.5170660614967346,-0.2879478633403778,0.8800079226493835,0.6615458130836487,0.4901539981365204,0.10274345427751541,0.9975181221961975,0.6594656705856323,0.4890522062778473,-0.10291643440723419,0.9981905221939087,0.6721749901771545,0.6342719197273254,0.16774895787239075,0.2831434905529022,0.6732935309410095,0.6337711811065674,-0.08053137362003326,0.9531860947608948,0.6647253632545471,0.7821401953697205,0.2851674258708954,0.6328912973403931,0.624658465385437,0.75913405418396,0.047962915152311325,0.9666465520858765,0.6588755249977112,0.8062098026275635,0.2922188639640808,0.6825636029243469,0.60756516456604,0.768990695476532,0.05837167054414749,0.9041898846626282,0.6999394297599792,0.8060747385025024,0.24568352103233337,0.7938678860664368,0.6401395201683044,0.8168540596961975,0.0030156634747982025,0.9647004008293152,PD_Early,004_PD_01_MD.MOV
0.7009583711624146,0.23902007937431335,-0.12482356280088425,0.9857829213142395,0.6990472674369812,0.21637871861457825,-0.11582570523023605,0.96583491563797,0.698228120803833,0.2148514986038208,-0.1158311665058136,0.9628024697303772,0.6965141892433167,0.21663925051689148,-0.11579353362321854,0.96866375207901,0.6990388631820679,0.21559417247772217,-0.1474563628435135,0.9723038673400879,0.6984083652496338,0.21373960375785828,-0.14749319851398468,0.9748170375823975,0.6976472735404968,0.21200275421142578,-0.14760085940361023,0.9749077558517456,0.685121476650238,0.21619749069213867,-0.056885283440351486,0.8873084783554077,0.6876968145370483,0.21123971045017242,-0.20042143762111664,0.9696076512336731,0.6954285502433777,0.24761530756950378,-0.0981331616640091,0.9688478112220764,0.6955733895301819,0.24754460155963898,-0.13982082903385162,0.9821101427078247,0.6622712016105652,0.2838704288005829,0.04920089617371559,0.9969882369041443,0.6681329011917114,0.28290095925331116,-0.25992000102996826,0.9999303221702576,0.6647826433181763,0.398806095123291,0.08878549933433533,0.018263941630721092,0.6734201312065125,0.39914005994796753,-0.2949379086494446,0.9685053825378418,0.6760854721069336,0.5026179552078247,0.05987865477800369,0.05779287591576576,0.6869738698005676,0.49857139587402344,-0.2855120897293091,0.9542011618614197,0.6785892844200134,0.5324461460113525,0.06325262039899826,0.0716167688369751,0.6897399425506592,0.5256998538970947,-0.3186393976211548,0.936064600944519,0.6798533201217651,0.5344654321670532,0.0373070053756237,0.07448267936706543,0.6906476616859436,0.5261944532394409,-0.31200727820396423,0.9317662119865417,0.6798530220985413,0.5230088829994202,0.04748685285449028,0.07454820722341537,0.689868688583374,0.5182200074195862,-0.2822992205619812,0.8817602396011353,0.6604548692703247,0.4901547431945801,0.10281027108430862,0.9976864457130432,0.6628404259681702,0.4890468418598175,-0.10296570509672165,0.9982439279556274,0.6699295043945312,0.6333985328674316,0.1613587737083435,0.2762129306793213,0.6821204423904419,0.6333003640174866,-0.09557058662176132,0.9554405808448792,0.6643105745315552,0.7775096297264099,0.27224430441856384,0.6338101029396057,0.6329594850540161,0.7571399211883545,0.028269924223423004,0.968132734298706,0.658074676990509,0.7938826680183411,0.2784554660320282,0.6814744472503662,0.6174541115760803,0.7649211287498474,0.03467562422156334,0.9081476926803589,0.6971251368522644,0.8058795928955078,0.23216846585273743,0.7953927516937256,0.6484445333480835,0.8071548938751221,-0.023225504904985428,0.9665199518203735,PD_Early,004_PD_01_MD.MOV
0.7024009227752686,0.241935595870018,-0.07565043866634369,0.9858348965644836,0.7009490728378296,0.22041524946689606,-0.06786064058542252,0.9655427932739258,0.700011670589447,0.2187556028366089,-0.06789549440145493,0.962742805480957,0.6976646780967712,0.22110074758529663,-0.06788759678602219,0.9687386155128479,0.7013915181159973,0.21983350813388824,-0.09891429543495178,0.9718791842460632,0.7010043859481812,0.2174900323152542,-0.09893156588077545,0.9743283987045288,0.7004444003105164,0.21578337252140045,-0.0990205705165863,0.9740893840789795,0.6862776875495911,0.21903708577156067,-0.02682742476463318,0.8891391754150391,0.6917587518692017,0.21403557062149048,-0.16778872907161713,0.9689835906028748,0.6964149475097656,0.2502638101577759,-0.055808939039707184,0.9680072665214539,0.6972102522850037,0.24978569149971008,-0.09676425904035568,0.9811657071113586,0.6602566838264465,0.2839635908603668,0.06728043407201767,0.9972147941589355,0.6741161346435547,0.2843936085700989,-0.23980282247066498,0.9999305605888367,0.6599159836769104,0.4055323600769043,0.09089288115501404,0.01843547634780407,0.6786280274391174,0.40066513419151306,-0.2834053039550781,0.9690428376197815,0.6737027764320374,0.5057430267333984,0.06531647592782974,0.060534026473760605,0.6915304660797119,0.5012979507446289,-0.2808617651462555,0.9551144242286682,0.6755273342132568,0.5360381603240967,0.07272407412528992,0.07534527778625488,0.6938517689704895,0.5273751616477966,-0.3124265968799591,0.9376727938652039,0.6780081391334534,0.5366913676261902,0.04949524253606796,0.07781286537647247,0.6944068670272827,0.5280913710594177,-0.2973833680152893,0.9335281252861023,0.6785159707069397,0.5241480469703674,0.05428545922040939,0.07746993750333786,0.6937329769134521,0.520210325717926,-0.274556964635849,0.8846632838249207,0.6585206389427185,0.490847110748291,0.10339470207691193,0.9978275299072266,0.6677516102790833,0.48971039056777954,-0.10357889533042908,0.9982483983039856,0.6674935817718506,0.633194625377655,0.15548421442508698,0.26181280612945557,0.6957724094390869,0.6311274766921997,-0.09763102233409882,0.9558790922164917,0.6638326048851013,0.7772125005722046,0.22830675542354584,0.6211413145065308,0.6414214372634888,0.7554298639297485,0.0013830092502757907,0.9684043526649475,0.6577990055084229,0.7933365702629089,0.2310730516910553,0.6697099804878235,0.6264367699623108,0.7654528617858887,0.009431959129869938,0.9109231233596802,0.6960108876228333,0.8051571846008301,0.1908441185951233,0.7845263481140137,0.6576470732688904,0.8132612109184265,-0.03273966163396835,0.9670315384864807,PD_Early,004_PD_01_MD.MOV
0.703949511051178,0.2426430881023407,-0.04094311222434044,0.9850502610206604,0.7026812434196472,0.22138743102550507,-0.03429577872157097,0.9635934829711914,0.7016908526420593,0.21976257860660553,-0.0343313068151474,0.9611182808876038,0.7001602053642273,0.22032570838928223,-0.0343342199921608,0.9674273133277893,0.7034021615982056,0.22048717737197876,-0.06468049436807632,0.9699414968490601,0.7031080722808838,0.21843822300434113,-0.06468906998634338,0.9723016023635864,0.7026601433753967,0.2167745977640152,-0.06478162854909897,0.9714006781578064,0.6871199011802673,0.2206137627363205,-0.00012849929044023156,0.8882497549057007,0.6946490406990051,0.21497170627117157,-0.13800378143787384,0.9667277932167053,0.6980616450309753,0.2509390115737915,-0.023699190467596054,0.9656215310096741,0.6991543173789978,0.250287801027298,-0.06375870108604431,0.9790238738059998,0.6606490612030029,0.28404954075813293,0.0834636464715004,0.9974091649055481,0.6773708462715149,0.28509464859962463,-0.21439413726329803,0.9999276399612427,0.6592137813568115,0.40454307198524475,0.09732482582330704,0.018482636660337448,0.6805420517921448,0.4010229706764221,-0.26992300152778625,0.9671710729598999,0.6755577325820923,0.5053927898406982,0.06838776916265488,0.06178976222872734,0.6929119229316711,0.5017492175102234,-0.280201256275177,0.9534347653388977,0.6777349710464478,0.5357624292373657,0.07601739466190338,0.07733482122421265,0.6957654356956482,0.5277523994445801,-0.3122952878475189,0.9368312954902649,0.6807798147201538,0.5364162921905518,0.05396971479058266,0.07944057136774063,0.6962198615074158,0.5286362171173096,-0.29547780752182007,0.9326028823852539,0.6806439161300659,0.525570809841156,0.05775904655456543,0.07892967015504837,0.6952025890350342,0.5206563472747803,-0.27404582500457764,0.8832690119743347,0.6572812795639038,0.491409569978714,0.10310307890176773,0.9979246854782104,0.6706264019012451,0.4901150166988373,-0.10328797996044159,0.9982051253318787,0.666546106338501,0.6338218450546265,0.15207508206367493,0.24841147661209106,0.7009936571121216,0.6293954849243164,-0.08898748457431793,0.9548021554946899,0.6641282439231873,0.776807963848114,0.21909017860889435,0.6052538752555847,0.6475364565849304,0.7554003000259399,0.0035902978852391243,0.9673827886581421,0.6594305038452148,0.7932679653167725,0.22175966203212738,0.6576051712036133,0.6338935494422913,0.7667390704154968,0.012566368095576763,0.9109476804733276,0.6941916942596436,0.8048837780952454,0.18290255963802338,0.7691813111305237,0.6639239192008972,0.8202837705612183,-0.02737206034362316,0.9657267332077026,PD_Early,004_PD_01_MD.MOV
0.7053576707839966,0.2424493283033371,-0.06874211132526398,0.9833398461341858,0.7043679356575012,0.22109681367874146,-0.06038277968764305,0.9599593877792358,0.7034774422645569,0.2194969207048416,-0.060414958745241165,0.9574906826019287,0.7014866471290588,0.22117412090301514,-0.06041252985596657,0.9648128151893616,0.7048019170761108,0.22033996880054474,-0.09154687821865082,0.9670149683952332,0.7044336795806885,0.218434140086174,-0.0915626809000969,0.9695518612861633,0.7039343118667603,0.21682752668857574,-0.09165901690721512,0.9688903093338013,0.6888989210128784,0.22062234580516815,-0.01470108050853014,0.8847473859786987,0.6950196623802185,0.2151094377040863,-0.1560860276222229,0.9637411236763,0.7002295255661011,0.25060775876045227,-0.04700615257024765,0.9601136445999146,0.7009092569351196,0.25008344650268555,-0.08808258175849915,0.9755251407623291,0.6636871695518494,0.2840833067893982,0.08031438291072845,0.9974591732025146,0.6777284741401672,0.2865045964717865,-0.2238081991672516,0.9999157786369324,0.6637927293777466,0.40224698185920715,0.10470769554376602,0.018633997067809105,0.6804776787757874,0.40184205770492554,-0.27088281512260437,0.9659204483032227,0.6787925958633423,0.5051658153533936,0.07333406060934067,0.06210131570696831,0.6938678622245789,0.5037229061126709,-0.27301299571990967,0.9521946310997009,0.6820777058601379,0.535702109336853,0.08044520020484924,0.07786516845226288,0.6963663101196289,0.5298116207122803,-0.30389219522476196,0.9359069466590881,0.685351550579071,0.5363035798072815,0.05651356652379036,0.0797167420387268,0.6974906921386719,0.5303420424461365,-0.28934380412101746,0.9316244125366211,0.6852529048919678,0.5251731872558594,0.061957765370607376,0.07932546734809875,0.6967144012451172,0.5226027965545654,-0.2669936418533325,0.8818792104721069,0.6562983989715576,0.492805153131485,0.10229744017124176,0.9977516531944275,0.6709734797477722,0.49187445640563965,-0.10248838365077972,0.9978471994400024,0.6659876704216003,0.6337692141532898,0.14745837450027466,0.24414978921413422,0.7083517909049988,0.6270092725753784,-0.08194904774427414,0.9542714357376099,0.6638817191123962,0.7728291153907776,0.23155689239501953,0.5841490030288696,0.6570776700973511,0.7568604946136475,0.025403538718819618,0.9638715386390686,0.6576637029647827,0.7909325957298279,0.23547597229480743,0.639021098613739,0.6460573673248291,0.7696865797042847,0.035069745033979416,0.9035820960998535,0.6943456530570984,0.8024687170982361,0.19696550071239471,0.7483460307121277,0.6802850961685181,0.8061662912368774,-0.0019407757790759206,0.9607143998146057,PD_Early,004_PD_01_MD.MOV
0.708717942237854,0.23916685581207275,-0.06095138564705849,0.9802457690238953,0.7076120972633362,0.21791084110736847,-0.05182043835520744,0.9553743600845337,0.7066828608512878,0.2164868861436844,-0.051839422434568405,0.9521181583404541,0.7053443789482117,0.21654273569583893,-0.05183255299925804,0.9612480401992798,0.7081921100616455,0.21779055893421173,-0.08357274532318115,0.963738203048706,0.7078743577003479,0.2164258509874344,-0.08358297497034073,0.9662465453147888,0.7074374556541443,0.2153383046388626,-0.0836898609995842,0.966758131980896,0.691483199596405,0.22019898891448975,-0.0060533261857926846,0.8782978057861328,0.6987941265106201,0.21429650485515594,-0.1492682248353958,0.95997554063797,0.7033087611198425,0.248063862323761,-0.03937841206789017,0.9532814621925354,0.7040225863456726,0.2484549880027771,-0.0809381976723671,0.9715972542762756,0.6653856635093689,0.28399547934532166,0.08850008994340897,0.9970677495002747,0.6808233261108398,0.2866273522377014,-0.21849124133586884,0.99989253282547,0.66834956407547,0.40137138962745667,0.11736596375703812,0.01875339448451996,0.6834031343460083,0.4032779633998871,-0.2530103027820587,0.9644544124603271,0.6833625435829163,0.5050445795059204,0.08130277693271637,0.060591958463191986,0.6970029473304749,0.5076956152915955,-0.23298786580562592,0.9502123594284058,0.6865220665931702,0.5347842574119568,0.08760453760623932,0.07603821903467178,0.6997620463371277,0.5332033038139343,-0.26123520731925964,0.9334719181060791,0.690198540687561,0.5355160236358643,0.06432069838047028,0.0776258111000061,0.7003861665725708,0.5344439148902893,-0.24901650846004486,0.9289136528968811,0.6882490515708923,0.5248952507972717,0.06984727829694748,0.07733708620071411,0.6993921995162964,0.5266319513320923,-0.22713954746723175,0.8775976300239563,0.6557615995407104,0.49277541041374207,0.09981781989336014,0.9971215128898621,0.6731369495391846,0.4918188452720642,-0.10003146529197693,0.9972311854362488,0.6657900214195251,0.63223797082901,0.15239673852920532,0.2506330609321594,0.7133957147598267,0.6260337829589844,-0.0680946335196495,0.9544574022293091,0.6637309193611145,0.7715194821357727,0.2508597671985626,0.5747021436691284,0.669543981552124,0.761690080165863,0.029749715700745583,0.9621016383171082,0.6561399698257446,0.7910023927688599,0.25737541913986206,0.6299566626548767,0.6582570672035217,0.7790957689285278,0.0382658950984478,0.8985732793807983,0.6921969056129456,0.7976512908935547,0.2271333485841751,0.7345226407051086,0.6967753767967224,0.8065646886825562,0.0007817780133336782,0.956877589225769,PD_Early,004_PD_01_MD.MOV
0.7098844051361084,0.2372792512178421,-0.06609294563531876,0.9787521958351135,0.7091419100761414,0.21552257239818573,-0.05631328001618385,0.9533023834228516,0.708269476890564,0.21419955790042877,-0.056330226361751556,0.9495205283164978,0.7071487307548523,0.21356160938739777,-0.056321881711483,0.959659218788147,0.7095617055892944,0.2155938446521759,-0.0884147584438324,0.962654173374176,0.709187924861908,0.21444450318813324,-0.08842618018388748,0.9652137756347656,0.7086906433105469,0.21361884474754333,-0.08852933347225189,0.9665508270263672,0.6958433389663696,0.2147045135498047,-0.006799580063670874,0.8760042786598206,0.6991456747055054,0.2130492776632309,-0.1518286168575287,0.9589915871620178,0.7043398022651672,0.24672919511795044,-0.043186794966459274,0.9495378732681274,0.7049919962882996,0.24748879671096802,-0.08522713929414749,0.9697961807250977,0.6672496795654297,0.2837960124015808,0.08999888598918915,0.9967588186264038,0.6818742752075195,0.28656235337257385,-0.21961423754692078,0.9998799562454224,0.6696561574935913,0.40060946345329285,0.12330997735261917,0.018687371164560318,0.6848509907722473,0.40319862961769104,-0.2556454837322235,0.9636932015419006,0.6826120018959045,0.5062392950057983,0.08980569243431091,0.058438364416360855,0.6986266374588013,0.50738126039505,-0.23795393109321594,0.9480739831924438,0.6864513754844666,0.5344433784484863,0.09618780761957169,0.07350698113441467,0.701236367225647,0.5333532691001892,-0.2668633759021759,0.9308454990386963,0.6898710131645203,0.5352333188056946,0.07284240424633026,0.07488259673118591,0.7019358277320862,0.5345246195793152,-0.25487956404685974,0.9259968996047974,0.6887360215187073,0.5251754522323608,0.07833899557590485,0.07471559196710587,0.7010472416877747,0.5265256762504578,-0.2321808785200119,0.873009204864502,0.6559190154075623,0.49279874563217163,0.09900930523872375,0.9965538382530212,0.6758139133453369,0.4918084740638733,-0.09922301769256592,0.9967705011367798,0.6643649339675903,0.6318461894989014,0.156304731965065,0.2616004943847656,0.7137740850448608,0.6256123185157776,-0.06532550603151321,0.9560032486915588,0.6642170548439026,0.7719329595565796,0.2586619555950165,0.5751352906227112,0.6765068173408508,0.7654706239700317,0.032070569694042206,0.962704598903656,0.6563860774040222,0.7918558716773987,0.2653939127922058,0.6291434168815613,0.6661873459815979,0.7872506380081177,0.04042347893118858,0.8985700607299805,0.69231116771698,0.7970913052558899,0.23325461149215698,0.7307732701301575,0.7074378728866577,0.8064121603965759,0.0028342423029243946,0.9562070369720459,PD_Early,004_PD_01_MD.MOV
0.7133092880249023,0.23726259171962738,-0.001710051903501153,0.9793673753738403,0.7128549814224243,0.2155422568321228,0.0055397250689566135,0.9556000232696533,0.7118608951568604,0.21421313285827637,0.005527193658053875,0.9517276883125305,0.7106522917747498,0.21355153620243073,0.005525718908756971,0.9615834355354309,0.7138592004776001,0.21556271612644196,-0.025538215413689613,0.9646037220954895,0.7136737704277039,0.2143714874982834,-0.02553522028028965,0.9668456315994263,0.7131891250610352,0.21348045766353607,-0.025641489773988724,0.9683039784431458,0.6962960958480835,0.21660484373569489,0.03653499111533165,0.8832400441169739,0.704497754573822,0.21291187405586243,-0.1041264533996582,0.9609184265136719,0.7073574066162109,0.2467084527015686,0.013770846650004387,0.9517865180969238,0.7083540558815002,0.24740834534168243,-0.027115074917674065,0.9710965752601624,0.6672653555870056,0.28377389907836914,0.11070714890956879,0.9967381954193115,0.6871586441993713,0.28650978207588196,-0.18499855697155,0.9998774528503418,0.668626606464386,0.40306609869003296,0.13099436461925507,0.019224002957344055,0.6879995465278625,0.40204134583473206,-0.2502289116382599,0.9603672623634338,0.6806252002716064,0.506447970867157,0.09963012486696243,0.058158837258815765,0.7009915113449097,0.5059524774551392,-0.2618372440338135,0.9450482130050659,0.6840566992759705,0.5364787578582764,0.10701902955770493,0.07299608737230301,0.7033458352088928,0.5330057740211487,-0.2928439974784851,0.9284515380859375,0.6882926821708679,0.536874532699585,0.08655772358179092,0.07409168034791946,0.704020082950592,0.5343430042266846,-0.27651849389076233,0.9232704639434814,0.6880959868431091,0.5263077020645142,0.08956406265497208,0.07403360307216644,0.7029027938842773,0.5260575413703918,-0.25591593980789185,0.8687298893928528,0.6559162139892578,0.4927762746810913,0.09678550809621811,0.9965497851371765,0.6787744760513306,0.4917914569377899,-0.09701106697320938,0.9967920184135437,0.6638543605804443,0.630397379398346,0.1610594242811203,0.2781415283679962,0.7158682346343994,0.6241403222084045,-0.05257410556077957,0.9573562145233154,0.6668609976768494,0.7722135782241821,0.25633329153060913,0.5798133611679077,0.6866429448127747,0.7713169455528259,0.03232969343662262,0.9630073308944702,0.6610392332077026,0.7929944396018982,0.26255089044570923,0.6299412250518799,0.6761614084243774,0.7942476868629456,0.03960014507174492,0.8975019454956055,0.6910980343818665,0.7922669053077698,0.23034340143203735,0.7277244329452515,0.7182353734970093,0.8074119091033936,0.0021184543147683144,0.9545522928237915,PD_Early,004_PD_01_MD.MOV
0.7175003886222839,0.23855271935462952,-0.03076040744781494,0.9800530076026917,0.7174972295761108,0.21700744330883026,-0.021917955949902534,0.957743227481842,0.7163609862327576,0.2154880315065384,-0.021929262205958366,0.9538183212280273,0.7152056097984314,0.21440614759922028,-0.021916816011071205,0.963263213634491,0.7181503176689148,0.2168956845998764,-0.05348525196313858,0.9664987325668335,0.717863142490387,0.21553024649620056,-0.053480979055166245,0.9685074090957642,0.7174708247184753,0.21444936096668243,-0.05357777699828148,0.9700738191604614,0.7001069784164429,0.21869073808193207,0.02008025534451008,0.88883376121521,0.7081291079521179,0.21289028227329254,-0.12288438528776169,0.9627465009689331,0.7117060422897339,0.24700379371643066,-0.010852438397705555,0.9536839723587036,0.7124439477920532,0.2477145940065384,-0.05238354578614235,0.9723483920097351,0.6700479388237,0.2837974727153778,0.1036020815372467,0.9966529607772827,0.6893012523651123,0.28669819235801697,-0.19575557112693787,0.9998776316642761,0.6740654706954956,0.40303143858909607,0.12857097387313843,0.019656309857964516,0.6904038190841675,0.4017687141895294,-0.25050216913223267,0.9575489163398743,0.6872616410255432,0.5060639977455139,0.09809131920337677,0.05793845281004906,0.7028284668922424,0.5064201354980469,-0.25744152069091797,0.9430519342422485,0.688401460647583,0.5351755023002625,0.10587085783481598,0.0725477859377861,0.7044029831886292,0.5336808562278748,-0.28779464960098267,0.9266863465309143,0.6931226849555969,0.5366426110267639,0.08458243310451508,0.0734400823712349,0.7054304480552673,0.535983145236969,-0.2744610905647278,0.9212254881858826,0.69278484582901,0.5261198878288269,0.08776441961526871,0.07350993156433105,0.7044273018836975,0.5271811485290527,-0.25189799070358276,0.8652848601341248,0.6581963300704956,0.492904394865036,0.0958428829908371,0.9964709877967834,0.6810219883918762,0.4919191598892212,-0.09607894718647003,0.9968383312225342,0.663510262966156,0.6282305717468262,0.17235079407691956,0.3113996088504791,0.7172078490257263,0.6228259205818176,-0.049160826951265335,0.9599844813346863,0.6689673066139221,0.772335410118103,0.2701936364173889,0.5966795086860657,0.6979358792304993,0.7739758491516113,0.035813115537166595,0.9651016592979431,0.6650775671005249,0.7957858443260193,0.2769489586353302,0.642110288143158,0.6862560510635376,0.7996103167533875,0.04227180406451225,0.9012995958328247,0.6898412108421326,0.7902653217315674,0.25007009506225586,0.7319774031639099,0.7343270182609558,0.808060884475708,0.0006796715315431356,0.9553292393684387,PD_Early,004_PD_01_MD.MOV
0.7192591428756714,0.23849521577358246,-0.02311212569475174,0.9794389009475708,0.7190549373626709,0.21733324229717255,-0.014240752905607224,0.9577471613883972,0.7181545495986938,0.2158237248659134,-0.014251532964408398,0.9534655809402466,0.7170988321304321,0.21465948224067688,-0.014241685159504414,0.9629660248756409,0.7196531295776367,0.21721595525741577,-0.04552913457155228,0.9668551683425903,0.7194138169288635,0.21583053469657898,-0.045517586171627045,0.9685617685317993,0.7190788388252258,0.2147219032049179,-0.04562021419405937,0.9705377221107483,0.7051225900650024,0.21711422502994537,0.02641870267689228,0.888319730758667,0.710218071937561,0.21291884779930115,-0.11493603885173798,0.9627081751823425,0.7136030197143555,0.24696242809295654,-0.003671447979286313,0.9530248045921326,0.7142887115478516,0.2476736307144165,-0.04471851512789726,0.9722356200218201,0.6731022000312805,0.28372815251350403,0.10591485351324081,0.9964084625244141,0.691062867641449,0.28682899475097656,-0.18680636584758759,0.9998745918273926,0.6759580373764038,0.40292641520500183,0.12835857272148132,0.019453028216958046,0.691925585269928,0.4016928970813751,-0.2260039746761322,0.9530746340751648,0.6888009905815125,0.5022804737091064,0.09368259459733963,0.055837392807006836,0.7040523886680603,0.5062730312347412,-0.2107071727514267,0.9390771389007568,0.6893518567085266,0.5308169722557068,0.10041391104459763,0.07002303749322891,0.7054675221443176,0.5334546566009521,-0.23680619895458221,0.9227620959281921,0.6949981451034546,0.5335116982460022,0.07998646050691605,0.07073463499546051,0.7066898345947266,0.5357789993286133,-0.2264794558286667,0.9169453978538513,0.6940041780471802,0.5243284702301025,0.08345678448677063,0.07095903903245926,0.7057924270629883,0.5270455479621887,-0.20538854598999023,0.8586350083351135,0.6606153249740601,0.4928308129310608,0.09436338394880295,0.9962049126625061,0.6832749843597412,0.49183791875839233,-0.09461762011051178,0.9967849254608154,0.6633484363555908,0.6275686025619507,0.17009755969047546,0.34601882100105286,0.7182385921478271,0.6223859190940857,-0.04781496524810791,0.9619851112365723,0.6697337031364441,0.7721412777900696,0.26460137963294983,0.612296462059021,0.7051185369491577,0.7738614678382874,0.03479756787419319,0.9665597677230835,0.6669784784317017,0.7959597110748291,0.27088090777397156,0.654960036277771,0.6952522993087769,0.7987521886825562,0.041164763271808624,0.904161274433136,0.6900511980056763,0.7899264693260193,0.2422037273645401,0.7295387387275696,0.7410041689872742,0.8079220056533813,-0.0017931016627699137,0.9541636109352112,PD_Early,004_PD_01_MD.MOV
0.7214434146881104,0.2384517788887024,-0.009242602623999119,0.9784337878227234,0.72083979845047,0.2173559069633484,-0.0002977293625008315,0.9572717547416687,0.7199363708496094,0.21584153175354004,-0.0003114895662292838,0.9525167942047119,0.7188355922698975,0.2146667093038559,-0.00030488098855130374,0.9622013568878174,0.7215519547462463,0.21725010871887207,-0.0310953538864851,0.9666946530342102,0.7213670611381531,0.21586480736732483,-0.031086275354027748,0.9679627418518066,0.7210714817047119,0.21475589275360107,-0.03119782730937004,0.9704996943473816,0.7078562378883362,0.21574991941452026,0.03785655274987221,0.8858803510665894,0.7125679850578308,0.21287722885608673,-0.10112723708152771,0.9620211720466614,0.7159467339515686,0.24690023064613342,0.00901876576244831,0.9518377184867859,0.7167521119117737,0.24765489995479584,-0.03134826570749283,0.9718303084373474,0.6756717562675476,0.2836109399795532,0.11245254427194595,0.9960696697235107,0.6954352855682373,0.28679177165031433,-0.17638571560382843,0.9998705983161926,0.6759454607963562,0.40235111117362976,0.12981414794921875,0.018944595009088516,0.6958973407745361,0.40108364820480347,-0.217834934592247,0.9482959508895874,0.6888750195503235,0.4995945692062378,0.09449401497840881,0.05332058668136597,0.7080227732658386,0.5062944889068604,-0.2046181857585907,0.935084879398346,0.6896651387214661,0.5282607674598694,0.10114628821611404,0.06704745441675186,0.7091758847236633,0.5333205461502075,-0.23059391975402832,0.9191777110099792,0.6946614384651184,0.5292778015136719,0.08212681859731674,0.0675872191786766,0.7097455859184265,0.5357339978218079,-0.2202444076538086,0.9129910469055176,0.6950156092643738,0.5212517380714417,0.08463909476995468,0.06794661283493042,0.7089861035346985,0.5268370509147644,-0.19945594668388367,0.8525115251541138,0.6628029942512512,0.4926967918872833,0.09305863827466965,0.9959048628807068,0.6866377592086792,0.4917481541633606,-0.09331756085157394,0.9967286586761475,0.6639712452888489,0.6271933317184448,0.1679198145866394,0.3747935891151428,0.7173682451248169,0.6223040223121643,-0.044839005917310715,0.9634810090065002,0.6698596477508545,0.772167980670929,0.2623717784881592,0.6258114576339722,0.7147192358970642,0.7768055200576782,0.033113908022642136,0.9678042531013489,0.6674128770828247,0.7963656783103943,0.2686905264854431,0.6651443243026733,0.7070973515510559,0.8021736145019531,0.03920651599764824,0.9066811800003052,0.6901625990867615,0.7902030944824219,0.2366320937871933,0.7259897589683533,0.7506296038627625,0.807753324508667,-0.005504296161234379,0.952887237071991,PD_Early,004_PD_01_MD.MOV
0.7264824509620667,0.23842838406562805,-0.02788824960589409,0.9764200448989868,0.7261949181556702,0.2173890769481659,-0.01851702481508255,0.9550506472587585,0.7251235246658325,0.21586404740810394,-0.018531441688537598,0.9494141936302185,0.7240141034126282,0.2146814912557602,-0.018519461154937744,0.959793210029602,0.7269756197929382,0.21727962791919708,-0.04949924722313881,0.9653093814849854,0.7268179059028625,0.2159007042646408,-0.049495406448841095,0.966119110584259,0.7266075015068054,0.2148016095161438,-0.04960624873638153,0.9696192741394043,0.7100029587745667,0.21685463190078735,0.024670271202921867,0.8780598640441895,0.7178199291229248,0.2128327488899231,-0.11510613560676575,0.9601927995681763,0.720548689365387,0.24688884615898132,-0.0077285789884626865,0.9491110444068909,0.7214754223823547,0.24760928750038147,-0.04835871607065201,0.9708022475242615,0.6791315078735352,0.28312620520591736,0.10717951506376266,0.995560884475708,0.6997638940811157,0.2863744795322418,-0.18704555928707123,0.9998711347579956,0.6777912974357605,0.40152207016944885,0.12705115973949432,0.018113475292921066,0.698777437210083,0.4006556272506714,-0.2270926833152771,0.9453901052474976,0.6882295608520508,0.4996418058872223,0.09153933823108673,0.05021345615386963,0.7115380764007568,0.5065630078315735,-0.21411827206611633,0.9325556755065918,0.6897308230400085,0.5278233885765076,0.09785819053649902,0.06337599456310272,0.7122815847396851,0.5339195728302002,-0.24186547100543976,0.9168371558189392,0.695602297782898,0.5280844569206238,0.07815106213092804,0.06375517696142197,0.7128831744194031,0.5367035865783691,-0.2310982495546341,0.9102280139923096,0.696523129940033,0.5202826261520386,0.08138979971408844,0.06423962116241455,0.7121251821517944,0.5275787711143494,-0.20880557596683502,0.8481059074401855,0.6662791967391968,0.49268606305122375,0.0934462770819664,0.9954689145088196,0.6895408630371094,0.4917345941066742,-0.09369929134845734,0.9967011213302612,0.6648660898208618,0.6272929310798645,0.178473100066185,0.3847103416919708,0.7164881229400635,0.6226634383201599,-0.04120834916830063,0.9638057947158813,0.6693918704986572,0.7742134928703308,0.28102195262908936,0.6309231519699097,0.7222556471824646,0.7831535339355469,0.03818840533494949,0.968398928642273,0.6663686633110046,0.8012940287590027,0.28832682967185974,0.6674434542655945,0.7159939408302307,0.8097280859947205,0.043526310473680496,0.9078298211097717,0.6902090907096863,0.7899451851844788,0.25801703333854675,0.7238303422927856,0.7614534497261047,0.8079066872596741,-0.006354242097586393,0.9520688056945801,PD_Early,004_PD_01_MD.MOV
0.7285215258598328,0.23975621163845062,-0.02927372045814991,0.976810872554779,0.7286072373390198,0.21931560337543488,-0.01962137781083584,0.9565883278846741,0.7275209426879883,0.2178034484386444,-0.01963173784315586,0.9509642124176025,0.7263198494911194,0.21653784811496735,-0.019615260884165764,0.9608449339866638,0.7296816110610962,0.2190902680158615,-0.05074850842356682,0.9667043089866638,0.7296445965766907,0.21764495968818665,-0.0507381334900856,0.9674060940742493,0.7295411229133606,0.21645864844322205,-0.05084173381328583,0.9709801077842712,0.7153627276420593,0.21685905754566193,0.02446182258427143,0.8808705806732178,0.7213214039802551,0.21411612629890442,-0.11625061184167862,0.9618117213249207,0.7225406765937805,0.24794359505176544,-0.008671530522406101,0.9503361582756042,0.7237300276756287,0.2485346496105194,-0.049539074301719666,0.9718860387802124,0.6813612580299377,0.283218652009964,0.10772395133972168,0.9953948855400085,0.7032100558280945,0.28675171732902527,-0.18779751658439636,0.9998766779899597,0.6787956953048706,0.40173372626304626,0.13102561235427856,0.017373552545905113,0.7015936970710754,0.40095511078834534,-0.2282707840204239,0.943402111530304,0.6911369562149048,0.49771684408187866,0.09697083383798599,0.04714362695813179,0.7139806747436523,0.5065239667892456,-0.21769677102565765,0.9307593107223511,0.6896764636039734,0.5263205766677856,0.1040099561214447,0.05980587378144264,0.7148531079292297,0.5339212417602539,-0.2451774924993515,0.9153910875320435,0.6970817446708679,0.5266813039779663,0.08452516049146652,0.060049742460250854,0.7151992321014404,0.5367175340652466,-0.23438189923763275,0.9085962772369385,0.6955810785293579,0.5198292136192322,0.08705626428127289,0.060643959790468216,0.7144383192062378,0.5274304151535034,-0.21223287284374237,0.8451309204101562,0.668012261390686,0.4926793873310089,0.09367871284484863,0.9953633546829224,0.6914657354354858,0.4917319416999817,-0.09393119812011719,0.9968185424804688,0.6654865145683289,0.6273025274276733,0.18570415675640106,0.4096938669681549,0.7180558443069458,0.6227375864982605,-0.0454447902739048,0.9655942916870117,0.6690819263458252,0.775166928768158,0.289358913898468,0.6445437073707581,0.7241953611373901,0.7871456742286682,0.03467081859707832,0.9697673320770264,0.66571444272995,0.8036828637123108,0.2969847619533539,0.6783784627914429,0.7176305651664734,0.8134223818778992,0.038205672055482864,0.9109196066856384,0.6907255053520203,0.7901974320411682,0.2701316177845001,0.7245479822158813,0.7625095844268799,0.8086728453636169,-0.012488167732954025,0.9520471692085266,PD_Early,004_PD_01_MD.MOV
0.7321621179580688,0.2398475706577301,-0.032863203436136246,0.9763930439949036,0.7321304678916931,0.21997001767158508,-0.02397318370640278,0.9564537405967712,0.7310919165611267,0.21842394769191742,-0.02398821897804737,0.9504616260528564,0.7299589514732361,0.21712058782577515,-0.023976514115929604,0.9602848887443542,0.7330935001373291,0.21974365413188934,-0.05519447848200798,0.9669886827468872,0.7330296635627747,0.21824881434440613,-0.05519132688641548,0.967538595199585,0.7329027056694031,0.2170201689004898,-0.05529402196407318,0.9714545011520386,0.7195925116539001,0.21672339737415314,0.01958596520125866,0.8790957927703857,0.7245862483978271,0.2144623100757599,-0.12124715745449066,0.9622147679328918,0.7263972163200378,0.24794930219650269,-0.012852553278207779,0.9501046538352966,0.7274261713027954,0.2485075443983078,-0.053864285349845886,0.9722530245780945,0.685279905796051,0.28325045108795166,0.10432896018028259,0.9951183199882507,0.7062038779258728,0.28687813878059387,-0.19130674004554749,0.9998795390129089,0.6866462230682373,0.3980230391025543,0.12838470935821533,0.01669822819530964,0.7044586539268494,0.4014160633087158,-0.23065100610256195,0.9418268203735352,0.6995173692703247,0.49766767024993896,0.09538602083921432,0.044426724314689636,0.7174225449562073,0.5075585842132568,-0.2171747088432312,0.9288654327392578,0.6976591348648071,0.5256716012954712,0.10252507030963898,0.056620072573423386,0.7182711958885193,0.5345186591148376,-0.24445612728595734,0.9136105179786682,0.704206109046936,0.5268032550811768,0.0831206738948822,0.05675629898905754,0.7191395163536072,0.537162721157074,-0.23388010263442993,0.9065837264060974,0.7040265202522278,0.518852174282074,0.08611986041069031,0.057450324296951294,0.7184790968894958,0.5279801487922668,-0.21180136501789093,0.8419486880302429,0.6721784472465515,0.49314406514167786,0.09363579750061035,0.995178759098053,0.6946420073509216,0.49222034215927124,-0.09389391541481018,0.9968839287757874,0.6691177487373352,0.6273506879806519,0.18390606343746185,0.426434725522995,0.7200185060501099,0.6235285997390747,-0.042365264147520065,0.9666672348976135,0.6691157817840576,0.775820255279541,0.2895708978176117,0.6558250784873962,0.7252330780029297,0.7893387675285339,0.03908337652683258,0.9708797931671143,0.6651865243911743,0.8046194314956665,0.2973174750804901,0.6871741414070129,0.7173300981521606,0.8145684003829956,0.0441000796854496,0.913267195224762,0.69179767370224,0.79081791639328,0.26807770133018494,0.728277862071991,0.7620607018470764,0.812842607498169,-0.007053646259009838,0.9524892568588257,PD_Early,004_PD_01_MD.MOV
0.7356650233268738,0.24018490314483643,-0.03497030958533287,0.9763630628585815,0.7357397675514221,0.22099386155605316,-0.025863518938422203,0.9568060636520386,0.7347317934036255,0.21949031949043274,-0.025876199826598167,0.9507150053977966,0.7335891723632812,0.21821285784244537,-0.025860367342829704,0.960332989692688,0.7366914749145508,0.22070957720279694,-0.056823376566171646,0.9675037264823914,0.7366381287574768,0.21920569241046906,-0.05681603029370308,0.9679580330848694,0.7364957928657532,0.21796700358390808,-0.056917671114206314,0.972044825553894,0.7233993411064148,0.21686159074306488,0.0179679524153471,0.8796525001525879,0.7282615303993225,0.21543651819229126,-0.12170285731554031,0.9626584649085999,0.7301784157752991,0.24805843830108643,-0.014554808847606182,0.9502020478248596,0.7312570810317993,0.2485605925321579,-0.05518810823559761,0.9725887775421143,0.6885209679603577,0.2833161950111389,0.10266481339931488,0.9949102401733398,0.7100398540496826,0.2871696352958679,-0.1903071403503418,0.9998809695243835,0.6878233551979065,0.3982776701450348,0.12680543959140778,0.016263343393802643,0.7079833745956421,0.4014112651348114,-0.22849497199058533,0.939598798751831,0.7007806301116943,0.4977859556674957,0.09079287201166153,0.04225602746009827,0.7204034328460693,0.5075259208679199,-0.21259599924087524,0.9266365766525269,0.6999542713165283,0.5258976817131042,0.09798726439476013,0.05406246706843376,0.7217091917991638,0.5344451069831848,-0.23921941220760345,0.9113276600837708,0.7068471312522888,0.526922345161438,0.07978831976652145,0.05409359931945801,0.7231113314628601,0.5370858907699585,-0.22905124723911285,0.9040948152542114,0.706312358379364,0.51884925365448,0.0815691202878952,0.054904159158468246,0.7223567962646484,0.527746319770813,-0.2073727697134018,0.8382049798965454,0.6749270558357239,0.493769109249115,0.09307245165109634,0.9950444102287292,0.697584331035614,0.49282950162887573,-0.09335014224052429,0.9969028234481812,0.6730548143386841,0.6273729801177979,0.1796073615550995,0.45039886236190796,0.7244109511375427,0.6235639452934265,-0.039753660559654236,0.9678849577903748,0.6696933507919312,0.7759113907814026,0.28390148282051086,0.6685769557952881,0.7265414595603943,0.7892870306968689,0.0455067902803421,0.9718348979949951,0.6648436784744263,0.8055105209350586,0.2907865643501282,0.6978055834770203,0.7180359959602356,0.815304696559906,0.05145632103085518,0.9152162075042725,0.6935516595840454,0.7911384701728821,0.25817638635635376,0.7308269739151001,0.7628492712974548,0.8158078789710999,0.0038626156747341156,0.9522277116775513,PD_Early,004_PD_01_MD.MOV
0.7385894656181335,0.2401440143585205,-0.03565116971731186,0.9758373498916626,0.738525927066803,0.2208711802959442,-0.02662387117743492,0.9563196301460266,0.7375757098197937,0.21937301754951477,-0.026635343208909035,0.9499828815460205,0.7364370822906494,0.2181290090084076,-0.02661777287721634,0.9595085382461548,0.739642322063446,0.22058410942554474,-0.05736919492483139,0.967338502407074,0.7396090626716614,0.21908201277256012,-0.05735873803496361,0.9677783846855164,0.739361584186554,0.21784360706806183,-0.05746086314320564,0.9720752835273743,0.7262404561042786,0.21671536564826965,0.016864260658621788,0.8784878253936768,0.7310079336166382,0.2153773307800293,-0.12212881445884705,0.9624391794204712,0.732799232006073,0.24804151058197021,-0.015270435251295567,0.9494392275810242,0.7339636087417603,0.24853241443634033,-0.05559815093874931,0.9725355505943298,0.6916103363037109,0.28339430689811707,0.10181799530982971,0.9946724772453308,0.7133514285087585,0.2871580719947815,-0.19012659788131714,0.9998813271522522,0.6903873085975647,0.3960428237915039,0.12630002200603485,0.015839699655771255,0.7108359932899475,0.4013594686985016,-0.22873280942440033,0.9373547434806824,0.7027179002761841,0.4975832402706146,0.09010618180036545,0.04024461284279823,0.7233328223228455,0.5073792338371277,-0.21443423628807068,0.9233816266059875,0.7015448212623596,0.526223361492157,0.09706179797649384,0.05171309411525726,0.7244401574134827,0.5343500375747681,-0.2409205287694931,0.9078301787376404,0.7081038951873779,0.5270248055458069,0.07800160348415375,0.05165829136967659,0.725621223449707,0.5369535088539124,-0.2308729588985443,0.9003034234046936,0.7083653807640076,0.5188941955566406,0.08048154413700104,0.0525951087474823,0.7247344255447388,0.5273383855819702,-0.20929305255413055,0.8328767418861389,0.6775034070014954,0.4940183162689209,0.09246746450662613,0.994931697845459,0.7000133991241455,0.4931083917617798,-0.09274447709321976,0.9968982338905334,0.6764165163040161,0.6273195743560791,0.17682680487632751,0.46707040071487427,0.7272631525993347,0.6236259937286377,-0.04093681275844574,0.9687342047691345,0.6705499887466431,0.7762482762336731,0.27068859338760376,0.6766567826271057,0.7271655797958374,0.7886863350868225,0.043940238654613495,0.9723532795906067,0.6646372675895691,0.8064783215522766,0.2771872878074646,0.703424334526062,0.7170759439468384,0.8154616355895996,0.04998690262436867,0.9155571460723877,0.6941519975662231,0.7925142645835876,0.2514091730117798,0.7325989007949829,0.7624236941337585,0.8163015246391296,0.004481954965740442,0.9518502354621887,PD_Early,004_PD_01_MD.MOV
0.7420323491096497,0.24017153680324554,-0.03317181393504143,0.9766455888748169,0.7421262264251709,0.221046581864357,-0.023990372195839882,0.9578395485877991,0.7410675883293152,0.21959157288074493,-0.023999551311135292,0.9515640139579773,0.7398681044578552,0.21840792894363403,-0.023977434262633324,0.9607186317443848,0.743437647819519,0.2207622081041336,-0.054711636155843735,0.9686362743377686,0.7434962391853333,0.21929988265037537,-0.054696038365364075,0.9690526127815247,0.7434422373771667,0.21811409294605255,-0.05479227006435394,0.9732620120048523,0.7303887009620667,0.21686680614948273,0.019754726439714432,0.8825834393501282,0.7354597449302673,0.2159333974123001,-0.11929826438426971,0.9637231826782227,0.73619145154953,0.24821706116199493,-0.012679236009716988,0.9508031606674194,0.7375229001045227,0.248687744140625,-0.05302731692790985,0.9734564423561096,0.6943709254264832,0.28340741991996765,0.10367310792207718,0.9945760369300842,0.7178558707237244,0.2872755229473114,-0.1881583333015442,0.9998814463615417,0.695598840713501,0.3983767032623291,0.12799285352230072,0.015644267201423645,0.7144654989242554,0.4011114537715912,-0.22949917614459991,0.9360735416412354,0.7078917026519775,0.49705612659454346,0.0942847728729248,0.03860634192824364,0.7269628047943115,0.5032134056091309,-0.2158001810312271,0.9194254279136658,0.708290159702301,0.52628493309021,0.10167213529348373,0.04978739097714424,0.7283532619476318,0.5305846333503723,-0.24239632487297058,0.903107225894928,0.7128151059150696,0.5262660384178162,0.08175723999738693,0.04966706410050392,0.7300902605056763,0.532105565071106,-0.2314925640821457,0.895205557346344,0.7128572463989258,0.5180888772010803,0.08422920852899551,0.05070488527417183,0.7290502190589905,0.5225887894630432,-0.21043477952480316,0.8257793188095093,0.6811323165893555,0.4941389858722687,0.0926179587841034,0.9949201941490173,0.7039485573768616,0.4934455454349518,-0.09289193153381348,0.9969170093536377,0.6808139681816101,0.6264088749885559,0.17327769100666046,0.4866957366466522,0.7320466637611389,0.6236741542816162,-0.042735300958156586,0.9700576066970825,0.6711226105690002,0.7762885093688965,0.2622258961200714,0.6884832382202148,0.7261499762535095,0.7877250909805298,0.04156093671917915,0.9734953045845032,0.6644972562789917,0.8066824674606323,0.2683953642845154,0.7124437689781189,0.7149761915206909,0.8139309883117676,0.0476720929145813,0.9174237251281738,0.6941416263580322,0.794697642326355,0.24285846948623657,0.7386398911476135,0.7618112564086914,0.8169946670532227,0.0033213747665286064,0.9528792500495911,PD_Early,004_PD_01_MD.MOV
0.7448586821556091,0.2391403168439865,-0.030839700251817703,0.9775959849357605,0.7446118593215942,0.2199377566576004,-0.022168878465890884,0.9594390392303467,0.7435199022293091,0.2186351716518402,-0.022177454084157944,0.953247606754303,0.742245078086853,0.2175883948802948,-0.0221544336527586,0.9620811343193054,0.7461933493614197,0.21981728076934814,-0.05265362560749054,0.9699335098266602,0.7463241219520569,0.2185668647289276,-0.05263753607869148,0.9702807664871216,0.7462379932403564,0.21757425367832184,-0.052734244614839554,0.9743875861167908,0.7327730059623718,0.21648181974887848,0.019299162551760674,0.8873065114021301,0.7382861971855164,0.21590708196163177,-0.11895215511322021,0.9648592472076416,0.7389808297157288,0.24779880046844482,-0.011380813084542751,0.9525189399719238,0.740513801574707,0.24837994575500488,-0.05139165744185448,0.9744768142700195,0.6977449059486389,0.2834184169769287,0.10339631140232086,0.9945047497749329,0.7213423848152161,0.2873186469078064,-0.18737497925758362,0.9998788833618164,0.6985846161842346,0.4002220630645752,0.1264289915561676,0.015759387984871864,0.7189979553222656,0.40106239914894104,-0.2285001277923584,0.9354223608970642,0.7119386196136475,0.4969947636127472,0.09348319470882416,0.0376552976667881,0.7315820455551147,0.5017240047454834,-0.2128293812274933,0.9165302515029907,0.712489128112793,0.527469277381897,0.10054494440555573,0.048607148230075836,0.7329975366592407,0.5294135212898254,-0.23875471949577332,0.8992397785186768,0.7160040140151978,0.5262724161148071,0.08024075627326965,0.04843718931078911,0.7344919443130493,0.530610203742981,-0.22770439088344574,0.891014575958252,0.716202974319458,0.5180671215057373,0.08326530456542969,0.04956110939383507,0.7333735227584839,0.5212506651878357,-0.20747007429599762,0.82016521692276,0.6861572861671448,0.4942793548107147,0.09159877896308899,0.9949175715446472,0.7080613970756531,0.49381211400032043,-0.09188022464513779,0.996923565864563,0.6869052648544312,0.6256343722343445,0.1653897762298584,0.5019927024841309,0.7365302443504333,0.6237020492553711,-0.04399186372756958,0.9707255363464355,0.6717643141746521,0.7759059071540833,0.25340455770492554,0.6990855932235718,0.7265886068344116,0.7870935797691345,0.04537510871887207,0.9742565751075745,0.6642463803291321,0.8065648674964905,0.2594180405139923,0.7196531295776367,0.7151774764060974,0.8131320476531982,0.052146781235933304,0.9177915453910828,0.695229172706604,0.7964401245117188,0.2331543117761612,0.7459809184074402,0.761941134929657,0.818402111530304,0.0116267753764987,0.9537113308906555,PD_Early,004_PD_01_MD.MOV
0.7472137808799744,0.23810715973377228,-0.04400807246565819,0.9785753488540649,0.7466766238212585,0.21893857419490814,-0.03533996641635895,0.9609194397926331,0.7455217242240906,0.21768325567245483,-0.03534476459026337,0.954751193523407,0.74419105052948,0.21667683124542236,-0.035319216549396515,0.9633162617683411,0.7481985688209534,0.2188924252986908,-0.06612006574869156,0.9711907505989075,0.748260498046875,0.21773110330104828,-0.06610523164272308,0.9715293645858765,0.7481949925422668,0.2168324738740921,-0.0661945566534996,0.9755550622940063,0.7343088388442993,0.21577341854572296,0.007626547012478113,0.8912468552589417,0.740031361579895,0.2152465432882309,-0.131755530834198,0.9661186933517456,0.7411144375801086,0.24716338515281677,-0.02377111092209816,0.9543395638465881,0.7425992488861084,0.24786145985126495,-0.06412316113710403,0.9756094813346863,0.7009546160697937,0.2834267020225525,0.09483126550912857,0.9943863749504089,0.7231548428535461,0.2873139977455139,-0.19741696119308472,0.9998795986175537,0.7025845050811768,0.39790278673171997,0.12238340824842453,0.015665706247091293,0.7212826609611511,0.4010658860206604,-0.2355262190103531,0.9360676407814026,0.7148773670196533,0.4970445930957794,0.0901995599269867,0.03644011542201042,0.7329699397087097,0.5019403696060181,-0.21527722477912903,0.9162377715110779,0.7144843339920044,0.5262839198112488,0.09721790254116058,0.04709167033433914,0.7345736026763916,0.530023992061615,-0.24208936095237732,0.89817214012146,0.7205066680908203,0.5262960195541382,0.07579757273197174,0.04688277095556259,0.7365077137947083,0.531265914440155,-0.23013700544834137,0.8897456526756287,0.7203912138938904,0.5180937647819519,0.07940061390399933,0.048102933913469315,0.7355632185935974,0.521590530872345,-0.20967179536819458,0.818494439125061,0.6891319155693054,0.4943712651729584,0.09158028662204742,0.9949251413345337,0.7111460566520691,0.4938679337501526,-0.09185456484556198,0.9969584345817566,0.6893976330757141,0.6256594657897949,0.16589325666427612,0.5123518109321594,0.7378752827644348,0.6240875124931335,-0.04480605199933052,0.9715772271156311,0.6717156767845154,0.7761606574058533,0.26050087809562683,0.7078689932823181,0.7270557284355164,0.7872565388679504,0.04620044305920601,0.9751574397087097,0.6638357043266296,0.8065244555473328,0.26751837134361267,0.7253609895706177,0.7152214646339417,0.8130326867103577,0.05296265706419945,0.9186095595359802,0.6969398260116577,0.7985142469406128,0.24066205322742462,0.7544460892677307,0.761559247970581,0.8191885352134705,0.010488531552255154,0.9551917314529419,PD_Early,004_PD_01_MD.MOV
0.749504029750824,0.23753716051578522,-0.040550488978624344,0.979347288608551,0.7485888600349426,0.2184537649154663,-0.03255967050790787,0.9618847370147705,0.7473135590553284,0.21722808480262756,-0.0325658842921257,0.9557859897613525,0.7458686232566833,0.21623879671096802,-0.032533805817365646,0.964134156703949,0.750403106212616,0.21838589012622833,-0.06288286298513412,0.9720771312713623,0.7505459189414978,0.21723710000514984,-0.06287041306495667,0.9724063277244568,0.75057053565979,0.21634256839752197,-0.06296519935131073,0.9763790369033813,0.7360904812812805,0.21533256769180298,0.00840531662106514,0.8941190242767334,0.7425739169120789,0.21488188207149506,-0.1303996443748474,0.9667904376983643,0.7434749007225037,0.2466222196817398,-0.021573355421423912,0.9556796550750732,0.7452919483184814,0.24728308618068695,-0.06130393221974373,0.9764390587806702,0.703213632106781,0.2834705114364624,0.09329427778720856,0.9943209886550903,0.7265455722808838,0.28729185461997986,-0.19483834505081177,0.9998783469200134,0.7040587067604065,0.39525097608566284,0.11769302189350128,0.01554093323647976,0.7243574857711792,0.4010699391365051,-0.23215384781360626,0.9365784525871277,0.7150462865829468,0.49567312002182007,0.08326562494039536,0.035275913774967194,0.7366374135017395,0.5020624399185181,-0.21021977066993713,0.915292501449585,0.7156297564506531,0.5264170169830322,0.08963024616241455,0.04572439193725586,0.738425612449646,0.5300621390342712,-0.23629124462604523,0.8964291214942932,0.7213888764381409,0.5280983448028564,0.06891734153032303,0.045470044016838074,0.7403037548065186,0.5313745737075806,-0.2248493731021881,0.887773871421814,0.720588743686676,0.5197127461433411,0.07261903584003448,0.046705957502126694,0.7394579648971558,0.5217102766036987,-0.20475473999977112,0.815584123134613,0.6930740475654602,0.49433633685112,0.09016148000955582,0.9950303435325623,0.7151479125022888,0.4938660264015198,-0.09043852239847183,0.9970232844352722,0.6956136226654053,0.6255268454551697,0.16304709017276764,0.5265278816223145,0.7403181195259094,0.6254602074623108,-0.0374474972486496,0.9719910025596619,0.672074556350708,0.7740716934204102,0.25714385509490967,0.7184427976608276,0.7261087894439697,0.7870253920555115,0.06433526426553726,0.9758338928222656,0.663959801197052,0.8017454743385315,0.26393258571624756,0.7338775396347046,0.7155632376670837,0.8125913739204407,0.07205557823181152,0.9194377064704895,0.6984987854957581,0.7974593639373779,0.2359430491924286,0.7625192403793335,0.7611256837844849,0.8189830780029297,0.030380459502339363,0.956172525882721,PD_Early,004_PD_01_MD.MOV
0.7526282072067261,0.23689377307891846,-0.03531228005886078,0.980100691318512,0.7520393133163452,0.21799030900001526,-0.0274822898209095,0.9628235101699829,0.7509180903434753,0.21678583323955536,-0.02750418521463871,0.9568185806274414,0.7496132254600525,0.21581996977329254,-0.027484288439154625,0.9650271534919739,0.7536447048187256,0.21794657409191132,-0.05792903155088425,0.9728473424911499,0.753634512424469,0.21680960059165955,-0.057923927903175354,0.9732500314712524,0.7535825967788696,0.21593624353408813,-0.05801864340901375,0.9772009253501892,0.7402390837669373,0.2148912400007248,0.011409942060709,0.897794246673584,0.7457467317581177,0.2145848274230957,-0.12661316990852356,0.9679195880889893,0.7467616200447083,0.24588651955127716,-0.016729164868593216,0.957268476486206,0.7483289241790771,0.24663721024990082,-0.05652254447340965,0.9773767590522766,0.7072671055793762,0.28347399830818176,0.09641320258378983,0.9944175481796265,0.7287672162055969,0.2872874140739441,-0.19327105581760406,0.9998809695243835,0.7073147296905518,0.39424821734428406,0.12255444377660751,0.014985302463173866,0.7270489931106567,0.4012760818004608,-0.2353845089673996,0.938306450843811,0.7182785868644714,0.49319949746131897,0.09211704879999161,0.033906612545251846,0.7396996021270752,0.5021653175354004,-0.22982020676136017,0.9166073799133301,0.7181126475334167,0.5248256325721741,0.09902916848659515,0.04433126747608185,0.7415758967399597,0.5301027894020081,-0.2585331201553345,0.8977696299552917,0.7234957218170166,0.521626353263855,0.07773467153310776,0.0440448597073555,0.7437311410903931,0.5313584804534912,-0.2455649971961975,0.8891469836235046,0.7227937579154968,0.5188573002815247,0.08125778287649155,0.04529004171490669,0.742607057094574,0.5216273069381714,-0.22427286207675934,0.8178418874740601,0.6984020471572876,0.4938661456108093,0.08986857533454895,0.9951282143592834,0.7182952761650085,0.49294906854629517,-0.09009068459272385,0.9970976114273071,0.702391505241394,0.626074492931366,0.1519654393196106,0.5233537554740906,0.7417678833007812,0.6262167096138,-0.0515071265399456,0.9718972444534302,0.6725805401802063,0.7741702795028687,0.24040083587169647,0.7213885188102722,0.7254035472869873,0.7871939539909363,0.03196679428219795,0.9761415123939514,0.6643052697181702,0.8010201454162598,0.24596282839775085,0.7366738319396973,0.7155600786209106,0.8122767210006714,0.03782572224736214,0.9206686615943909,0.6985808610916138,0.7998074293136597,0.214726522564888,0.7677311897277832,0.7608596682548523,0.818859875202179,-0.004371443763375282,0.9571369290351868,PD_Early,004_PD_01_MD.MOV
0.7537506818771362,0.23642337322235107,-0.0408821627497673,0.980400562286377,0.7526815533638,0.21731944382190704,-0.033225446939468384,0.9625411629676819,0.7515292763710022,0.21607904136180878,-0.03325707092881203,0.956541895866394,0.7502273321151733,0.21508406102657318,-0.0332469716668129,0.9648489952087402,0.7541309595108032,0.21733358502388,-0.06373675912618637,0.9726826548576355,0.7541099786758423,0.21619810163974762,-0.06373486667871475,0.9732713103294373,0.7540050148963928,0.2153175175189972,-0.06383155286312103,0.9773128628730774,0.7406002879142761,0.21434929966926575,0.005788476672023535,0.8988273739814758,0.7452490925788879,0.21412886679172516,-0.1319844275712967,0.9680845141410828,0.7481187582015991,0.24529960751533508,-0.022144028916954994,0.9580114483833313,0.7495391368865967,0.24611657857894897,-0.06191519275307655,0.9778459072113037,0.7103613018989563,0.28388670086860657,0.09165655821561813,0.9944391250610352,0.7298019528388977,0.28740939497947693,-0.1974971741437912,0.9998815059661865,0.7100927829742432,0.3950253129005432,0.1188938245177269,0.014403129927814007,0.7296443581581116,0.4048333168029785,-0.24072712659835815,0.9395210146903992,0.718454897403717,0.49762415885925293,0.09018334746360779,0.032511115074157715,0.7428267002105713,0.504168689250946,-0.23571942746639252,0.9177776575088501,0.7200613617897034,0.5249343514442444,0.09620364010334015,0.04290172830224037,0.7446566224098206,0.53171306848526,-0.26461172103881836,0.898939847946167,0.7262516617774963,0.522125244140625,0.07462253421545029,0.042591214179992676,0.7464826703071594,0.5322709083557129,-0.25252023339271545,0.8902828097343445,0.7242981195449829,0.5195564031600952,0.07911506295204163,0.043881770223379135,0.7455796003341675,0.5230050683021545,-0.23044246435165405,0.8198792338371277,0.7023338079452515,0.4938444495201111,0.08836083114147186,0.9951701164245605,0.721332311630249,0.49290385842323303,-0.08851495385169983,0.9971370100975037,0.7046067714691162,0.6273321509361267,0.14961852133274078,0.5188866853713989,0.7414700984954834,0.6279188394546509,-0.0512121319770813,0.9710736274719238,0.6728373169898987,0.7739537954330444,0.24083301424980164,0.7241119742393494,0.7259638905525208,0.787408709526062,0.03402593359351158,0.9759398698806763,0.6641823053359985,0.7978591918945312,0.24673451483249664,0.7398463487625122,0.7156986594200134,0.8121652007102966,0.040117956697940826,0.9208698272705078,0.6984789371490479,0.8010569214820862,0.21540901064872742,0.7725478410720825,0.7613826990127563,0.8189883232116699,-0.002872138051316142,0.9572650790214539,PD_Early,004_PD_01_MD.MOV
0.7567708492279053,0.23551425337791443,-0.044408753514289856,0.9796887636184692,0.7555010914802551,0.2154412716627121,-0.0361294224858284,0.9601696133613586,0.7544029951095581,0.2141280472278595,-0.036160118877887726,0.954035222530365,0.7531360983848572,0.2130778282880783,-0.03614293411374092,0.9629426002502441,0.7566922903060913,0.2155158966779709,-0.06705924868583679,0.9712366461753845,0.7565844655036926,0.21437133848667145,-0.06706245988607407,0.9721905589103699,0.7563517093658447,0.21347694098949432,-0.06716477870941162,0.9765500426292419,0.7430175542831421,0.21239425241947174,0.004618729464709759,0.8953856229782104,0.7473974823951721,0.21190011501312256,-0.13453954458236694,0.9667771458625793,0.7508065700531006,0.24475787580013275,-0.025097494944930077,0.9569603204727173,0.7520738840103149,0.24562586843967438,-0.0653311163187027,0.977411687374115,0.7119157910346985,0.2838778793811798,0.09059461951255798,0.994165301322937,0.7329806089401245,0.2871781289577484,-0.2008570283651352,0.999880850315094,0.712133526802063,0.3959634006023407,0.11665239185094833,0.013799513690173626,0.7334644198417664,0.4057227373123169,-0.24032719433307648,0.9411622881889343,0.7169619202613831,0.4985135793685913,0.08799406886100769,0.030911220237612724,0.7468899488449097,0.5041750073432922,-0.2328086644411087,0.9194086790084839,0.7179564833641052,0.5250205993652344,0.09361159801483154,0.04118269681930542,0.7488307952880859,0.5317221879959106,-0.2611275017261505,0.9008455276489258,0.7235927581787109,0.5232049226760864,0.07291938364505768,0.040816716849803925,0.7509117722511292,0.5322136282920837,-0.24941608309745789,0.892160952091217,0.7225319743156433,0.5194745659828186,0.07727555930614471,0.042131487280130386,0.7498734593391418,0.5229999423027039,-0.22752037644386292,0.8228152990341187,0.7062317728996277,0.49295660853385925,0.08796636015176773,0.9950221180915833,0.7243449091911316,0.49179449677467346,-0.08809398859739304,0.9970853328704834,0.7097909450531006,0.6276755332946777,0.13920794427394867,0.502825140953064,0.742097020149231,0.6306039094924927,-0.049171917140483856,0.9667284488677979,0.67653489112854,0.7711551785469055,0.22368760406970978,0.7136939167976379,0.7268511056900024,0.7872976660728455,0.03482087701559067,0.9736087918281555,0.6641426086425781,0.791985273361206,0.229266956448555,0.7360039949417114,0.7166286706924438,0.8121040463447571,0.04069026559591293,0.9195446968078613,0.6985882520675659,0.8015106320381165,0.1990065574645996,0.7697091698646545,0.7620722651481628,0.8187475204467773,-0.004912018775939941,0.9550694823265076,PD_Early,004_PD_01_MD.MOV
0.7592467069625854,0.23401576280593872,-0.05015529319643974,0.9791746139526367,0.7580298781394958,0.21365615725517273,-0.04067778214812279,0.9581747651100159,0.7569789290428162,0.21231050789356232,-0.040705617517232895,0.9522406458854675,0.7557563781738281,0.2111952155828476,-0.04067806899547577,0.9615579843521118,0.7590142488479614,0.21375975012779236,-0.07219763845205307,0.9700856804847717,0.7588402628898621,0.21263262629508972,-0.07220741361379623,0.971604585647583,0.7585502862930298,0.2115016132593155,-0.07231219857931137,0.9760881066322327,0.7453986406326294,0.2106957584619522,0.004220040049403906,0.8913213610649109,0.748672366142273,0.21023845672607422,-0.13716833293437958,0.9657387733459473,0.753156304359436,0.24348486959934235,-0.02925446443259716,0.955498456954956,0.7542405724525452,0.24444891512393951,-0.0702628344297409,0.9767743945121765,0.7149422764778137,0.283865749835968,0.09130087494850159,0.9937565326690674,0.7349159121513367,0.28693750500679016,-0.20315133035182953,0.999878466129303,0.7163407206535339,0.3964540958404541,0.11702146381139755,0.013274195604026318,0.7369496822357178,0.4060620665550232,-0.2406587451696396,0.942448616027832,0.7212186455726624,0.49960026144981384,0.08902779221534729,0.029581177979707718,0.7503802180290222,0.5038795471191406,-0.23213344812393188,0.9203039407730103,0.721574604511261,0.5251023173332214,0.09540552645921707,0.03978944569826126,0.752781331539154,0.5312203764915466,-0.2602430284023285,0.9018990397453308,0.7272825241088867,0.524314820766449,0.07463078945875168,0.03938319534063339,0.7550234198570251,0.5311567187309265,-0.24834370613098145,0.8930324912071228,0.7267637252807617,0.519481897354126,0.07839136570692062,0.04068413004279137,0.7537057399749756,0.5221180319786072,-0.22665268182754517,0.8242674469947815,0.7114184498786926,0.49193018674850464,0.08818123489618301,0.994864284992218,0.7268627882003784,0.4910651743412018,-0.0883101299405098,0.9970684051513672,0.714674174785614,0.6276746392250061,0.1391197293996811,0.4844993054866791,0.7424050569534302,0.6322101950645447,-0.05484640970826149,0.9638838171958923,0.6816497445106506,0.7673157453536987,0.22741346061229706,0.7068874835968018,0.7267639636993408,0.7874069809913635,0.013411554507911205,0.9727481007575989,0.6649690270423889,0.7858078479766846,0.23317693173885345,0.7355046272277832,0.716721773147583,0.8119031190872192,0.017006678506731987,0.9211244583129883,0.701231062412262,0.8013598918914795,0.20080254971981049,0.7711957693099976,0.7623846530914307,0.8183587789535522,-0.035710327327251434,0.9548118710517883,PD_Early,004_PD_01_MD.MOV
0.7609983086585999,0.23407752811908722,-0.052497729659080505,0.9793456196784973,0.7596606016159058,0.2137155532836914,-0.0426466204226017,0.9576869010925293,0.7586066722869873,0.21236926317214966,-0.04267416521906853,0.9521487951278687,0.7573825716972351,0.2112804800271988,-0.042645812034606934,0.9614549279212952,0.7605780959129333,0.21384117007255554,-0.07402615249156952,0.9699081778526306,0.7603538036346436,0.21271228790283203,-0.07403421401977539,0.971839964389801,0.7600089907646179,0.21159015595912933,-0.0741371139883995,0.976169764995575,0.7468387484550476,0.21083147823810577,0.004086430184543133,0.8910276293754578,0.7497708797454834,0.21030761301517487,-0.13705793023109436,0.9656601548194885,0.7550346255302429,0.24351517856121063,-0.030913403257727623,0.955503523349762,0.7560209035873413,0.24446840584278107,-0.07181347161531448,0.9767264127731323,0.7176570296287537,0.2841992974281311,0.09174319356679916,0.993637204170227,0.7362610697746277,0.2867929935455322,-0.20235766470432281,0.9998753666877747,0.7208727598190308,0.3967483937740326,0.11720944195985794,0.01305023767054081,0.7390391230583191,0.4059194326400757,-0.24045079946517944,0.9426701068878174,0.7329761981964111,0.49434471130371094,0.08984681218862534,0.029037730768322945,0.7525089383125305,0.5018370151519775,-0.23441582918167114,0.9205443859100342,0.7281848788261414,0.5251225829124451,0.09638392925262451,0.0393839105963707,0.7554470896720886,0.5290178060531616,-0.26272153854370117,0.9023725390434265,0.7384506464004517,0.5217978954315186,0.07542126625776291,0.038925960659980774,0.7571708559989929,0.5288926959037781,-0.25112780928611755,0.8933281898498535,0.7347274422645569,0.5161565542221069,0.07923179119825363,0.04018930718302727,0.7555007338523865,0.5198274850845337,-0.2291042059659958,0.8247064352035522,0.7162216901779175,0.49187713861465454,0.08810456842184067,0.9948351979255676,0.7293369174003601,0.49077486991882324,-0.08823280781507492,0.997078537940979,0.7177640795707703,0.6275079846382141,0.14315515756607056,0.47540104389190674,0.7429162859916687,0.6326697468757629,-0.054797422140836716,0.9620522260665894,0.6838917136192322,0.7646318078041077,0.23440289497375488,0.7064497470855713,0.7270944118499756,0.7884530425071716,0.01342795230448246,0.9721752405166626,0.6680824160575867,0.7810173034667969,0.2404211163520813,0.7378131747245789,0.7172872424125671,0.812084436416626,0.017080167308449745,0.9221246838569641,0.7038578391075134,0.8012744188308716,0.20809952914714813,0.7760299444198608,0.7629184722900391,0.8183059096336365,-0.03701303154230118,0.9549553394317627,PD_Early,004_PD_01_MD.MOV
0.7623879909515381,0.23367057740688324,-0.0674484595656395,0.9778717756271362,0.7609579563140869,0.21310950815677643,-0.057446062564849854,0.9539254307746887,0.7599475383758545,0.21177762746810913,-0.057469405233860016,0.9485630393028259,0.7587786316871643,0.21067671477794647,-0.057439882308244705,0.9585785865783691,0.7617038488388062,0.2131355255842209,-0.08883173018693924,0.9672895073890686,0.761398196220398,0.21197889745235443,-0.08884308487176895,0.9699108004570007,0.760972261428833,0.21085907518863678,-0.08894796669483185,0.9742909073829651,0.7478814721107483,0.21041589975357056,-0.007185186725109816,0.882813036441803,0.750359296798706,0.20988203585147858,-0.1487162709236145,0.9624308943748474,0.7564748525619507,0.24332670867443085,-0.044414326548576355,0.9520953893661499,0.7572647333145142,0.24425040185451508,-0.08539405465126038,0.9746342897415161,0.7191652059555054,0.2840193212032318,0.08539103716611862,0.9933681488037109,0.7374582886695862,0.2858111560344696,-0.2105758637189865,0.9998665452003479,0.7248092293739319,0.39676955342292786,0.1124814972281456,0.012947390787303448,0.741369366645813,0.40574222803115845,-0.24616995453834534,0.9427842497825623,0.73958420753479,0.491587370634079,0.0847632959485054,0.029092464596033096,0.756038248538971,0.5011307001113892,-0.23888131976127625,0.9207788109779358,0.737495481967926,0.5202743411064148,0.0912589356303215,0.03967270627617836,0.7587490677833557,0.5282077193260193,-0.26733338832855225,0.9028385281562805,0.744198203086853,0.521634042263031,0.0695672556757927,0.03916895017027855,0.7604852318763733,0.5280988216400146,-0.25621429085731506,0.8936408758163452,0.7427204847335815,0.5155587196350098,0.0739293247461319,0.04040692001581192,0.7588804960250854,0.5190559029579163,-0.23371060192584991,0.8250269889831543,0.7206544280052185,0.49171555042266846,0.0881802886724472,0.9946573972702026,0.7327960729598999,0.4907037913799286,-0.08831609040498734,0.9969725608825684,0.7226088643074036,0.6274063587188721,0.14731913805007935,0.46007686853408813,0.7444530725479126,0.6333913207054138,-0.05217235907912254,0.9577282667160034,0.6903740167617798,0.7620871067047119,0.2521906793117523,0.6952637434005737,0.7264578938484192,0.7887600660324097,0.019480226561427116,0.9698804616928101,0.6749770641326904,0.7784862518310547,0.2593931555747986,0.732056736946106,0.7168067693710327,0.8120697736740112,0.024340687319636345,0.920994222164154,0.7115758061408997,0.7972854375839233,0.22446756064891815,0.7738895416259766,0.7626148462295532,0.8182613849639893,-0.02840990014374256,0.9532462358474731,PD_Early,004_PD_01_MD.MOV
0.7657628655433655,0.23300838470458984,-0.08559180051088333,0.9762896299362183,0.7646732330322266,0.2126108855009079,-0.07549795508384705,0.9502980709075928,0.7637068629264832,0.21126264333724976,-0.07551030069589615,0.9453099370002747,0.7625827789306641,0.21009919047355652,-0.07546748220920563,0.9555802345275879,0.7654100060462952,0.21259813010692596,-0.10687877237796783,0.9648553133010864,0.7651358246803284,0.21141661703586578,-0.10689719021320343,0.9682219624519348,0.7647430300712585,0.21027450263500214,-0.10700427740812302,0.9724172353744507,0.7518441677093506,0.2093171775341034,-0.022810762748122215,0.8735253214836121,0.7541152238845825,0.20922964811325073,-0.1644773632287979,0.9589518308639526,0.7598358392715454,0.2426418513059616,-0.06162585690617561,0.9482424259185791,0.7607107162475586,0.2435552179813385,-0.10265260189771652,0.9723794460296631,0.7219315767288208,0.2835383415222168,0.07451148331165314,0.9929569959640503,0.7401339411735535,0.2855391502380371,-0.22490984201431274,0.9998610615730286,0.7282769083976746,0.39659932255744934,0.10251256078481674,0.012780938297510147,0.743162214756012,0.40509793162345886,-0.2581477463245392,0.9432840943336487,0.7427201867103577,0.4895346164703369,0.072267547249794,0.0288151353597641,0.7572315335273743,0.5002139806747437,-0.24949811398983002,0.9214172959327698,0.7418133616447449,0.5164200663566589,0.07861530035734177,0.03947959467768669,0.7597991228103638,0.5272727608680725,-0.2778841257095337,0.9037371277809143,0.7472031116485596,0.5205698609352112,0.05662773177027702,0.038968656212091446,0.7619016170501709,0.5269278287887573,-0.26824522018432617,0.8945069313049316,0.7461376190185547,0.5140566229820251,0.06127797067165375,0.040166985243558884,0.7603047490119934,0.5178952217102051,-0.24475128948688507,0.8259828090667725,0.7241140604019165,0.49088484048843384,0.09013389050960541,0.9945357441902161,0.7339599132537842,0.49037209153175354,-0.09028247743844986,0.9969592690467834,0.7273710370063782,0.6267765760421753,0.16246230900287628,0.4503774642944336,0.7465053796768188,0.6333560347557068,-0.05163898319005966,0.9562150835990906,0.6981794238090515,0.7586732506752014,0.27535438537597656,0.6914153099060059,0.7261455655097961,0.7899394631385803,0.02098272554576397,0.9696487784385681,0.6851745843887329,0.7751703262329102,0.28317388892173767,0.7322088479995728,0.7167468667030334,0.8129392862319946,0.024812541902065277,0.9225746989250183,0.7210372090339661,0.7882726788520813,0.2477712482213974,0.7776767015457153,0.7620822787284851,0.8183475732803345,-0.035513512790203094,0.9540697336196899,PD_Early,004_PD_01_MD.MOV
0.7693392634391785,0.23088768124580383,-0.10398117452859879,0.9757757186889648,0.7681248784065247,0.21035529673099518,-0.09402410686016083,0.9487589597702026,0.7672008275985718,0.2090192437171936,-0.09402931481599808,0.9437713027000427,0.7661192417144775,0.20781078934669495,-0.09398264437913895,0.954276442527771,0.7686359286308289,0.21028073132038116,-0.1251538246870041,0.963948130607605,0.7682449221611023,0.20909349620342255,-0.12517841160297394,0.9675590395927429,0.7677302956581116,0.20792889595031738,-0.12528355419635773,0.971754252910614,0.7552997469902039,0.20688065886497498,-0.039352357387542725,0.8689157962799072,0.7565966844558716,0.20682960748672485,-0.18016308546066284,0.9574968218803406,0.7628834247589111,0.24067161977291107,-0.07928571850061417,0.9471303820610046,0.7635591626167297,0.24171876907348633,-0.1200215071439743,0.9718210101127625,0.7251527309417725,0.2824356257915497,0.05997232720255852,0.9927108287811279,0.7401237487792969,0.284580260515213,-0.2382146716117859,0.9998576641082764,0.7314117550849915,0.3965899348258972,0.08876796811819077,0.01287244912236929,0.7433615922927856,0.4044252634048462,-0.2710148096084595,0.9442881941795349,0.7475929856300354,0.48913946747779846,0.05517157167196274,0.029159924015402794,0.7573699355125427,0.5002193450927734,-0.26020804047584534,0.9224893450737,0.7504674196243286,0.5154059529304504,0.05985337123274803,0.040013715624809265,0.7602397203445435,0.527215301990509,-0.2887611389160156,0.9045558571815491,0.7528335452079773,0.5199238061904907,0.037736598402261734,0.03957829251885414,0.7626377940177917,0.5264483690261841,-0.28082478046417236,0.8954598307609558,0.7504684329032898,0.5131935477256775,0.04388685151934624,0.040721189230680466,0.7612343430519104,0.5174863934516907,-0.2561686336994171,0.8275917172431946,0.7274481654167175,0.4903244078159332,0.09122192114591599,0.9945282936096191,0.7347257137298584,0.48991093039512634,-0.09136433154344559,0.9969528913497925,0.7311671376228333,0.626300036907196,0.16581441462039948,0.4428528845310211,0.747452437877655,0.633284866809845,-0.04780292138457298,0.9547632336616516,0.7018715739250183,0.7590775489807129,0.27705302834510803,0.6892010569572449,0.7259044051170349,0.7899367809295654,0.03282753750681877,0.9693418741226196,0.6903911232948303,0.7757478952407837,0.2844305634498596,0.7333561182022095,0.716455340385437,0.8128505349159241,0.036905769258737564,0.9240292906761169,0.723939836025238,0.7871222496032715,0.2466481477022171,0.7816973924636841,0.7619642019271851,0.8183234333992004,-0.033796682953834534,0.9548315405845642,PD_Early,004_PD_01_MD.MOV
0.7712602615356445,0.23104673624038696,-0.09208385646343231,0.9759523868560791,0.7698736786842346,0.21055346727371216,-0.08260024338960648,0.9484165906906128,0.7688887715339661,0.20922096073627472,-0.08260070532560349,0.9436084628105164,0.7677534818649292,0.20803247392177582,-0.08254342526197433,0.9543530941009521,0.7703437805175781,0.2104092836380005,-0.11399205029010773,0.9637081623077393,0.7698869109153748,0.20918045938014984,-0.11402108520269394,0.9674316644668579,0.7693301439285278,0.20798899233341217,-0.11412786692380905,0.9715120196342468,0.7574914693832397,0.20716692507266998,-0.02987322025001049,0.8673163056373596,0.7592487335205078,0.20696239173412323,-0.17201383411884308,0.9568752646446228,0.7643069624900818,0.2406950742006302,-0.06822314858436584,0.9471176862716675,0.7650617361068726,0.24177178740501404,-0.10934913903474808,0.9715397357940674,0.7258034348487854,0.28209060430526733,0.06816410273313522,0.9926930069923401,0.7420967221260071,0.28295549750328064,-0.23443956673145294,0.999854326248169,0.7327890396118164,0.39579376578330994,0.09630335867404938,0.012838142924010754,0.7453648447990417,0.40240243077278137,-0.2675032913684845,0.9455478191375732,0.7504720687866211,0.48640063405036926,0.06379928439855576,0.029665816575288773,0.7594929933547974,0.500032901763916,-0.2545987069606781,0.9239048361778259,0.7542619109153748,0.5134094953536987,0.06912430375814438,0.04070768877863884,0.7625084519386292,0.527041494846344,-0.28316619992256165,0.90558260679245,0.7566019892692566,0.5183274149894714,0.04657362774014473,0.04043353721499443,0.7650049924850464,0.5260003805160522,-0.274196594953537,0.8966602087020874,0.7542726397514343,0.510732889175415,0.05230800807476044,0.041565507650375366,0.7636995911598206,0.5169845819473267,-0.2502329647541046,0.8296331763267517,0.7303449511528015,0.49037012457847595,0.09429050981998444,0.9945583343505859,0.7377814650535583,0.48988133668899536,-0.09440279006958008,0.996832549571991,0.7367522120475769,0.6264347434043884,0.15024127066135406,0.4260474443435669,0.7482519149780273,0.633230984210968,-0.04956268519163132,0.9533494114875793,0.7107202410697937,0.7621652483940125,0.24273349344730377,0.6832536458969116,0.724601149559021,0.7901431322097778,0.03273194283246994,0.9696972370147705,0.7014645338058472,0.7790334820747375,0.24729587137699127,0.7329743504524231,0.7146467566490173,0.8127807378768921,0.03701351583003998,0.926033616065979,0.7391186952590942,0.7932963967323303,0.2022673785686493,0.7847093343734741,0.7576125264167786,0.8188021779060364,-0.02827059105038643,0.9563366174697876,PD_Early,004_PD_01_MD.MOV
0.7733490467071533,0.23156987130641937,-0.09042748808860779,0.9740287065505981,0.7720151543617249,0.2107776403427124,-0.08084884285926819,0.945267379283905,0.7709170579910278,0.20946429669857025,-0.08085028827190399,0.9403775930404663,0.7697483897209167,0.20830656588077545,-0.08079694211483002,0.9520441293716431,0.7725513577461243,0.2105455994606018,-0.1121736690402031,0.9606968760490417,0.7720227837562561,0.2093077450990677,-0.11220551282167435,0.964528501033783,0.7714874148368835,0.2081243097782135,-0.11232305318117142,0.9688801169395447,0.7601391673088074,0.2077828347682953,-0.028326604515314102,0.8602659106254578,0.7622051239013672,0.20730429887771606,-0.1702427864074707,0.9529264569282532,0.7666308283805847,0.24150621891021729,-0.066695436835289,0.9444639086723328,0.7674343585968018,0.24244514107704163,-0.1077565997838974,0.969166100025177,0.7278499007225037,0.28208673000335693,0.07051070034503937,0.9926049709320068,0.7455537915229797,0.28226396441459656,-0.2346678078174591,0.999845027923584,0.7354742884635925,0.39426347613334656,0.09875379502773285,0.012836025096476078,0.7485588788986206,0.3999638259410858,-0.26823848485946655,0.9456923604011536,0.7551195025444031,0.4858504831790924,0.06596046686172485,0.030014201998710632,0.7624601125717163,0.5000800490379333,-0.25488755106925964,0.9244346618652344,0.7593197226524353,0.5131329298019409,0.07125797122716904,0.04095465689897537,0.7653052806854248,0.5270947217941284,-0.2837735414505005,0.9054670333862305,0.7617260217666626,0.5175216794013977,0.04869414493441582,0.04083457961678505,0.7676945328712463,0.5258289575576782,-0.27510690689086914,0.8966703414916992,0.7594722509384155,0.5091811418533325,0.05432944744825363,0.04195096716284752,0.7665192484855652,0.5167976021766663,-0.25070837140083313,0.8295459747314453,0.7319265007972717,0.4903857111930847,0.09586635231971741,0.9945101737976074,0.7397474646568298,0.489882230758667,-0.09599607437849045,0.9965797066688538,0.7402714490890503,0.6266753077507019,0.14938649535179138,0.4027279019355774,0.7476087808609009,0.6332899332046509,-0.047414228320121765,0.9448333382606506,0.7213183641433716,0.7692843675613403,0.24298055469989777,0.6576569080352783,0.7245575785636902,0.79045170545578,0.0422997921705246,0.9652796387672424,0.713280975818634,0.7917793989181519,0.2476670891046524,0.7158229947090149,0.7148160338401794,0.8135352730751038,0.04708565026521683,0.9225336909294128,0.754406750202179,0.7953829169273376,0.20138147473335266,0.7717020511627197,0.7578049302101135,0.8185135126113892,-0.021881872788071632,0.9537770748138428,PD_Early,004_PD_01_MD.MOV
0.7756519913673401,0.23217274248600006,-0.0937545970082283,0.9730690121650696,0.7740557193756104,0.21097393333911896,-0.0838717594742775,0.9440073370933533,0.7730100154876709,0.20970115065574646,-0.08387520909309387,0.9392825365066528,0.7718241214752197,0.20858430862426758,-0.08382300287485123,0.9513105154037476,0.7745954990386963,0.21066348254680634,-0.11562588810920715,0.9592325091362,0.7741182446479797,0.20942579209804535,-0.11565995961427689,0.9631170630455017,0.7735572457313538,0.20824389159679413,-0.11577820032835007,0.9675171375274658,0.7620944976806641,0.2084207981824875,-0.030352158471941948,0.8575339317321777,0.7641801834106445,0.20816834270954132,-0.1741550713777542,0.9512268900871277,0.7689199447631836,0.2423018515110016,-0.06958142668008804,0.9433337450027466,0.7697688341140747,0.24310873448848724,-0.11120711266994476,0.96785569190979,0.7288549542427063,0.28278490900993347,0.07038796693086624,0.9926348924636841,0.7482072710990906,0.28231486678123474,-0.23880265653133392,0.9998385906219482,0.7366296052932739,0.3946596682071686,0.09808780997991562,0.01284066028892994,0.7522850632667542,0.40044263005256653,-0.2723495364189148,0.9461933374404907,0.7562334537506104,0.4860527217388153,0.06414549052715302,0.030419526621699333,0.765269935131073,0.500950813293457,-0.25902146100997925,0.9253885746002197,0.7602846622467041,0.5130775570869446,0.06976326555013657,0.041293639689683914,0.767713725566864,0.5272316932678223,-0.28885841369628906,0.9060304164886475,0.7619697451591492,0.5169245600700378,0.046523816883563995,0.04129806160926819,0.769770622253418,0.525938868522644,-0.2792486846446991,0.8973689675331116,0.7607511281967163,0.5089433193206787,0.05218244716525078,0.04241015389561653,0.7688406705856323,0.5171664953231812,-0.2546047568321228,0.8304111957550049,0.733282744884491,0.4905511438846588,0.09738834202289581,0.9945112466812134,0.7425234913825989,0.48992812633514404,-0.09753486514091492,0.9963998198509216,0.7409612536430359,0.6275712847709656,0.149500772356987,0.38380977511405945,0.7468871474266052,0.6335655450820923,-0.04571804776787758,0.9397773146629333,0.7264435887336731,0.7711896300315857,0.24559777975082397,0.6380716562271118,0.7251803874969482,0.7906613945960999,0.047385141253471375,0.9626335501670837,0.717646598815918,0.7964726686477661,0.2493751049041748,0.7034200429916382,0.7158445119857788,0.8138812184333801,0.05248529836535454,0.9204471111297607,0.7577465176582336,0.7965044975280762,0.20809969305992126,0.7633715867996216,0.7585108280181885,0.8171375393867493,-0.015394283458590508,0.9524622559547424,PD_Early,004_PD_01_MD.MOV
0.7782599925994873,0.23370563983917236,-0.09994841367006302,0.9721994400024414,0.7768937945365906,0.21284416317939758,-0.08991298824548721,0.9430810809135437,0.7758855223655701,0.21154552698135376,-0.08991803973913193,0.9384894967079163,0.7745667099952698,0.21037805080413818,-0.08987285941839218,0.9507676959037781,0.7773513197898865,0.2124309539794922,-0.12186246365308762,0.9579991102218628,0.7767145037651062,0.21109634637832642,-0.12189552932977676,0.962056577205658,0.7761255502700806,0.20984677970409393,-0.12200673669576645,0.9663915634155273,0.7650933861732483,0.21004658937454224,-0.03556356206536293,0.8551283478736877,0.7670881748199463,0.21001668274402618,-0.18057306110858917,0.9502125382423401,0.7716371417045593,0.24369294941425323,-0.07541775703430176,0.9416885375976562,0.7725093364715576,0.2442464828491211,-0.11743089556694031,0.9663275480270386,0.7310654520988464,0.2829969823360443,0.06607461720705032,0.9927281737327576,0.750018835067749,0.28236061334609985,-0.2436332404613495,0.9998329281806946,0.7384474873542786,0.39471161365509033,0.09550678730010986,0.012736224569380283,0.7538222670555115,0.4005680978298187,-0.2766677141189575,0.9467781782150269,0.7597178816795349,0.48610132932662964,0.06438545137643814,0.03072868473827839,0.7672633528709412,0.5015736818313599,-0.26444047689437866,0.9262266755104065,0.7621998190879822,0.5134801864624023,0.07102452218532562,0.041476570069789886,0.7691838145256042,0.5272653698921204,-0.29427003860473633,0.9066239595413208,0.7652040719985962,0.5166188478469849,0.04727031663060188,0.041593264788389206,0.771101176738739,0.5259696841239929,-0.28426674008369446,0.8981895446777344,0.7641638517379761,0.508918046951294,0.05229576677083969,0.04271693900227547,0.7703529596328735,0.5173715353012085,-0.2599644362926483,0.8314523100852966,0.7350231409072876,0.49058330059051514,0.09752116352319717,0.9945400357246399,0.7443352937698364,0.4896354377269745,-0.09767815470695496,0.9961853623390198,0.742298424243927,0.6292597055435181,0.14909744262695312,0.3661171495914459,0.7469858527183533,0.633246898651123,-0.045946672558784485,0.9360265135765076,0.733538806438446,0.7722069025039673,0.24500200152397156,0.6177330017089844,0.7273605465888977,0.7889857292175293,0.04684402793645859,0.9593464136123657,0.7230140566825867,0.798686683177948,0.24955253303050995,0.6891078948974609,0.7184461355209351,0.8124905228614807,0.052262745797634125,0.9162527918815613,0.7658183574676514,0.7971895933151245,0.20420211553573608,0.7534979581832886,0.761029839515686,0.8134713172912598,-0.012243246659636497,0.9504666924476624,PD_Early,004_PD_01_MD.MOV
0.7808586359024048,0.2339014708995819,-0.10221906751394272,0.9715501070022583,0.7791833877563477,0.213308185338974,-0.09235170483589172,0.9423316717147827,0.7780959010124207,0.21198847889900208,-0.09235738962888718,0.9381088018417358,0.7766008377075195,0.2107902616262436,-0.09231246262788773,0.9501364231109619,0.779882550239563,0.21288752555847168,-0.1240895465016365,0.9567916393280029,0.7794420719146729,0.21151147782802582,-0.12411817908287048,0.961004912853241,0.7786465883255005,0.2102041244506836,-0.12422458082437515,0.9647983908653259,0.7674164175987244,0.21032603085041046,-0.038820359855890274,0.8525987267494202,0.770069420337677,0.2102714478969574,-0.18274334073066711,0.9487940073013306,0.7744379639625549,0.2437782883644104,-0.07798942923545837,0.9398447275161743,0.7755125164985657,0.2442820817232132,-0.11973349004983902,0.9644735455513,0.73313307762146,0.2830524146556854,0.06321374326944351,0.9928783774375916,0.7523689270019531,0.2819420099258423,-0.24666890501976013,0.9998308420181274,0.7393378019332886,0.3947288393974304,0.09141097962856293,0.01261473260819912,0.7549893260002136,0.3999970555305481,-0.27822011709213257,0.9477075934410095,0.7563406229019165,0.4855741262435913,0.060567621141672134,0.030744489282369614,0.7685074210166931,0.5012032389640808,-0.26556527614593506,0.9275516867637634,0.7564582824707031,0.518898069858551,0.06746252626180649,0.041233014315366745,0.7703575491905212,0.526555597782135,-0.2953634560108185,0.9079878926277161,0.7638790607452393,0.5147691965103149,0.04354226589202881,0.041404955089092255,0.772455632686615,0.5255086421966553,-0.28455814719200134,0.8998646140098572,0.7618752717971802,0.5080946683883667,0.048467688262462616,0.04253543168306351,0.7715807557106018,0.5170985460281372,-0.26069432497024536,0.8333994746208191,0.7379029393196106,0.4888549745082855,0.09826483577489853,0.9945246577262878,0.7442406415939331,0.4870748519897461,-0.09845571964979172,0.9960265755653381,0.7477816939353943,0.6290286779403687,0.15070611238479614,0.3528110086917877,0.7466574311256409,0.6314737796783447,-0.04717707261443138,0.9356634020805359,0.7467769980430603,0.7714787721633911,0.25573375821113586,0.6050636172294617,0.7277901768684387,0.7884861826896667,0.04590178653597832,0.9587582349777222,0.7360130548477173,0.7971649169921875,0.2615545094013214,0.6781237721443176,0.7193469405174255,0.8114026188850403,0.05179090425372124,0.9151597023010254,0.7772836089134216,0.7971863746643066,0.21382585167884827,0.7478672862052917,0.7614360451698303,0.8135823011398315,-0.012237127870321274,0.9506963491439819,PD_Early,004_PD_01_MD.MOV
0.7824193835258484,0.2339092642068863,-0.10275550186634064,0.9715988039970398,0.7806917428970337,0.21323104202747345,-0.09308702498674393,0.9426695704460144,0.7796041369438171,0.21191474795341492,-0.09309465438127518,0.9387113451957703,0.7782820463180542,0.21073295176029205,-0.09304952621459961,0.9502703547477722,0.7815605401992798,0.21283483505249023,-0.12476860731840134,0.9566794037818909,0.7810322642326355,0.21146875619888306,-0.12479958683252335,0.96086186170578,0.7804591059684753,0.21018105745315552,-0.12490654736757278,0.964181661605835,0.7686023712158203,0.210346519947052,-0.04025747999548912,0.8522014021873474,0.7713857889175415,0.21029581129550934,-0.18395859003067017,0.9487492442131042,0.7755213975906372,0.24380947649478912,-0.07873835414648056,0.9399347305297852,0.77669757604599,0.24429579079151154,-0.12043575197458267,0.9640607237815857,0.7343119978904724,0.28285983204841614,0.06100177392363548,0.9931584000587463,0.7535887360572815,0.28182584047317505,-0.24714422225952148,0.9998349547386169,0.7398732900619507,0.3947845697402954,0.08720250427722931,0.012738645076751709,0.7559505701065063,0.4000219702720642,-0.2772144079208374,0.9491028189659119,0.7587697505950928,0.48429781198501587,0.052008528262376785,0.030992213636636734,0.7695847749710083,0.501220703125,-0.2633475661277771,0.929515540599823,0.7584705948829651,0.5144599676132202,0.05771048367023468,0.04116257280111313,0.7711373567581177,0.5265999436378479,-0.29260316491127014,0.9100651144981384,0.7647945284843445,0.5135008692741394,0.03439628332853317,0.04142199829220772,0.7732143998146057,0.5255881547927856,-0.2823408544063568,0.9023816585540771,0.764241099357605,0.5047078132629395,0.04004552215337753,0.04256298393011093,0.7724634408950806,0.5171300768852234,-0.2585994005203247,0.8367595076560974,0.7399778366088867,0.48745375871658325,0.09847169369459152,0.9946728944778442,0.7451611757278442,0.4853222370147705,-0.09868185222148895,0.9961069226264954,0.750502347946167,0.6279358863830566,0.15907925367355347,0.3414878249168396,0.746453583240509,0.6298404335975647,-0.05240548402070999,0.9343647360801697,0.7529689073562622,0.7710954546928406,0.27476346492767334,0.5948434472084045,0.727972149848938,0.7878108024597168,0.042540714144706726,0.9576719403266907,0.7437297105789185,0.7964417338371277,0.28188982605934143,0.6699486374855042,0.7196040749549866,0.8102499842643738,0.04901961609721184,0.9128093719482422,0.7823846340179443,0.7969843149185181,0.2360973060131073,0.7430065870285034,0.7610619068145752,0.8140103220939636,-0.01851811073720455,0.9504203200340271,PD_Early,004_PD_01_MD.MOV
0.7859880924224854,0.23400484025478363,-0.10166721045970917,0.9732456207275391,0.7845936417579651,0.213420569896698,-0.09268604218959808,0.9461284875869751,0.7835579514503479,0.2120794653892517,-0.09269604831933975,0.9424177408218384,0.7821043133735657,0.21084830164909363,-0.09265300631523132,0.9530659914016724,0.7852440476417542,0.21304868161678314,-0.1232462152838707,0.959094226360321,0.7847967743873596,0.21167974174022675,-0.12327621877193451,0.9629513025283813,0.7839758396148682,0.21035636961460114,-0.12336942553520203,0.9658715128898621,0.772652804851532,0.21037639677524567,-0.042305681854486465,0.8595627546310425,0.7748581767082214,0.21038775146007538,-0.1812272071838379,0.9516449570655823,0.7789722084999084,0.243894562125206,-0.07862309366464615,0.9436028599739075,0.7800216674804688,0.24438275396823883,-0.11893098056316376,0.9661788940429688,0.7377121448516846,0.28272008895874023,0.05404593050479889,0.9935991764068604,0.754052460193634,0.2816639840602875,-0.24212481081485748,0.9998456835746765,0.7420387268066406,0.3930303454399109,0.08009540289640427,0.013045662082731724,0.7563505172729492,0.39947953820228577,-0.2695026397705078,0.9504998922348022,0.7572035193443298,0.4843234717845917,0.04568587988615036,0.031127944588661194,0.7705842852592468,0.5011720061302185,-0.2472347468137741,0.9308141469955444,0.7571765780448914,0.5146288871765137,0.04887565225362778,0.04101235792040825,0.7719603776931763,0.5266352891921997,-0.27375900745391846,0.9113765954971313,0.7647178173065186,0.5128440856933594,0.027470091357827187,0.041357848793268204,0.7742888927459717,0.5256512761116028,-0.2677270174026489,0.9040625095367432,0.7632817625999451,0.5034348368644714,0.03440877050161362,0.042551442980766296,0.7734489440917969,0.5171744227409363,-0.2438848465681076,0.8390991687774658,0.7446466684341431,0.4874739944934845,0.09683521091938019,0.9950379133224487,0.7456554770469666,0.4854762852191925,-0.09706150740385056,0.9963895082473755,0.7541553378105164,0.6273685097694397,0.16437284648418427,0.33228936791419983,0.7463014721870422,0.6289307475090027,-0.05521612614393234,0.9344959855079651,0.7657538056373596,0.7710704207420349,0.2799609899520874,0.5914459228515625,0.7277606129646301,0.7866411209106445,0.02882993593811989,0.957119882106781,0.7597560286521912,0.7961329817771912,0.2872371971607208,0.6662065982818604,0.7186672687530518,0.8102979063987732,0.033215396106243134,0.9087419509887695,0.7982838153839111,0.7943528294563293,0.24529987573623657,0.74349045753479,0.7605978846549988,0.8140764832496643,-0.03417353704571724,0.9503892064094543,PD_Early,004_PD_01_MD.MOV
0.7898143529891968,0.23524630069732666,-0.10107728093862534,0.974655270576477,0.7887375354766846,0.21449320018291473,-0.09244264662265778,0.9491658210754395,0.7877401113510132,0.2130415290594101,-0.09245382249355316,0.9456794857978821,0.7865549921989441,0.21167737245559692,-0.0924152210354805,0.9554803967475891,0.7891263365745544,0.21416465938091278,-0.12278104573488235,0.9611571431159973,0.7885733246803284,0.21272143721580505,-0.12280958145856857,0.9647156000137329,0.7879037261009216,0.21128778159618378,-0.12289907038211823,0.9672178626060486,0.7765750885009766,0.21074455976486206,-0.04343743622303009,0.8660832643508911,0.7783849239349365,0.21070536971092224,-0.181338369846344,0.9541255235671997,0.7828998565673828,0.24441590905189514,-0.07853417843580246,0.9468287229537964,0.7836286425590515,0.24487081170082092,-0.11857978999614716,0.9680598974227905,0.7416990399360657,0.282719224691391,0.05065116658806801,0.9939789772033691,0.7556440830230713,0.2816791832447052,-0.24007001519203186,0.9998544454574585,0.7448769211769104,0.3930661082267761,0.07840963453054428,0.013409091159701347,0.758048415184021,0.39950859546661377,-0.2659543752670288,0.9512558579444885,0.7601076364517212,0.4844888150691986,0.04665675014257431,0.03142659366130829,0.7733869552612305,0.5016630291938782,-0.2417861670255661,0.93170166015625,0.7593821883201599,0.5136337876319885,0.049783457070589066,0.04110056161880493,0.774990439414978,0.5269259810447693,-0.2676561176776886,0.9123066067695618,0.766643762588501,0.5129011869430542,0.028635110706090927,0.04153532162308693,0.7771599888801575,0.5259099006652832,-0.2619011402130127,0.9052938222885132,0.7664129137992859,0.5033866167068481,0.03554242104291916,0.04280597344040871,0.7762351632118225,0.5175705552101135,-0.23846837878227234,0.8407160639762878,0.7477606534957886,0.48764991760253906,0.09497423470020294,0.9953416585922241,0.7471655011177063,0.4860305190086365,-0.0952012836933136,0.996628999710083,0.7573747634887695,0.6265739798545837,0.16631929576396942,0.3243221342563629,0.7463616132736206,0.6282984018325806,-0.05585499852895737,0.933758556842804,0.7689324021339417,0.7711464762687683,0.2821296751499176,0.5875433087348938,0.7268491387367249,0.7865706086158752,0.026833685114979744,0.9557358026504517,0.7632213234901428,0.7974645495414734,0.28958240151405334,0.6613878011703491,0.7171030044555664,0.8109217286109924,0.031132450327277184,0.9029781818389893,0.8017440438270569,0.7943582534790039,0.24943676590919495,0.7421026229858398,0.7601348161697388,0.8148825168609619,-0.035086553543806076,0.9491859078407288,PD_Early,004_PD_01_MD.MOV
0.7911142110824585,0.2353026568889618,-0.10396374017000198,0.9755052328109741,0.7898973226547241,0.21479444205760956,-0.09556498378515244,0.9511634707450867,0.788940966129303,0.21334369480609894,-0.09557901322841644,0.9478253722190857,0.7877922058105469,0.21197304129600525,-0.095543272793293,0.9569726586341858,0.7904841899871826,0.21450765430927277,-0.1259576976299286,0.9624021649360657,0.7897152304649353,0.21306182444095612,-0.12598943710327148,0.965778112411499,0.7890570163726807,0.21163715422153473,-0.12608228623867035,0.9679230451583862,0.777779221534729,0.2109290361404419,-0.046541497111320496,0.869661271572113,0.7795799970626831,0.21086890995502472,-0.18474240601062775,0.9557608366012573,0.784138560295105,0.24447187781333923,-0.08133228868246078,0.9489598274230957,0.7847663760185242,0.244920015335083,-0.12145986407995224,0.969261109828949,0.7448875904083252,0.2827484905719757,0.04896946996450424,0.9942880868911743,0.7569350004196167,0.2816929221153259,-0.24147988855838776,0.9998608827590942,0.74512779712677,0.393086701631546,0.07870260626077652,0.013742238283157349,0.7601603865623474,0.3990171551704407,-0.2659676671028137,0.9521441459655762,0.763340950012207,0.4849880039691925,0.04836563393473625,0.03175648674368858,0.7747634649276733,0.5016773343086243,-0.24317246675491333,0.9330166578292847,0.7657108306884766,0.5136279463768005,0.05200689658522606,0.041233476251363754,0.7763330340385437,0.5271434187889099,-0.2693939208984375,0.9136565923690796,0.7696433663368225,0.5132148265838623,0.03040224127471447,0.04176813364028931,0.778666615486145,0.5261704325675964,-0.2632603049278259,0.9069576263427734,0.7692974805831909,0.5036419630050659,0.037140049040317535,0.043109048157930374,0.7777779698371887,0.5178225040435791,-0.23973150551319122,0.8430668115615845,0.7504359483718872,0.487688809633255,0.09418535232543945,0.9955980181694031,0.7486395239830017,0.4861072599887848,-0.09441542625427246,0.9968307614326477,0.7602390646934509,0.6257603764533997,0.16472747921943665,0.317313551902771,0.7469073534011841,0.6273038983345032,-0.06076226755976677,0.9321788549423218,0.770068883895874,0.7715404629707336,0.2761027216911316,0.5834079384803772,0.7267138957977295,0.7861635088920593,0.019019480794668198,0.9540984630584717,0.7640430927276611,0.7979801297187805,0.2831384241580963,0.6560251116752625,0.7165690064430237,0.8111869692802429,0.022936619818210602,0.8969568014144897,0.8016355037689209,0.7952844500541687,0.24218373000621796,0.7400845885276794,0.7598918080329895,0.8149014115333557,-0.04396835342049599,0.9477593898773193,PD_Early,004_PD_01_MD.MOV
0.7939010262489319,0.2370792180299759,-0.10310986638069153,0.9758809208869934,0.7931434512138367,0.2160901576280594,-0.09413659572601318,0.9519855976104736,0.7918646335601807,0.2144865095615387,-0.09415040165185928,0.9486854672431946,0.7907508015632629,0.21290695667266846,-0.09410646557807922,0.9573038220405579,0.7934638261795044,0.21561944484710693,-0.12560825049877167,0.9626943469047546,0.7928305864334106,0.21407881379127502,-0.12563160061836243,0.9660043120384216,0.7918094396591187,0.2125011682510376,-0.12572650611400604,0.9677428603172302,0.7810050845146179,0.2112351804971695,-0.042672887444496155,0.8698529601097107,0.7826880812644958,0.21108514070510864,-0.182494655251503,0.9563573002815247,0.7869073152542114,0.24556373059749603,-0.07986200600862503,0.9500100612640381,0.7874383926391602,0.24578244984149933,-0.12103423476219177,0.9697973728179932,0.7486146688461304,0.28279608488082886,0.05282630771398544,0.9945085048675537,0.759283721446991,0.2813478112220764,-0.2412559688091278,0.9998664855957031,0.7465736865997314,0.39391136169433594,0.08208586275577545,0.013653128407895565,0.7616466879844666,0.39674100279808044,-0.26362723112106323,0.9520002007484436,0.7660594582557678,0.48541682958602905,0.05154937878251076,0.031569600105285645,0.7763465642929077,0.5009804368019104,-0.24185234308242798,0.9337270259857178,0.7693172693252563,0.5137042999267578,0.05515676364302635,0.04089629277586937,0.7780318856239319,0.5266522765159607,-0.26771536469459534,0.9146501421928406,0.7722969055175781,0.513251543045044,0.03377716243267059,0.041495759040117264,0.7803665995597839,0.5255681276321411,-0.2616087794303894,0.9082126617431641,0.7719064950942993,0.5039226412773132,0.04042959213256836,0.04293813183903694,0.7794948220252991,0.5173749923706055,-0.23840197920799255,0.8448103666305542,0.7548558115959167,0.4877316653728485,0.09392128139734268,0.995807945728302,0.7517238855361938,0.4861886501312256,-0.09414754062891006,0.9969903230667114,0.7632007598876953,0.6257508993148804,0.16419050097465515,0.3086455166339874,0.7486043572425842,0.6273776292800903,-0.060478828847408295,0.9307301640510559,0.7711442708969116,0.7716309428215027,0.27398812770843506,0.5761409401893616,0.7266063094139099,0.7860993146896362,0.0203437227755785,0.9522976875305176,0.7653569579124451,0.7980208396911621,0.28080347180366516,0.6497703194618225,0.7163131833076477,0.811235249042511,0.024700939655303955,0.8912383317947388,0.8031535744667053,0.7967193722724915,0.23949868977069855,0.7358834147453308,0.7596213817596436,0.8153290748596191,-0.0401998832821846,0.9460960626602173,PD_Early,004_PD_01_MD.MOV
0.7973055243492126,0.23802097141742706,-0.08351075649261475,0.976431667804718,0.796582043170929,0.2168511152267456,-0.07681261748075485,0.953241765499115,0.7955362796783447,0.21523138880729675,-0.07681764662265778,0.9500446915626526,0.7939271926879883,0.21364663541316986,-0.07678704708814621,0.9581322073936462,0.7970354557037354,0.216426283121109,-0.1062481477856636,0.9632176160812378,0.7965230345726013,0.214713916182518,-0.10627467185258865,0.9663065075874329,0.795879602432251,0.213095024228096,-0.10636863112449646,0.967652440071106,0.784257173538208,0.21174268424510956,-0.03768749162554741,0.8722119927406311,0.7863660454750061,0.21135853230953217,-0.17044858634471893,0.9570930600166321,0.7904568910598755,0.2463103085756302,-0.06454635411500931,0.9514889717102051,0.7911551594734192,0.2463289052248001,-0.10335026681423187,0.9705430269241333,0.7516499161720276,0.28317785263061523,0.0540209598839283,0.9947742819786072,0.7643364667892456,0.28114697337150574,-0.23196318745613098,0.9998716115951538,0.7457405924797058,0.39516007900238037,0.08167658001184464,0.013697479851543903,0.7662597894668579,0.3958003520965576,-0.25491032004356384,0.9515103697776794,0.7661765813827515,0.487138032913208,0.05261743813753128,0.03159072995185852,0.7790695428848267,0.5009428858757019,-0.23216348886489868,0.9336864352226257,0.768183171749115,0.513778030872345,0.05657009035348892,0.040804821997880936,0.7810220718383789,0.5264776349067688,-0.25704851746559143,0.9147704839706421,0.7737258672714233,0.513394296169281,0.03388141095638275,0.04143400490283966,0.7832847237586975,0.5250110030174255,-0.2511136531829834,0.9085256457328796,0.773459792137146,0.5054164528846741,0.04104422405362129,0.04296799749135971,0.7823561429977417,0.5168996453285217,-0.22881488502025604,0.8453208804130554,0.7563103437423706,0.4877951741218567,0.09269414842128754,0.9960413575172424,0.755163848400116,0.4864131212234497,-0.0929097980260849,0.9971357583999634,0.7656232118606567,0.6257494688034058,0.15761923789978027,0.3013962209224701,0.7524749636650085,0.6274048686027527,-0.05874665081501007,0.9300287961959839,0.7714909911155701,0.7716931700706482,0.25753676891326904,0.5709603428840637,0.726570725440979,0.7852016091346741,0.023654155433177948,0.9505727291107178,0.7670106291770935,0.7980638146400452,0.26341143250465393,0.6446278095245361,0.7161290645599365,0.81084144115448,0.02884158305823803,0.8856593370437622,0.8059930801391602,0.7972412705421448,0.22434759140014648,0.7318914532661438,0.7596080303192139,0.8152421116828918,-0.03211678937077522,0.9440802931785583,PD_Early,004_PD_01_MD.MOV
0.7985126376152039,0.23877227306365967,-0.08650568872690201,0.977281928062439,0.7980007529258728,0.2171231508255005,-0.08018212765455246,0.9548787474632263,0.797030508518219,0.21551036834716797,-0.08018851280212402,0.9518515467643738,0.7954996824264526,0.21395805478096008,-0.08016350120306015,0.9594108462333679,0.7983455061912537,0.2166815847158432,-0.10874831676483154,0.9643682241439819,0.7978076934814453,0.2148997187614441,-0.10878346860408783,0.9674397706985474,0.7968372106552124,0.21325534582138062,-0.10886873304843903,0.9685519933700562,0.7860305309295654,0.21211999654769897,-0.03864913433790207,0.8757728338241577,0.7880001664161682,0.21147185564041138,-0.17066380381584167,0.958748459815979,0.7916068434715271,0.2472730278968811,-0.06728837639093399,0.9531062245368958,0.7921953797340393,0.24702990055084229,-0.1051647737622261,0.9715335965156555,0.7561094164848328,0.2836644947528839,0.053674034774303436,0.9949440956115723,0.7662789821624756,0.28114038705825806,-0.2319064885377884,0.999875545501709,0.7565414905548096,0.39499416947364807,0.08301761746406555,0.013787969015538692,0.7685651779174805,0.3957522213459015,-0.25633329153060913,0.9522104263305664,0.7715330123901367,0.487192839384079,0.060845647007226944,0.03193940967321396,0.781506359577179,0.5006858706474304,-0.2357921600341797,0.9345625638961792,0.7749671936035156,0.5138437151908875,0.06781388074159622,0.04114674776792526,0.7832998633384705,0.5264947414398193,-0.26122790575027466,0.9156938791275024,0.7790158987045288,0.5141835808753967,0.044960152357816696,0.041861604899168015,0.7856611609458923,0.5253843665122986,-0.2544609010219574,0.9096720218658447,0.7768719792366028,0.5071290135383606,0.04958612844347954,0.04348306357860565,0.7847346663475037,0.5171265602111816,-0.2321711629629135,0.8472759127616882,0.7586538791656494,0.4875835180282593,0.09173405170440674,0.9961920380592346,0.7576720118522644,0.48627838492393494,-0.09192593395709991,0.9972440600395203,0.7672638297080994,0.625247597694397,0.136844664812088,0.29753077030181885,0.755652129650116,0.6262838244438171,-0.07915721833705902,0.9303868412971497,0.7697209119796753,0.7698383331298828,0.22728019952774048,0.5693236589431763,0.7270519137382507,0.7836511731147766,-0.009806348010897636,0.9505151510238647,0.7645290493965149,0.7965222001075745,0.23197177052497864,0.6428793668746948,0.7159373760223389,0.8097378015518188,-0.006586658768355846,0.8836377859115601,0.8047531843185425,0.7975327968597412,0.19038087129592896,0.731761634349823,0.7596361041069031,0.815450131893158,-0.07062423229217529,0.944269597530365,PD_Early,004_PD_01_MD.MOV
0.8004533052444458,0.23884570598602295,-0.07688284665346146,0.9779850244522095,0.7997801303863525,0.21710482239723206,-0.07057787477970123,0.9562305212020874,0.7988694310188293,0.21549765765666962,-0.07058683037757874,0.9532521963119507,0.7976636290550232,0.21396607160568237,-0.0705646425485611,0.9603896141052246,0.800195574760437,0.21665003895759583,-0.0995873436331749,0.9653261303901672,0.7997268438339233,0.21488355100154877,-0.09962000697851181,0.9682996869087219,0.7990426421165466,0.21324467658996582,-0.0997147485613823,0.9692211151123047,0.7881426215171814,0.21213383972644806,-0.03254071623086929,0.8784858584403992,0.7904117107391357,0.21146875619888306,-0.16426832973957062,0.9600005745887756,0.7933847904205322,0.2473791390657425,-0.05840570107102394,0.9547480940818787,0.794067919254303,0.24709224700927734,-0.09673510491847992,0.9725738167762756,0.7580886483192444,0.2844436466693878,0.05429815128445625,0.9950879216194153,0.7690137028694153,0.2811456024646759,-0.22592324018478394,0.9998800158500671,0.7602535486221313,0.39461860060691833,0.0849187821149826,0.013880624435842037,0.7718826532363892,0.3958018720149994,-0.2508867681026459,0.9523557424545288,0.7734973430633545,0.48720139265060425,0.0693143904209137,0.032149434089660645,0.7843205332756042,0.500684380531311,-0.23056931793689728,0.9354232549667358,0.7764065861701965,0.513987123966217,0.0763384997844696,0.04130299761891365,0.7861053347587585,0.5265303254127502,-0.2549908459186554,0.9167866110801697,0.7789719104766846,0.5181141495704651,0.05437563732266426,0.042077213525772095,0.7883090376853943,0.5255002975463867,-0.24871669709682465,0.910954475402832,0.7783523797988892,0.5086076855659485,0.05841592326760292,0.043807707726955414,0.7875007390975952,0.5172315239906311,-0.22709128260612488,0.849311113357544,0.7603221535682678,0.48786863684654236,0.09078443795442581,0.996337354183197,0.7607048153877258,0.4864322245121002,-0.09095562994480133,0.9973639845848083,0.7692059278488159,0.6251427531242371,0.1350589096546173,0.2934902012348175,0.7587283849716187,0.6262026429176331,-0.0897282138466835,0.9306948781013489,0.7711060643196106,0.7698177695274353,0.22428399324417114,0.5669699907302856,0.7278240323066711,0.7825998663902283,-0.025769095867872238,0.9502261877059937,0.7657379508018494,0.7962764501571655,0.22885091602802277,0.6399348974227905,0.7159146070480347,0.8083789944648743,-0.022900905460119247,0.8802659511566162,0.8058145642280579,0.7986226677894592,0.18859902024269104,0.7298194766044617,0.7601668834686279,0.8156743049621582,-0.08714117109775543,0.9440159797668457,PD_Early,004_PD_01_MD.MOV
0.8029842972755432,0.23853453993797302,-0.08021149784326553,0.9784237146377563,0.8022754192352295,0.2161155492067337,-0.07318900525569916,0.9567464590072632,0.801394522190094,0.21458427608013153,-0.07319869846105576,0.9537182450294495,0.8002726435661316,0.21313625574111938,-0.0731736496090889,0.9606276154518127,0.8027355670928955,0.21570098400115967,-0.10240765661001205,0.9657004475593567,0.8023148775100708,0.2140440046787262,-0.10243897140026093,0.9686259627342224,0.8017217516899109,0.21245631575584412,-0.10253509134054184,0.9693836569786072,0.7874675989151001,0.2134103626012802,-0.03268147259950638,0.8790286183357239,0.7929301857948303,0.21088694036006927,-0.16464489698410034,0.9604951739311218,0.7958150506019592,0.24698109924793243,-0.06060134992003441,0.9556522369384766,0.7964801788330078,0.24663543701171875,-0.09922263026237488,0.9731309413909912,0.7620427012443542,0.28473252058029175,0.05398806184530258,0.995226263999939,0.7708219885826111,0.28075677156448364,-0.224580779671669,0.9998823404312134,0.7675413489341736,0.393729031085968,0.0846187174320221,0.014200452715158463,0.774010419845581,0.39465227723121643,-0.24990896880626678,0.9516554474830627,0.7802989482879639,0.48721206188201904,0.06739146262407303,0.03282267227768898,0.7866789102554321,0.5001423358917236,-0.22927071154117584,0.9342619776725769,0.7844390869140625,0.5140123963356018,0.07379694283008575,0.041910380125045776,0.7885286808013916,0.5262370109558105,-0.2528485059738159,0.9154590964317322,0.7872000932693481,0.5185582041740417,0.05180960148572922,0.04280596971511841,0.7906707525253296,0.5254346132278442,-0.24752481281757355,0.9097742438316345,0.7845713496208191,0.5087304711341858,0.0563744455575943,0.044627562165260315,0.789821445941925,0.5170934200286865,-0.22609974443912506,0.8480384945869446,0.7643300294876099,0.487682044506073,0.09034572541713715,0.9964241981506348,0.7627379298210144,0.4864518344402313,-0.09050850570201874,0.9974504709243774,0.7711856961250305,0.6251078248023987,0.1350719928741455,0.28803884983062744,0.7617112398147583,0.6258893013000488,-0.09708763659000397,0.9307148456573486,0.7714978456497192,0.7697426080703735,0.22501230239868164,0.5638652443885803,0.7296510338783264,0.7813885807991028,-0.03762653097510338,0.9497746229171753,0.7670659422874451,0.7956111431121826,0.2296113222837448,0.6374251842498779,0.7163183093070984,0.8058121204376221,-0.03508593514561653,0.8768040537834167,0.8070057034492493,0.7986050844192505,0.1896638423204422,0.7277543544769287,0.7611939907073975,0.8159242272377014,-0.09781522303819656,0.9437288045883179,PD_Early,004_PD_01_MD.MOV
0.8044928312301636,0.23797607421875,-0.0917377844452858,0.9792445302009583,0.8038302659988403,0.21540743112564087,-0.08459803462028503,0.9580280780792236,0.8029786348342896,0.21395334601402283,-0.0846075564622879,0.9551512002944946,0.8018970489501953,0.2124265432357788,-0.08458836376667023,0.9617138504981995,0.8041284084320068,0.21473589539527893,-0.11290944367647171,0.9666488170623779,0.8036375641822815,0.2131011039018631,-0.11294765770435333,0.9696354866027832,0.8029978275299072,0.21150176227092743,-0.11303727328777313,0.9702564477920532,0.791425347328186,0.2123873382806778,-0.04157499223947525,0.882407546043396,0.794235348701477,0.21009041368961334,-0.17033834755420685,0.9619364738464355,0.7973189949989319,0.24650372564792633,-0.07149534672498703,0.9571039080619812,0.7977625131607056,0.24599473178386688,-0.10895922034978867,0.9739950299263,0.7648590207099915,0.2848685681819916,0.04876159504055977,0.9953321218490601,0.7723284363746643,0.2798601984977722,-0.22649969160556793,0.9998845458030701,0.7702208757400513,0.39392974972724915,0.0809662789106369,0.014535053633153439,0.7758548259735107,0.3946015238761902,-0.25157052278518677,0.9525942802429199,0.7843601703643799,0.48799923062324524,0.06656666100025177,0.033614955842494965,0.7894242405891418,0.4995177686214447,-0.23194074630737305,0.9350029826164246,0.7882617712020874,0.5145841836929321,0.07244254648685455,0.04268830642104149,0.7906158566474915,0.5258001089096069,-0.25621047616004944,0.9161497354507446,0.789457380771637,0.5197726488113403,0.05048763006925583,0.0437144972383976,0.7929664850234985,0.5253944396972656,-0.25036460161209106,0.910725474357605,0.7879830002784729,0.5097835659980774,0.05541084334254265,0.04565519839525223,0.7922993302345276,0.5170837044715881,-0.22854624688625336,0.8501424789428711,0.7656329274177551,0.4865502119064331,0.0897478237748146,0.9965000748634338,0.7644368410110474,0.48562029004096985,-0.08990412205457687,0.997516393661499,0.7722147703170776,0.6251015663146973,0.12238095700740814,0.28435105085372925,0.7631291151046753,0.6259069442749023,-0.0957360491156578,0.9311515688896179,0.7716357707977295,0.7688590884208679,0.2054869681596756,0.5620793700218201,0.7299734354019165,0.7796406745910645,-0.036741357296705246,0.9497045874595642,0.7665918469429016,0.795078694820404,0.2093561589717865,0.635684609413147,0.7167680859565735,0.8033288717269897,-0.03444864973425865,0.8753360509872437,0.8066823482513428,0.7985714077949524,0.1692543476819992,0.7272778749465942,0.7613486051559448,0.8160483241081238,-0.09527887403964996,0.9438486099243164,PD_Early,004_PD_01_MD.MOV
0.8082807064056396,0.23266370594501495,-0.0869220420718193,0.9800282120704651,0.8079192042350769,0.21122097969055176,-0.07922082394361496,0.958961546421051,0.8065359592437744,0.21003997325897217,-0.07923101633787155,0.9562239646911621,0.80551677942276,0.20898957550525665,-0.07921349257230759,0.9625598788261414,0.807975709438324,0.21050114929676056,-0.10809791833162308,0.9672237038612366,0.8068018555641174,0.20901089906692505,-0.10812590271234512,0.9702287316322327,0.8060377240180969,0.20760351419448853,-0.10821565985679626,0.9707080721855164,0.7952090501785278,0.20995230972766876,-0.035179562866687775,0.8850405812263489,0.7967362999916077,0.2075028419494629,-0.166885644197464,0.9627478718757629,0.8008765578269958,0.24338789284229279,-0.06644602864980698,0.9579929113388062,0.8010098934173584,0.24284636974334717,-0.10470036417245865,0.9745460748672485,0.7678816914558411,0.2849534749984741,0.055260974913835526,0.9954673051834106,0.7734972238540649,0.27879106998443604,-0.22620074450969696,0.9998872876167297,0.7729207873344421,0.393905907869339,0.0883857011795044,0.014310677535831928,0.7774841785430908,0.3936257064342499,-0.2526703476905823,0.9522975087165833,0.7851149439811707,0.48841285705566406,0.07285912334918976,0.033525366336107254,0.7912013530731201,0.49767059087753296,-0.23310354351997375,0.9343469142913818,0.7892674207687378,0.5153690576553345,0.07937569171190262,0.04261175915598869,0.7924045920372009,0.5243731737136841,-0.2579118311405182,0.9157373905181885,0.790591835975647,0.5198838114738464,0.05700460448861122,0.04367490112781525,0.7951973080635071,0.5243656039237976,-0.25180086493492126,0.9104243516921997,0.789517343044281,0.5109531283378601,0.06179218739271164,0.04577268660068512,0.7946118712425232,0.5160090923309326,-0.2297564297914505,0.8499971628189087,0.7681954503059387,0.4865874648094177,0.09028098732233047,0.9966285824775696,0.7669439315795898,0.4859333634376526,-0.0904223844408989,0.9976107478141785,0.7745471596717834,0.6268965005874634,0.13254831731319427,0.2794646918773651,0.7669786214828491,0.6273566484451294,-0.08745864033699036,0.9337007403373718,0.7725731134414673,0.7693617939949036,0.22833296656608582,0.5631730556488037,0.7312451004981995,0.7770619988441467,-0.02012402005493641,0.9511008262634277,0.7679277658462524,0.7951889634132385,0.234035462141037,0.6388540863990784,0.7176029682159424,0.7991621494293213,-0.016975797712802887,0.8772053718566895,0.8085383772850037,0.798767626285553,0.20007725059986115,0.7301002144813538,0.7615482807159424,0.8165873885154724,-0.08768294751644135,0.945359468460083,PD_Early,004_PD_01_MD.MOV
0.8106591701507568,0.23183657228946686,-0.09568263590335846,0.980671226978302,0.8105291128158569,0.20992247760295868,-0.08775467425584793,0.9594269394874573,0.8092455267906189,0.20876151323318481,-0.08776084333658218,0.9567866325378418,0.8083285689353943,0.20778603851795197,-0.08773747831583023,0.9629685878753662,0.8104397058486938,0.20921750366687775,-0.11773011088371277,0.9675342440605164,0.8092789053916931,0.20774900913238525,-0.11775609105825424,0.9705567359924316,0.808544397354126,0.2063719928264618,-0.11784333735704422,0.9707562327384949,0.7984187602996826,0.20896472036838531,-0.041187942028045654,0.884901225566864,0.7995557188987732,0.20668891072273254,-0.1780581772327423,0.962929904460907,0.8033559918403625,0.24325168132781982,-0.07403664290904999,0.9580426216125488,0.8033341765403748,0.2426651269197464,-0.11379098892211914,0.974598228931427,0.770377516746521,0.284872442483902,0.053806379437446594,0.9956742525100708,0.7759479284286499,0.2783609926700592,-0.2385566532611847,0.9998893141746521,0.7723978757858276,0.3936321437358856,0.08875606954097748,0.014123139902949333,0.7805740237236023,0.3930867612361908,-0.26765167713165283,0.9520910978317261,0.7862746715545654,0.486716091632843,0.07218486815690994,0.03360496088862419,0.7943628430366516,0.4956758916378021,-0.24668766558170319,0.9334744215011597,0.7888273000717163,0.5135127902030945,0.07898052781820297,0.04271538555622101,0.7961412072181702,0.522476077079773,-0.27240097522735596,0.9150449633598328,0.7915716171264648,0.5172716379165649,0.056257329881191254,0.04384550079703331,0.7983071804046631,0.5227692723274231,-0.2646910548210144,0.9099028706550598,0.7905899882316589,0.509381890296936,0.06100109592080116,0.0459982194006443,0.7974263429641724,0.5142098069190979,-0.24259552359580994,0.8490919470787048,0.7712012529373169,0.4865204989910126,0.09403815120458603,0.9968077540397644,0.7702842950820923,0.4859689772129059,-0.09421083331108093,0.9977116584777832,0.777785062789917,0.6270501613616943,0.15665073692798615,0.2756515443325043,0.7722775340080261,0.6279600858688354,-0.08667360991239548,0.9366711378097534,0.7745876312255859,0.7692756056785583,0.2658163011074066,0.5699706673622131,0.733523428440094,0.7717222571372986,0.007713743019849062,0.9533792734146118,0.7704019546508789,0.7948907017707825,0.2726198434829712,0.6444795727729797,0.7200289964675903,0.792202353477478,0.014456640928983688,0.8813266158103943,0.809369683265686,0.7989655137062073,0.23472361266613007,0.7365416288375854,0.7615887522697449,0.8165886998176575,-0.041521843522787094,0.9481095671653748,PD_Early,004_PD_01_MD.MOV
0.8119388222694397,0.23061077296733856,-0.08431389182806015,0.9807386994361877,0.811184287071228,0.20884129405021667,-0.07735255360603333,0.9584401845932007,0.810344934463501,0.2078450471162796,-0.07735677063465118,0.9558686017990112,0.8094252943992615,0.20705555379390717,-0.07733573019504547,0.9622278809547424,0.8116320371627808,0.20810075104236603,-0.10805448144674301,0.9666011929512024,0.8105539679527283,0.20671626925468445,-0.10807320475578308,0.969710648059845,0.8098825812339783,0.20544223487377167,-0.1081710010766983,0.9695033431053162,0.7998987436294556,0.20862218737602234,-0.03528754785656929,0.8816336989402771,0.8013352751731873,0.2063084840774536,-0.17564426362514496,0.9616307020187378,0.8050819039344788,0.24257348477840424,-0.0641912966966629,0.9569305181503296,0.8052541017532349,0.24197283387184143,-0.10485950857400894,0.9737111330032349,0.7700641751289368,0.2846435606479645,0.061444710940122604,0.9958363771438599,0.7792049646377563,0.2773572504520416,-0.2383975386619568,0.9998894929885864,0.7693449854850769,0.3966909945011139,0.09997983276844025,0.013926268555223942,0.7830174565315247,0.39274197816848755,-0.2694386839866638,0.952035129070282,0.7862294316291809,0.48712214827537537,0.08557366579771042,0.034215040504932404,0.7948398590087891,0.49463021755218506,-0.2506760060787201,0.9345733523368835,0.7900248169898987,0.5130413770675659,0.09362638741731644,0.04343404248356819,0.7967354655265808,0.5213068127632141,-0.2776772677898407,0.9166654944419861,0.7926652431488037,0.5172854661941528,0.07005771994590759,0.044637590646743774,0.79854416847229,0.5220044255256653,-0.2692878842353821,0.9117060899734497,0.7902566194534302,0.50896817445755,0.07404843717813492,0.04692627489566803,0.7975940108299255,0.5132397413253784,-0.2464856505393982,0.8516054153442383,0.7716463208198547,0.4866510331630707,0.0974474772810936,0.9970093369483948,0.7712385058403015,0.48610106110572815,-0.09763656556606293,0.9977917075157166,0.7798101902008057,0.6280019283294678,0.1593557745218277,0.2757655084133148,0.7740741968154907,0.6294673681259155,-0.0679338201880455,0.9398972392082214,0.774003267288208,0.7697504758834839,0.2656584084033966,0.5817785263061523,0.7350205779075623,0.770381510257721,0.040459152311086655,0.9559194445610046,0.7688966393470764,0.7947666645050049,0.2721642553806305,0.6541493535041809,0.7215184569358826,0.7859798073768616,0.04906667396426201,0.8859420418739319,0.8075159192085266,0.7996540665626526,0.23365895450115204,0.7460218667984009,0.7617160081863403,0.8167712688446045,-0.0019153918838128448,0.9509835243225098,PD_Early,004_PD_01_MD.MOV
0.8139390349388123,0.22918975353240967,-0.05251516401767731,0.980925440788269,0.8135425448417664,0.2080278992652893,-0.04673140496015549,0.9583314061164856,0.8122149109840393,0.2071053385734558,-0.046737637370824814,0.9559729099273682,0.8112307190895081,0.20643208920955658,-0.04672151803970337,0.9622822999954224,0.8140361905097961,0.20743969082832336,-0.07705460488796234,0.9662623405456543,0.8135804533958435,0.20621290802955627,-0.07707139104604721,0.9693219065666199,0.8131765127182007,0.20507408678531647,-0.07717151939868927,0.9686707258224487,0.8020456433296204,0.2083936631679535,-0.01393329631537199,0.8821374177932739,0.8044055104255676,0.20623385906219482,-0.15232305228710175,0.9611457586288452,0.8068917989730835,0.24139410257339478,-0.035951100289821625,0.9566043615341187,0.8074735999107361,0.24100957810878754,-0.07612592726945877,0.9732967019081116,0.7706264853477478,0.28436464071273804,0.07202112674713135,0.9960582256317139,0.782767653465271,0.27702564001083374,-0.22515293955802917,0.9998906254768372,0.7688897848129272,0.39950552582740784,0.10410334169864655,0.013922386802732944,0.7859750390052795,0.39228489995002747,-0.2662596106529236,0.9511945247650146,0.7845179438591003,0.490568608045578,0.09227084368467331,0.03554338589310646,0.7964210510253906,0.4948132038116455,-0.24999018013477325,0.9355373978614807,0.7876735925674438,0.5183135867118835,0.10115977376699448,0.04501768946647644,0.798404335975647,0.5214435458183289,-0.27693864703178406,0.9184444546699524,0.7899041771888733,0.5213794708251953,0.07845588028430939,0.046256326138973236,0.7998302578926086,0.5220471620559692,-0.2676798403263092,0.9136864542961121,0.7884078621864319,0.5108758807182312,0.08124641329050064,0.048578839749097824,0.7989314794540405,0.5133031010627747,-0.24560974538326263,0.854449450969696,0.770819902420044,0.4855165183544159,0.09776338934898376,0.9972279667854309,0.7741871476173401,0.4856467843055725,-0.09795276820659637,0.9979035258293152,0.7811753153800964,0.6279643177986145,0.1577184945344925,0.27811843156814575,0.7781903147697449,0.6303984522819519,-0.06369287520647049,0.9432080984115601,0.7734072208404541,0.7697952389717102,0.2592894732952118,0.5940379500389099,0.7401572465896606,0.7676727175712585,0.04320492222905159,0.958464503288269,0.7676435112953186,0.7927820682525635,0.2653677463531494,0.6636301279067993,0.7265858054161072,0.7797455191612244,0.052316319197416306,0.8905569911003113,0.806000292301178,0.7999734282493591,0.2274460643529892,0.7545095086097717,0.7631158232688904,0.8167426586151123,0.0059797451831400394,0.9537360668182373,PD_Early,004_PD_01_MD.MOV
0.8158628344535828,0.23016484081745148,-0.03934715315699577,0.9817725419998169,0.8151533603668213,0.20861878991127014,-0.033322062343358994,0.9599968791007996,0.814224362373352,0.2077832967042923,-0.033336203545331955,0.9578418731689453,0.8131824731826782,0.20721293985843658,-0.033324580639600754,0.963823139667511,0.8159715533256531,0.20806331932544708,-0.0630616545677185,0.9675220251083374,0.815583348274231,0.20690524578094482,-0.06307200342416763,0.9704174399375916,0.8151534199714661,0.20582857728004456,-0.06316255778074265,0.9695816040039062,0.8028988242149353,0.20988154411315918,-0.002609172137454152,0.8876681923866272,0.8064531683921814,0.20770078897476196,-0.1380932629108429,0.9627246856689453,0.8085777759552002,0.24205076694488525,-0.023734666407108307,0.9581326842308044,0.8092332482337952,0.2417091429233551,-0.06317494809627533,0.9741867184638977,0.7708848714828491,0.28441664576530457,0.07590983062982559,0.996293306350708,0.7854437232017517,0.2770683467388153,-0.21194212138652802,0.9998913407325745,0.767114520072937,0.4007236659526825,0.10058042407035828,0.015226391144096851,0.7875525951385498,0.3923396170139313,-0.26029181480407715,0.9505815505981445,0.7711570262908936,0.508777379989624,0.0852845162153244,0.037924643605947495,0.7992470860481262,0.49410468339920044,-0.2509758174419403,0.9352471828460693,0.7782678604125977,0.5342646241188049,0.09351084381341934,0.047530218958854675,0.8022392988204956,0.521136999130249,-0.27855339646339417,0.9186457395553589,0.7818924188613892,0.5362000465393066,0.0716610699892044,0.048616815358400345,0.8033129572868347,0.5219779014587402,-0.2668342888355255,0.9139676690101624,0.7762421369552612,0.5282682180404663,0.07448196411132812,0.05057995766401291,0.8020525574684143,0.5131154656410217,-0.2458554208278656,0.8546108603477478,0.7698357701301575,0.4855332672595978,0.09730739891529083,0.9974378943443298,0.7770226001739502,0.48565810918807983,-0.09749163687229156,0.9980142116546631,0.7790907025337219,0.6279404163360596,0.1492651104927063,0.2853970229625702,0.7862913608551025,0.6304612755775452,-0.0614347942173481,0.9471187591552734,0.7727429270744324,0.7692819833755493,0.24010182917118073,0.609530508518219,0.7467322945594788,0.7630806565284729,0.04651834815740585,0.961317241191864,0.7665640711784363,0.7897431254386902,0.24532437324523926,0.6734800338745117,0.7320038676261902,0.7734954357147217,0.05609159544110298,0.8960385918617249,0.803245484828949,0.8007807731628418,0.2080395519733429,0.7639668583869934,0.7647829651832581,0.8123893737792969,0.013931149616837502,0.9566292762756348,PD_Early,004_PD_01_MD.MOV
0.8168410658836365,0.23240509629249573,-0.038366809487342834,0.9824387431144714,0.8162835240364075,0.21076063811779022,-0.03271115571260452,0.9613324403762817,0.8154224753379822,0.209944486618042,-0.03272844851016998,0.9594077467918396,0.814342737197876,0.209494948387146,-0.03272039070725441,0.9650632739067078,0.8168765306472778,0.20990632474422455,-0.06225794553756714,0.9685642719268799,0.8165347576141357,0.20873677730560303,-0.06226969137787819,0.9713312387466431,0.8160801529884338,0.20767265558242798,-0.06236141175031662,0.9702600240707397,0.8038969039916992,0.21187317371368408,-0.0027893036603927612,0.8928990364074707,0.8078449964523315,0.20969991385936737,-0.137349933385849,0.9641951322555542,0.8093822002410889,0.24371623992919922,-0.023031087592244148,0.9594964385032654,0.8102095127105713,0.24328947067260742,-0.062201403081417084,0.9750062227249146,0.7714784741401672,0.284572958946228,0.07651951909065247,0.9965230226516724,0.7872326374053955,0.27715110778808594,-0.21187542378902435,0.999893307685852,0.7666448354721069,0.4013421833515167,0.09893834590911865,0.01694677583873272,0.788467526435852,0.39235979318618774,-0.2626294493675232,0.9497548341751099,0.7662572264671326,0.515679657459259,0.08521151542663574,0.04110312834382057,0.800665020942688,0.493702232837677,-0.2681479752063751,0.9352602362632751,0.7700132131576538,0.5404951572418213,0.09419390559196472,0.05090159922838211,0.8034668564796448,0.5211055278778076,-0.29742705821990967,0.919394314289093,0.7786449790000916,0.5468635559082031,0.07308540493249893,0.05178527534008026,0.8044494390487671,0.5220459699630737,-0.28376305103302,0.9148029685020447,0.7765704989433289,0.5342796444892883,0.07498344779014587,0.05332937836647034,0.8033628463745117,0.5131653547286987,-0.2627790570259094,0.85579913854599,0.769016683101654,0.4860663414001465,0.09752063453197479,0.9976244568824768,0.7786173224449158,0.4859493672847748,-0.09772130101919174,0.9981127381324768,0.7779396176338196,0.6279211640357971,0.1504097729921341,0.28732243180274963,0.7933809757232666,0.6305938959121704,-0.06303144246339798,0.9505482316017151,0.7708356976509094,0.7680186033248901,0.24061203002929688,0.6203358769416809,0.7496637105941772,0.7580252289772034,0.0415160246193409,0.9638212323188782,0.7603074312210083,0.7885161638259888,0.24567846953868866,0.6800079345703125,0.7347695231437683,0.7672406435012817,0.05091390758752823,0.9011301398277283,0.8007251024246216,0.8007567524909973,0.20868836343288422,0.770776629447937,0.7662914395332336,0.8103651404380798,0.00856420211493969,0.9592208862304688,PD_Early,004_PD_01_MD.MOV
0.8213862776756287,0.2364765852689743,-0.05203821882605553,0.9829193949699402,0.821285605430603,0.21538802981376648,-0.045827217400074005,0.961889922618866,0.819920539855957,0.21423675119876862,-0.045840971171855927,0.9603215456008911,0.8188168406486511,0.21346786618232727,-0.04582637920975685,0.9654081463813782,0.821956217288971,0.21427105367183685,-0.0755450651049614,0.9689387083053589,0.8216778039932251,0.21287062764167786,-0.0755619928240776,0.9717389941215515,0.8213323950767517,0.2115321159362793,-0.07565338164567947,0.9701004028320312,0.8037247061729431,0.2166028916835785,-0.009082648903131485,0.8971625566482544,0.8127980828285217,0.21173804998397827,-0.13934007287025452,0.9654202461242676,0.813575029373169,0.24686050415039062,-0.034779176115989685,0.960763156414032,0.8148870468139648,0.24545928835868835,-0.07419370859861374,0.975831925868988,0.7701108455657959,0.28479668498039246,0.06450332701206207,0.9967846274375916,0.7912625670433044,0.2784687280654907,-0.22201894223690033,0.9998993277549744,0.7665870785713196,0.4046456217765808,0.08370693027973175,0.019605325534939766,0.7912536263465881,0.39342138171195984,-0.2794254422187805,0.9506324529647827,0.7642568945884705,0.5233349800109863,0.08402957022190094,0.04531480371952057,0.8039772510528564,0.4938727617263794,-0.2850190997123718,0.9358670711517334,0.7696875333786011,0.5522186756134033,0.09135536104440689,0.05501558631658554,0.80657958984375,0.521578848361969,-0.31474894285202026,0.9205617308616638,0.7756973505020142,0.5612351894378662,0.07037277519702911,0.05545349419116974,0.8074048161506653,0.523003101348877,-0.29982808232307434,0.9159926176071167,0.7705628871917725,0.5452703833580017,0.07258900254964828,0.05656842887401581,0.8064162135124207,0.5142359137535095,-0.2791353166103363,0.8576988577842712,0.768748939037323,0.48815515637397766,0.09934496134519577,0.9977995753288269,0.7824375033378601,0.4889053404331207,-0.09958187490701675,0.9982179999351501,0.7771138548851013,0.6276451349258423,0.16883455216884613,0.275208443403244,0.806736171245575,0.6307087540626526,-0.06427185237407684,0.9532589316368103,0.7731345295906067,0.7663154006004333,0.260344922542572,0.6198880076408386,0.7519561648368835,0.7539880275726318,0.036392319947481155,0.9656956195831299,0.7653882503509521,0.7854138016700745,0.26550212502479553,0.6745597124099731,0.7371925115585327,0.7635549306869507,0.04592010751366615,0.9053676724433899,0.8018687963485718,0.8000223636627197,0.2306191325187683,0.7681267261505127,0.7707276940345764,0.803431510925293,0.0037083150818943977,0.961065411567688,PD_Early,004_PD_01_MD.MOV
0.8233603239059448,0.2373782992362976,-0.03161611780524254,0.9831067323684692,0.8231481909751892,0.21622441709041595,-0.02646542526781559,0.9622227549552917,0.82164466381073,0.214985191822052,-0.026482127606868744,0.9610273838043213,0.8204002976417542,0.2141033411026001,-0.026488281786441803,0.9657622575759888,0.824229896068573,0.21524836122989655,-0.05615156516432762,0.9691247940063477,0.824116051197052,0.21381735801696777,-0.056157127022743225,0.9718009233474731,0.8239534497261047,0.21244226396083832,-0.056241173297166824,0.9697094559669495,0.8089410066604614,0.2162180244922638,-0.000633666233625263,0.9012151956558228,0.8168962001800537,0.21194134652614594,-0.13507890701293945,0.9660097360610962,0.8153206706047058,0.24697954952716827,-0.017760364338755608,0.961174726486206,0.8170936703681946,0.2458297461271286,-0.05709579214453697,0.9760493636131287,0.7693917751312256,0.28472039103507996,0.07436149567365646,0.9969795942306519,0.7946866154670715,0.2795135974884033,-0.21500608325004578,0.9999028444290161,0.7659600973129272,0.40408551692962646,0.0875277891755104,0.019927991554141045,0.7942399978637695,0.39410343766212463,-0.27475404739379883,0.9493985772132874,0.7646659016609192,0.5225212574005127,0.08500064164400101,0.045877475291490555,0.8065319657325745,0.49420732259750366,-0.28461772203445435,0.9334748387336731,0.7709457874298096,0.5477835536003113,0.09521030634641647,0.0557868592441082,0.8093175888061523,0.5220646262168884,-0.3144753873348236,0.9191825985908508,0.780068576335907,0.5515070557594299,0.07486103475093842,0.055910252034664154,0.810199499130249,0.5236188173294067,-0.2982177734375,0.914372980594635,0.7800713181495667,0.5395420789718628,0.07497947663068771,0.05694623291492462,0.8092371821403503,0.5149058699607849,-0.2784065902233124,0.8554484248161316,0.766562819480896,0.4895385801792145,0.10102954506874084,0.9979093670845032,0.7852467894554138,0.4902498722076416,-0.10127217322587967,0.9982661008834839,0.7738338708877563,0.6258136630058289,0.17365923523902893,0.26343950629234314,0.8126655220985413,0.6306614875793457,-0.06537143886089325,0.955205500125885,0.7729541063308716,0.7553914785385132,0.2571849524974823,0.6132869124412537,0.7583743929862976,0.7538486123085022,0.027090568095445633,0.9667910933494568,0.7661560773849487,0.7777870297431946,0.26225972175598145,0.6690153479576111,0.7449269890785217,0.7648875117301941,0.03751875087618828,0.9083622097969055,0.801744282245636,0.7982936501502991,0.22616706788539886,0.7601194977760315,0.7837863564491272,0.8038313984870911,-0.005647191312164068,0.9617338180541992,PD_Early,004_PD_01_MD.MOV
0.8239255547523499,0.23921480774879456,-0.005782304331660271,0.9831418395042419,0.8232144713401794,0.21842314302921295,-0.0020584450103342533,0.9621996283531189,0.8217149972915649,0.21726059913635254,-0.00207270379178226,0.9613887667655945,0.8200881481170654,0.21642155945301056,-0.002082475461065769,0.9657808542251587,0.8255418539047241,0.21722550690174103,-0.030924808233976364,0.9690904021263123,0.8257319331169128,0.21582351624965668,-0.030929505825042725,0.971669614315033,0.8258275389671326,0.21446102857589722,-0.031022556126117706,0.9691176414489746,0.8064554333686829,0.21908330917358398,0.015463479794561863,0.904890775680542,0.8183673620223999,0.21359483897686005,-0.11570857465267181,0.9664043188095093,0.8154544830322266,0.24778097867965698,0.00511659262701869,0.961739718914032,0.8181894421577454,0.24659568071365356,-0.03309028223156929,0.9763779044151306,0.7688643336296082,0.2847101390361786,0.08475416153669357,0.9971492290496826,0.7970467805862427,0.28057676553726196,-0.19886842370033264,0.9999070167541504,0.7626805901527405,0.41328728199005127,0.09327496588230133,0.021499963477253914,0.7952619791030884,0.39417916536331177,-0.2658725678920746,0.9476284980773926,0.7653666138648987,0.5250445604324341,0.08419176191091537,0.04736928641796112,0.8069734573364258,0.49423748254776,-0.2794613242149353,0.9305949211120605,0.7716435194015503,0.5498985052108765,0.09402437508106232,0.057249993085861206,0.8094921112060547,0.5225404500961304,-0.30832281708717346,0.9174193739891052,0.7820520401000977,0.5496110320091248,0.07458433508872986,0.05704265460371971,0.8104204535484314,0.5243511199951172,-0.29326820373535156,0.9123333692550659,0.7794740200042725,0.5455487966537476,0.07468756288290024,0.05804850533604622,0.8095671534538269,0.5153416395187378,-0.27374181151390076,0.8529114127159119,0.7644690275192261,0.48970484733581543,0.10097496211528778,0.9980064630508423,0.7862436175346375,0.49033457040786743,-0.10121116787195206,0.9983323812484741,0.7738011479377747,0.6215049624443054,0.17116284370422363,0.2535124719142914,0.8167089819908142,0.6302728056907654,-0.07247241586446762,0.9570678472518921,0.7733365297317505,0.7484861612319946,0.2560141682624817,0.6021982431411743,0.7639536261558533,0.7533073425292969,0.009264488704502583,0.9671579003334045,0.7682250142097473,0.7788117527961731,0.259789377450943,0.6594637036323547,0.7503064870834351,0.7667682766914368,0.01802983507514,0.90932697057724,0.8017032146453857,0.7951062321662903,0.22427435219287872,0.7473536133766174,0.7912089824676514,0.8036065101623535,-0.01763295754790306,0.9612876772880554,PD_Early,004_PD_01_MD.MOV
0.8296192288398743,0.24140211939811707,-0.02959475852549076,0.9838612079620361,0.8296276926994324,0.2218879908323288,-0.02433059737086296,0.9640260934829712,0.8283895254135132,0.2204771488904953,-0.02434331551194191,0.9632906317710876,0.8269117474555969,0.21930064260959625,-0.02434052899479866,0.9674100875854492,0.8310860991477966,0.22066934406757355,-0.053581055253744125,0.9705612659454346,0.8310108184814453,0.21912452578544617,-0.05358805134892464,0.9729281663894653,0.8308352828025818,0.21759673953056335,-0.053675729781389236,0.9704501628875732,0.8160825967788696,0.2187538743019104,0.002919780556112528,0.9107345342636108,0.8236296772956848,0.21505622565746307,-0.12893988192081451,0.9680686593055725,0.8210501074790955,0.24892818927764893,-0.014938180334866047,0.9632689952850342,0.8233815431594849,0.24749116599559784,-0.05359302833676338,0.9774006605148315,0.769896924495697,0.2844531238079071,0.07970752567052841,0.9972671866416931,0.7998297214508057,0.2813081443309784,-0.20053035020828247,0.9999104142189026,0.7630727887153625,0.41521257162094116,0.09251315891742706,0.02197597548365593,0.7966524362564087,0.3941536843776703,-0.25030261278152466,0.9450005888938904,0.7677441239356995,0.5246229767799377,0.07122437655925751,0.04703275486826897,0.8093483448028564,0.49427762627601624,-0.25370287895202637,0.9255728125572205,0.7718026638031006,0.5500637292861938,0.07801951467990875,0.05702592805027962,0.8128551244735718,0.5230691432952881,-0.2807435095310211,0.9129707217216492,0.7817941308021545,0.5527755618095398,0.0596681572496891,0.056551557034254074,0.8136109113693237,0.5248171091079712,-0.2682828903198242,0.9075190424919128,0.7795076966285706,0.545577347278595,0.06229555234313011,0.057683683931827545,0.8121839165687561,0.5154927968978882,-0.24831968545913696,0.8461666703224182,0.7639712691307068,0.4904147684574127,0.09880586713552475,0.9980170726776123,0.7870043516159058,0.4906218945980072,-0.0990792065858841,0.9983760118484497,0.7733438014984131,0.6200924515724182,0.18693672120571136,0.25583571195602417,0.8210234045982361,0.628563404083252,-0.052660178393125534,0.9590306878089905,0.7735024690628052,0.7508689761161804,0.2989676594734192,0.5961334705352783,0.7714146375656128,0.754875659942627,0.03802858293056488,0.966593861579895,0.7668959498405457,0.7786665558815002,0.3071627616882324,0.6496238112449646,0.758324921131134,0.7686605453491211,0.04692463576793671,0.9054740071296692,0.8016757369041443,0.7902730107307434,0.28587836027145386,0.7366292476654053,0.7957352995872498,0.8028706312179565,0.015439173206686974,0.9586495161056519,PD_Early,004_PD_01_MD.MOV
0.8335354328155518,0.24265024065971375,-0.01494437176734209,0.9846095442771912,0.8342446684837341,0.22262632846832275,-0.011744835413992405,0.9663205146789551,0.8330525755882263,0.22108319401741028,-0.011745923198759556,0.9655144810676575,0.8315969705581665,0.21978221833705902,-0.01174710039049387,0.9694256782531738,0.8356009125709534,0.2214992642402649,-0.0403885655105114,0.9723982214927673,0.8355058431625366,0.21990139782428741,-0.040380530059337616,0.9744858741760254,0.8353182077407837,0.218343585729599,-0.040462788194417953,0.9722192287445068,0.8210219144821167,0.21846064925193787,0.008187632076442242,0.9173570275306702,0.8283825516700745,0.21517449617385864,-0.12159021943807602,0.9700374603271484,0.8248792886734009,0.24931414425373077,-0.0027326999697834253,0.9655517339706421,0.8279603123664856,0.24798142910003662,-0.040547315031290054,0.9787427186965942,0.7715848684310913,0.2831703722476959,0.0805276483297348,0.9973379969596863,0.8042816519737244,0.28130194544792175,-0.19559451937675476,0.9999127388000488,0.7633635997772217,0.41321122646331787,0.09616906195878983,0.023480471223592758,0.800771176815033,0.3941895067691803,-0.2537769377231598,0.9429724812507629,0.7702667117118835,0.5215365290641785,0.07468204200267792,0.04840511828660965,0.8119680285453796,0.4964124262332916,-0.27743932604789734,0.9241644740104675,0.7728075385093689,0.5471652746200562,0.08274982124567032,0.058595191687345505,0.8148481249809265,0.5255112648010254,-0.3071626126766205,0.9119448661804199,0.7818095684051514,0.550068736076355,0.06489332020282745,0.05786297842860222,0.8149729371070862,0.527599036693573,-0.2933295667171478,0.9062415957450867,0.7799780964851379,0.5421649813652039,0.0662788525223732,0.05901973694562912,0.8137589693069458,0.5185588598251343,-0.2721802592277527,0.844409167766571,0.7639763355255127,0.4903881549835205,0.09468252956867218,0.9980311393737793,0.7895769476890564,0.4901443421840668,-0.09493516385555267,0.9983872771263123,0.7710000872612,0.6240845918655396,0.17744983732700348,0.2763257324695587,0.8246355652809143,0.6269088387489319,-0.03862772509455681,0.960808515548706,0.7750684022903442,0.7625389099121094,0.27804985642433167,0.5980177521705627,0.7851210236549377,0.7603108882904053,0.054195232689380646,0.9659929275512695,0.7679476141929626,0.7922042608261108,0.2845267355442047,0.6432881951332092,0.7742874622344971,0.7831757664680481,0.06262639909982681,0.9005923271179199,0.803805410861969,0.7908785343170166,0.2570233941078186,0.7302792072296143,0.8181794285774231,0.8035610914230347,0.030257023870944977,0.9555259346961975,PD_Early,004_PD_01_MD.MOV
0.8361226916313171,0.24289734661579132,-0.01790042594075203,0.985284149646759,0.8372817635536194,0.22224736213684082,-0.013743264600634575,0.9682484269142151,0.8362188339233398,0.2207278609275818,-0.013745758682489395,0.9673558473587036,0.8349233269691467,0.2194664180278778,-0.013746730051934719,0.9711230397224426,0.8385151624679565,0.22109781205654144,-0.043027613312006,0.9739554524421692,0.838424563407898,0.21951335668563843,-0.043021269142627716,0.9757944345474243,0.8382474780082703,0.2179863601922989,-0.04310450702905655,0.9737550616264343,0.8243966698646545,0.21792854368686676,0.010013253428041935,0.9229179620742798,0.8311498165130615,0.21502724289894104,-0.12274520099163055,0.9717050790786743,0.8276054263114929,0.24937354028224945,-0.00415906123816967,0.9675041437149048,0.8302204608917236,0.2481730729341507,-0.04288468882441521,0.9799127578735352,0.7739177346229553,0.2820221781730652,0.08272803574800491,0.99737548828125,0.8053964972496033,0.2811777889728546,-0.1964574009180069,0.999914824962616,0.7670953869819641,0.4125978350639343,0.10119839012622833,0.024066057056188583,0.8026325702667236,0.3940258324146271,-0.25490379333496094,0.9418835639953613,0.7746293544769287,0.5216984748840332,0.07865063846111298,0.048914581537246704,0.8140757083892822,0.49676597118377686,-0.2865644693374634,0.9240791201591492,0.7760248184204102,0.5481944680213928,0.08726116269826889,0.059354573488235474,0.8170396089553833,0.5261952877044678,-0.3178251385688782,0.9123373031616211,0.7828903198242188,0.5514716506004333,0.068503238260746,0.058436643332242966,0.8170680403709412,0.5279052257537842,-0.3032526671886444,0.9065197110176086,0.7818681001663208,0.5424492955207825,0.06993792206048965,0.059688206762075424,0.815490186214447,0.5186562538146973,-0.28114083409309387,0.8446357846260071,0.7640137076377869,0.49084824323654175,0.09334297478199005,0.9980586767196655,0.7906699776649475,0.4898468554019928,-0.09358832985162735,0.9984170794487,0.7707481384277344,0.6273053884506226,0.17858025431632996,0.29252859950065613,0.8251488208770752,0.6267055869102478,-0.025402527302503586,0.9625656008720398,0.77825528383255,0.7642589807510376,0.28270643949508667,0.6027281284332275,0.7905325293540955,0.7672459483146667,0.07644864916801453,0.9666195511817932,0.7702735662460327,0.7928355932235718,0.29009363055229187,0.6426250338554382,0.7782163023948669,0.7910413146018982,0.08591842651367188,0.8998029232025146,0.8043202757835388,0.7899938225746155,0.264248788356781,0.7300533056259155,0.8224989175796509,0.8054226040840149,0.0525827556848526,0.9547849297523499,PD_Early,004_PD_01_MD.MOV
0.836794912815094,0.24356472492218018,0.015400403179228306,0.9859195351600647,0.8372989296913147,0.22320042550563812,0.01952514424920082,0.9702857136726379,0.8360556960105896,0.22170235216617584,0.019526051357388496,0.969365119934082,0.8343037366867065,0.22041577100753784,0.01951865665614605,0.9729094505310059,0.8389615416526794,0.22234484553337097,-0.008519568480551243,0.97559654712677,0.8390436768531799,0.2206476330757141,-0.008511814288794994,0.9772103428840637,0.8390315175056458,0.21919521689414978,-0.00859522633254528,0.9754131436347961,0.8247063755989075,0.2181425243616104,0.03707369789481163,0.9281392097473145,0.8324118256568909,0.2160949856042862,-0.08978474885225296,0.9734957218170166,0.8287068605422974,0.25001779198646545,0.02610524743795395,0.9695116281509399,0.831142008304596,0.24894239008426666,-0.010907363146543503,0.981201171875,0.7757770419120789,0.2806852161884308,0.09710609167814255,0.9974228739738464,0.8087348341941833,0.2815074920654297,-0.16769210994243622,0.9999178647994995,0.7675245404243469,0.4122698903083801,0.11454824358224869,0.025268560275435448,0.8057599663734436,0.394034743309021,-0.2128879427909851,0.9427335858345032,0.7770540714263916,0.5154169201850891,0.09588444232940674,0.04849402233958244,0.8181886076927185,0.49670177698135376,-0.21329380571842194,0.9240226149559021,0.7784374356269836,0.5396618843078613,0.10544271022081375,0.058790337294340134,0.820129930973053,0.5258632898330688,-0.2380973994731903,0.9121398329734802,0.784529983997345,0.5432201623916626,0.0872349888086319,0.05773727223277092,0.8200289607048035,0.5276163220405579,-0.22554297745227814,0.9062485694885254,0.7838941812515259,0.5346789360046387,0.08718488365411758,0.059067126363515854,0.8186277747154236,0.5181869864463806,-0.20783691108226776,0.8440461754798889,0.7648481130599976,0.49082082509994507,0.08901029080152512,0.9980893731117249,0.7933849692344666,0.48659324645996094,-0.08920125663280487,0.998454749584198,0.7706937193870544,0.6272896528244019,0.16146911680698395,0.3207193911075592,0.8260380029678345,0.6228684782981873,-0.027217084541916847,0.9649888873100281,0.7803856730461121,0.7686887979507446,0.24472424387931824,0.6183549165725708,0.8029831647872925,0.7699003219604492,0.06039731949567795,0.9684975147247314,0.7742083072662354,0.7996131777763367,0.24988731741905212,0.6508975625038147,0.7907517552375793,0.7948057651519775,0.0683356299996376,0.9025139808654785,0.8041297197341919,0.7867481708526611,0.2214019000530243,0.7364577054977417,0.834440290927887,0.8054004907608032,0.03080224059522152,0.9563191533088684,PD_Early,004_PD_01_MD.MOV
0.8400529026985168,0.24343708157539368,0.018717177212238312,0.9863059520721436,0.8402470946311951,0.22318755090236664,0.02390834130346775,0.9719328880310059,0.8389385342597961,0.22162675857543945,0.02390928752720356,0.9709190726280212,0.8368517756462097,0.22023850679397583,0.02390896901488304,0.9742876887321472,0.8421297669410706,0.22273677587509155,-0.0038575972430408,0.9768785834312439,0.8422858715057373,0.2212361991405487,-0.0038496723864227533,0.9781880974769592,0.8423712849617004,0.21992579102516174,-0.003933930303901434,0.9766989350318909,0.8227431774139404,0.21931971609592438,0.04430199787020683,0.931644082069397,0.8360604643821716,0.21645145118236542,-0.08120603859424591,0.9747937917709351,0.8322190642356873,0.24995289742946625,0.030267782509326935,0.9708623886108398,0.8347638845443726,0.24889087677001953,-0.006281302310526371,0.9821398854255676,0.7782089710235596,0.2788315415382385,0.10514739155769348,0.9974583387374878,0.8122053742408752,0.28156036138534546,-0.15893054008483887,0.9999215602874756,0.7699867486953735,0.4051800072193146,0.11818528920412064,0.025360414758324623,0.8091524243354797,0.3940095007419586,-0.19059449434280396,0.9435541033744812,0.7804437875747681,0.5018227100372314,0.09466134756803513,0.04724333435297012,0.8206074833869934,0.49657174944877625,-0.17050911486148834,0.9225252270698547,0.7817928194999695,0.5253138542175293,0.10386832058429718,0.05737220495939255,0.8225728869438171,0.5257902145385742,-0.19200420379638672,0.910050094127655,0.7882108688354492,0.5281648635864258,0.08607850223779678,0.05624542385339737,0.8228163123130798,0.5275464653968811,-0.18032141029834747,0.9041584134101868,0.7879701852798462,0.5198782682418823,0.08593344688415527,0.057596657425165176,0.8212841749191284,0.5177318453788757,-0.16476429998874664,0.8412904143333435,0.7661011815071106,0.4909120202064514,0.08842331916093826,0.9980646967887878,0.7961865067481995,0.48617011308670044,-0.08859869092702866,0.9984953999519348,0.7707437872886658,0.62724769115448,0.16323161125183105,0.35037562251091003,0.826281726360321,0.6203908920288086,-0.035548191517591476,0.9674909710884094,0.7818175554275513,0.7698314189910889,0.2501787543296814,0.637012779712677,0.8139253854751587,0.7734618782997131,0.03592904284596443,0.9706471562385559,0.7791810631752014,0.7995828986167908,0.25582996010780334,0.6627644300460815,0.8038185834884644,0.798629879951477,0.04072163254022598,0.9070272445678711,0.8040086627006531,0.7861144542694092,0.22238826751708984,0.7437648773193359,0.8472002744674683,0.8044337630271912,-2.808327553793788e-05,0.9583433866500854,PD_Early,004_PD_01_MD.MOV
0.8404850363731384,0.24584734439849854,0.02809739112854004,0.9864858388900757,0.8409420251846313,0.22755086421966553,0.03251601383090019,0.973262369632721,0.8392513990402222,0.22561948001384735,0.03251945227384567,0.9721411466598511,0.8374866843223572,0.22393259406089783,0.032518982887268066,0.9753811359405518,0.8430474400520325,0.22756855189800262,0.0055616553872823715,0.9778954386711121,0.8432813286781311,0.2260591834783554,0.005564925726503134,0.978855311870575,0.843431293964386,0.22472015023231506,0.005473326425999403,0.9776855707168579,0.8269604444503784,0.2199346125125885,0.04841121658682823,0.9345338940620422,0.8369439244270325,0.2188912332057953,-0.07337422668933868,0.9757980108261108,0.8322318196296692,0.251512736082077,0.037866611033678055,0.9719595313072205,0.8350937962532043,0.2503022849559784,0.002425434999167919,0.9828982353210449,0.7802034616470337,0.2785930633544922,0.10271715372800827,0.9974652528762817,0.8136844038963318,0.2818959653377533,-0.15122516453266144,0.9999243021011353,0.771491289138794,0.4001936912536621,0.11257325112819672,0.02551945485174656,0.8099449276924133,0.39401161670684814,-0.18138664960861206,0.9430243968963623,0.7827494740486145,0.49466294050216675,0.08498052507638931,0.045983750373125076,0.8211326599121094,0.49639153480529785,-0.15972800552845,0.9193611145019531,0.7842551469802856,0.5175448060035706,0.09200914204120636,0.05592193081974983,0.8232631087303162,0.5256502032279968,-0.18041320145130157,0.9063824415206909,0.7905919551849365,0.520324170589447,0.07745957374572754,0.05474686250090599,0.8236029148101807,0.527361273765564,-0.1694374680519104,0.9003980159759521,0.7904670834541321,0.5125977396965027,0.07716266065835953,0.05614352971315384,0.8224036693572998,0.5168877840042114,-0.15429720282554626,0.8364058136940002,0.7673467397689819,0.4909142851829529,0.08621903508901596,0.9980398416519165,0.798364520072937,0.4861670136451721,-0.08638479560613632,0.9985318779945374,0.7708811163902283,0.6278608441352844,0.16287840902805328,0.3799057602882385,0.8262519240379333,0.6205454468727112,-0.031026966869831085,0.9696219563484192,0.7830082178115845,0.7717641592025757,0.24714751541614532,0.6544864177703857,0.8193545937538147,0.7765070199966431,0.03634266555309296,0.9724538326263428,0.7820147275924683,0.8005462884902954,0.252410352230072,0.6750891804695129,0.8119863271713257,0.8012743592262268,0.04171476513147354,0.911045253276825,0.8039191961288452,0.7867441177368164,0.22294941544532776,0.7475935220718384,0.8540515303611755,0.8041306734085083,0.0006856825202703476,0.9594471454620361,PD_Early,004_PD_01_MD.MOV
0.846075177192688,0.24968498945236206,0.02540995366871357,0.9852495193481445,0.8475872874259949,0.23240193724632263,0.030922571197152138,0.9731078147888184,0.8463751077651978,0.23018310964107513,0.030925584957003593,0.9716759324073792,0.8449128270149231,0.22804559767246246,0.030929770320653915,0.9751318693161011,0.8489845395088196,0.23267480731010437,0.0035212221555411816,0.9776285290718079,0.8489448428153992,0.23105531930923462,0.0035174915101379156,0.9780544638633728,0.8487889170646667,0.22953401505947113,0.0034108783584088087,0.9775208234786987,0.8336132168769836,0.22062689065933228,0.05130523815751076,0.9337691068649292,0.8412330150604248,0.22126734256744385,-0.07208828628063202,0.9755250215530396,0.8378872275352478,0.25425848364830017,0.03680386394262314,0.9708813428878784,0.8407878875732422,0.253688782453537,0.0009276397759094834,0.982421875,0.7837101817131042,0.2787150740623474,0.10796107351779938,0.9973211288452148,0.816689133644104,0.2825872600078583,-0.14911656081676483,0.9999240040779114,0.7754061222076416,0.3961949944496155,0.11096961051225662,0.025372682139277458,0.8122231960296631,0.3944070637226105,-0.17736348509788513,0.9404283761978149,0.7861297726631165,0.4924650490283966,0.08034202456474304,0.04412738233804703,0.8225641250610352,0.4967821538448334,-0.15004220604896545,0.9133579134941101,0.7877843379974365,0.5165482759475708,0.0865439847111702,0.05370375141501427,0.8247382640838623,0.525641143321991,-0.1693233698606491,0.8999840021133423,0.7938499450683594,0.5196493268013,0.07306844741106033,0.052515044808387756,0.8249078989028931,0.5273797512054443,-0.15960079431533813,0.8938130140304565,0.7935534119606018,0.5115587711334229,0.07271785289049149,0.053980350494384766,0.8238025903701782,0.5168851017951965,-0.14477220177650452,0.8283377289772034,0.7696561813354492,0.4912148416042328,0.08614838868379593,0.9978802800178528,0.8008843064308167,0.4866027235984802,-0.08630986511707306,0.9984840750694275,0.7717759013175964,0.6296692490577698,0.1567281186580658,0.3999443054199219,0.8254333734512329,0.62089604139328,-0.02898038737475872,0.9704249501228333,0.7830566167831421,0.7750850319862366,0.231524258852005,0.6630065441131592,0.8256851434707642,0.780990481376648,0.037239767611026764,0.9729118943214417,0.7826032042503357,0.8034593462944031,0.23571094870567322,0.6792489886283875,0.820271372795105,0.8070193529129028,0.04224705696105957,0.9120460152626038,0.8020763993263245,0.7868036031723022,0.20781965553760529,0.7434875965118408,0.8654995560646057,0.8032003045082092,0.0015110841486603022,0.9582570195198059,PD_Early,004_PD_01_MD.MOV
0.8495412468910217,0.25339275598526,0.013037982396781445,0.9852523803710938,0.8517072200775146,0.23693694174289703,0.019101016223430634,0.9741427898406982,0.8507595658302307,0.2346806675195694,0.01910332217812538,0.9725970029830933,0.8495307564735413,0.23242419958114624,0.019112247973680496,0.9759796261787415,0.852605938911438,0.2374318391084671,-0.008099822327494621,0.9784241914749146,0.8524211049079895,0.23593808710575104,-0.008108926936984062,0.978574275970459,0.8521210551261902,0.23451802134513855,-0.008203214965760708,0.9784252643585205,0.8376098275184631,0.22310751676559448,0.04449055716395378,0.9360345602035522,0.8437923192977905,0.22536282241344452,-0.07748059183359146,0.9765893220901489,0.841553807258606,0.25762295722961426,0.026115955784916878,0.9714772701263428,0.8438993096351624,0.2574218809604645,-0.00952410139143467,0.9829760789871216,0.7897434234619141,0.2787700593471527,0.1047804206609726,0.9972918033599854,0.8184093236923218,0.2832672595977783,-0.14861935377120972,0.9999252557754517,0.7804574966430664,0.39345958828926086,0.11031416058540344,0.024762853980064392,0.8150302767753601,0.3953245282173157,-0.1719636470079422,0.9388035535812378,0.792749285697937,0.4891045391559601,0.07178173214197159,0.04210905730724335,0.8255710601806641,0.49680209159851074,-0.13206228613853455,0.9052566289901733,0.7950271964073181,0.513430118560791,0.07685141265392303,0.05146808922290802,0.8273130059242249,0.5249408483505249,-0.14906328916549683,0.8915224075317383,0.8009220361709595,0.5163339972496033,0.06258086860179901,0.05030538886785507,0.8276229500770569,0.5268876552581787,-0.14000539481639862,0.8852202892303467,0.8002552390098572,0.5083098411560059,0.06368950754404068,0.05188152939081192,0.8267567753791809,0.5164715647697449,-0.1267363280057907,0.8187627196311951,0.7727778553962708,0.49134165048599243,0.08403166383504868,0.9977561235427856,0.8029779195785522,0.487180233001709,-0.08415313810110092,0.9984506368637085,0.7739722728729248,0.6303517818450928,0.1475716084241867,0.41796255111694336,0.8268606066703796,0.6213615536689758,-0.028327427804470062,0.9712325930595398,0.7831374406814575,0.7763057947158813,0.2174474596977234,0.6731091141700745,0.829705536365509,0.7834650278091431,0.03773437440395355,0.9735001921653748,0.7816514372825623,0.8050490021705627,0.22098428010940552,0.685707688331604,0.8236623406410217,0.8086128234863281,0.042776454240083694,0.9135950207710266,0.8019550442695618,0.7872231006622314,0.1919569969177246,0.7458192110061646,0.868047833442688,0.8032588362693787,0.0016901892377063632,0.9580965042114258,PD_Early,004_PD_01_MD.MOV
0.852590024471283,0.25314071774482727,0.010948089882731438,0.9852325916290283,0.8546628355979919,0.23661476373672485,0.01734483614563942,0.9750698804855347,0.8537406921386719,0.23438361287117004,0.017317043617367744,0.9733967185020447,0.8525739908218384,0.2321712225675583,0.017280587926506996,0.976711094379425,0.8555434346199036,0.2372708022594452,-0.012487439438700676,0.97914719581604,0.8553533554077148,0.2358817756175995,-0.01248872559517622,0.9790701866149902,0.8550708889961243,0.23457421362400055,-0.01258466113358736,0.9792600870132446,0.8407526612281799,0.22296185791492462,0.03768356889486313,0.9381073713302612,0.8467220664024353,0.22564126551151276,-0.08630328625440598,0.977580726146698,0.8446151614189148,0.25739195942878723,0.02353774756193161,0.9721720814704895,0.846922755241394,0.2574883699417114,-0.014939839020371437,0.9835922718048096,0.7930033206939697,0.2788531184196472,0.10188456624746323,0.9972732663154602,0.8205162286758423,0.2844170331954956,-0.1537799835205078,0.9999266266822815,0.7831111550331116,0.39361312985420227,0.10085126012563705,0.024079034104943275,0.8171373605728149,0.3985784649848938,-0.17469996213912964,0.9361913800239563,0.7940241098403931,0.49017634987831116,0.05913834646344185,0.04051384702324867,0.8274260759353638,0.4984895586967468,-0.13659027218818665,0.8992281556129456,0.7961528897285461,0.5147097110748291,0.0625259131193161,0.049781858921051025,0.8293518424034119,0.5256176590919495,-0.1545993834733963,0.8854020237922668,0.8019009232521057,0.5175623297691345,0.04776448383927345,0.04862760379910469,0.8298075795173645,0.5276594161987305,-0.1470441371202469,0.8789305090904236,0.8012044429779053,0.5094162821769714,0.05081864073872566,0.050234340131282806,0.8289785981178284,0.5169821977615356,-0.1318618655204773,0.8117209672927856,0.7758731842041016,0.49149617552757263,0.08301811665296555,0.9976306557655334,0.805237889289856,0.48770394921302795,-0.08316164463758469,0.9984170794487,0.7756832838058472,0.6311850547790527,0.14827238023281097,0.43642714619636536,0.8283710479736328,0.621645987033844,-0.02702467516064644,0.9712710380554199,0.7828432321548462,0.7770557403564453,0.22116619348526,0.6824501156806946,0.8295151591300964,0.7853586673736572,0.047180358320474625,0.9731273055076599,0.7803899645805359,0.8071810007095337,0.22512716054916382,0.6919442415237427,0.8230318427085876,0.8104005455970764,0.05250438302755356,0.912113606929779,0.8006957173347473,0.7874305248260498,0.19758202135562897,0.7476969957351685,0.8684675693511963,0.8060093522071838,0.012029359117150307,0.9564237594604492,PD_Early,004_PD_01_MD.MOV
0.8544016480445862,0.2527017891407013,0.009721709415316582,0.985743522644043,0.8565291166305542,0.23598329722881317,0.016295911744236946,0.9764724373817444,0.8557102084159851,0.23382553458213806,0.016296446323394775,0.9747658371925354,0.8546876311302185,0.23170778155326843,0.01630440168082714,0.9779179096221924,0.8571414947509766,0.23658008873462677,-0.011385779827833176,0.9802882671356201,0.8568657636642456,0.23522403836250305,-0.011391142383217812,0.9800711870193481,0.8565176129341125,0.23397330939769745,-0.011483239941298962,0.9804556965827942,0.8430474996566772,0.2230314463376999,0.04209749773144722,0.941294252872467,0.8479452133178711,0.22594940662384033,-0.08008112758398056,0.9788873195648193,0.8468557596206665,0.2571856379508972,0.023194584995508194,0.9733393788337708,0.8486688733100891,0.2574596107006073,-0.012917672283947468,0.9844166040420532,0.7959774136543274,0.2794102430343628,0.1030362918972969,0.9972941279411316,0.822935163974762,0.2853947877883911,-0.14846698939800262,0.9999279379844666,0.7858613729476929,0.39348751306533813,0.10172205418348312,0.023630263283848763,0.8199393153190613,0.3988057076931,-0.16723042726516724,0.9338930249214172,0.7975728511810303,0.48988279700279236,0.06418702006340027,0.039045389741659164,0.8306160569190979,0.498148649930954,-0.12116391211748123,0.8922582268714905,0.8000386953353882,0.5145719051361084,0.06840627640485764,0.04814783111214638,0.8320995569229126,0.5249544978141785,-0.13638217747211456,0.8782154321670532,0.8055021166801453,0.5175541639328003,0.05339427292346954,0.04701434075832367,0.8327431082725525,0.524829089641571,-0.1294422745704651,0.8717416524887085,0.8046907782554626,0.5092988610267639,0.05578869208693504,0.048697326332330704,0.8318921327590942,0.515893816947937,-0.11635993421077728,0.8040350079536438,0.7794922590255737,0.49157896637916565,0.08273813128471375,0.997581958770752,0.8083442449569702,0.4881828725337982,-0.08290259540081024,0.9984156489372253,0.7792049646377563,0.6310664415359497,0.14754419028759003,0.4578286111354828,0.8311195373535156,0.6216995120048523,-0.0298105888068676,0.9717360138893127,0.7830976247787476,0.7763646841049194,0.21846581995487213,0.694595456123352,0.832348644733429,0.7854642271995544,0.04399345442652702,0.9733004570007324,0.7798960208892822,0.806483805179596,0.2222350537776947,0.70125412940979,0.8253559470176697,0.8101131916046143,0.04871968924999237,0.912469744682312,0.800706684589386,0.7880648374557495,0.19541825354099274,0.7517702579498291,0.8686710596084595,0.8099795579910278,0.009486055001616478,0.9557785391807556,PD_Early,004_PD_01_MD.MOV
0.8567733764648438,0.2525719106197357,0.007036144845187664,0.9867299199104309,0.858224630355835,0.23570193350315094,0.012974838726222515,0.9782968163490295,0.8571487665176392,0.23365585505962372,0.01298095379024744,0.976653516292572,0.8558905720710754,0.23163796961307526,0.012994191609323025,0.9795215129852295,0.8594293594360352,0.2360038459300995,-0.014030520804226398,0.9818082451820374,0.8593397736549377,0.23468296229839325,-0.014030534774065018,0.9815507531166077,0.8591801524162292,0.23335854709148407,-0.014113424345850945,0.9819732308387756,0.8448197245597839,0.2226744294166565,0.03856038302183151,0.9457904100418091,0.8507444262504578,0.22544161975383759,-0.08319087326526642,0.9805557727813721,0.8490555286407471,0.2570416331291199,0.02015066333115101,0.9752650260925293,0.8508979678153992,0.2572988271713257,-0.015273069031536579,0.9856209754943848,0.7954992055892944,0.2794688045978546,0.09651777148246765,0.9974163770675659,0.8281944990158081,0.2860945165157318,-0.1489855945110321,0.9999315738677979,0.7868615388870239,0.3938405513763428,0.09493790566921234,0.023598968982696533,0.8244282007217407,0.3996677100658417,-0.16544334590435028,0.9324581623077393,0.7977373003959656,0.4911089837551117,0.055958665907382965,0.038235653191804886,0.8357864022254944,0.4976976811885834,-0.11634314060211182,0.8868060111999512,0.7998365759849548,0.5157236456871033,0.0597732812166214,0.047337327152490616,0.8365915417671204,0.5245378017425537,-0.13040897250175476,0.8724150061607361,0.8054105043411255,0.5186127424240112,0.045316170901060104,0.04618734493851662,0.8374475836753845,0.5234240293502808,-0.12318319827318192,0.8659844398498535,0.8047980070114136,0.5103783011436462,0.04792002588510513,0.04790833219885826,0.836171567440033,0.5151364207267761,-0.11134013533592224,0.7979996800422668,0.7824938297271729,0.4916258752346039,0.07975202053785324,0.9976128935813904,0.8127555847167969,0.4885932207107544,-0.07995021343231201,0.9984551668167114,0.7832634449005127,0.6301473379135132,0.14951357245445251,0.4851466119289398,0.836125373840332,0.6218632459640503,-0.029502492398023605,0.9726783037185669,0.7831684350967407,0.7760695815086365,0.2236376702785492,0.7091342806816101,0.8323605060577393,0.7844058871269226,0.04611946642398834,0.9736961126327515,0.7809429168701172,0.8061373829841614,0.22794295847415924,0.7128579020500183,0.8238124251365662,0.8090473413467407,0.051843538880348206,0.9122666716575623,0.8018011450767517,0.7884995937347412,0.2025371491909027,0.7584026455879211,0.8667157292366028,0.8118376731872559,0.017810693010687828,0.9554052948951721,PD_Early,004_PD_01_MD.MOV
0.8580443859100342,0.25144046545028687,0.006707678083330393,0.9876947999000549,0.8590704202651978,0.23535588383674622,0.011597399599850178,0.980006992816925,0.8578200936317444,0.23340974748134613,0.011608736589550972,0.978438138961792,0.8558933734893799,0.23132823407649994,0.011627906002104282,0.9810330271720886,0.860736608505249,0.23585306107997894,-0.014925449155271053,0.9832475185394287,0.860787034034729,0.23459164798259735,-0.014918098226189613,0.9829670190811157,0.8607890605926514,0.23305891454219818,-0.014996581710875034,0.983390748500824,0.8456963300704956,0.2225736677646637,0.036657318472862244,0.949985921382904,0.8522155284881592,0.2250426709651947,-0.08574835956096649,0.982079029083252,0.8501720428466797,0.25641363859176636,0.01904730126261711,0.9771161079406738,0.8525463342666626,0.2566699981689453,-0.01572168618440628,0.9867590069770813,0.7961256504058838,0.2799464464187622,0.0891062542796135,0.9975413084030151,0.8309885859489441,0.2863894999027252,-0.15052033960819244,0.9999351501464844,0.7868496775627136,0.3941470682621002,0.09225093573331833,0.024054953828454018,0.8267192244529724,0.39965230226516724,-0.16715408861637115,0.9302854537963867,0.79715496301651,0.4919230043888092,0.05514002591371536,0.038301240652799606,0.8383677005767822,0.49716633558273315,-0.12070970237255096,0.8814932703971863,0.7989685535430908,0.5165777206420898,0.058838605880737305,0.047579940408468246,0.8396748900413513,0.5241836309432983,-0.1350993514060974,0.8668020367622375,0.8046895861625671,0.5194807052612305,0.044356491416692734,0.046378497034311295,0.8403551578521729,0.5234576463699341,-0.1284961700439453,0.860247015953064,0.8042451739311218,0.5112165808677673,0.04727300629019737,0.0481046624481678,0.8387452363967896,0.5145357847213745,-0.11593899875879288,0.7913360595703125,0.7851617932319641,0.49188774824142456,0.07893163710832596,0.9976929426193237,0.8157542943954468,0.48967698216438293,-0.07917828857898712,0.9985226988792419,0.7839013338088989,0.629027247428894,0.1593967229127884,0.517219066619873,0.8402936458587646,0.6218901872634888,-0.025947000831365585,0.9737939834594727,0.7831178903579712,0.7758081555366516,0.23998896777629852,0.7252532243728638,0.8330262899398804,0.7844492197036743,0.05377139523625374,0.9741542935371399,0.7804861664772034,0.8059290051460266,0.24585023522377014,0.7266750335693359,0.822841227054596,0.8097395300865173,0.060454607009887695,0.9123650789260864,0.8019192814826965,0.788295567035675,0.2290351390838623,0.7641609907150269,0.8668034076690674,0.8118393421173096,0.028790639713406563,0.9543111324310303,PD_Early,004_PD_01_MD.MOV
0.8584004044532776,0.25093191862106323,0.006946212612092495,0.9887054562568665,0.8589696288108826,0.2351047396659851,0.011175495572388172,0.9817302227020264,0.8572807908058167,0.23315073549747467,0.011191325262188911,0.9802676439285278,0.8555471897125244,0.23125790059566498,0.011214165948331356,0.9825999140739441,0.8607858419418335,0.23549656569957733,-0.014248745515942574,0.9846885800361633,0.8607966303825378,0.23414486646652222,-0.014236417599022388,0.9844127893447876,0.8607407808303833,0.2327173799276352,-0.014306646771728992,0.9848172068595886,0.8455978035926819,0.2224457859992981,0.03623918816447258,0.9543039798736572,0.8513010740280151,0.2247675359249115,-0.08261917531490326,0.9836268424987793,0.8502314686775208,0.25628846883773804,0.018810022622346878,0.9789872169494629,0.8528743386268616,0.2565634548664093,-0.014472121372818947,0.9878860116004944,0.7977742552757263,0.2821274995803833,0.08561790734529495,0.9976752996444702,0.8340775370597839,0.28663334250450134,-0.14463728666305542,0.9999380707740784,0.7905523180961609,0.3969534933567047,0.08691487461328506,0.024168021976947784,0.830295979976654,0.4005066454410553,-0.157570019364357,0.9263841509819031,0.8030710220336914,0.4922722578048706,0.047999199479818344,0.03799087554216385,0.8426664471626282,0.49462851881980896,-0.10147073119878769,0.8708896040916443,0.8053144216537476,0.5171301960945129,0.05073123797774315,0.04754573479294777,0.8438481688499451,0.5206627249717712,-0.11349660903215408,0.8559193015098572,0.8108871579170227,0.5200232267379761,0.0366491824388504,0.04630216956138611,0.8443552255630493,0.5207917094230652,-0.10783039033412933,0.8490007519721985,0.81037437915802,0.5117677450180054,0.04023054987192154,0.048045139759778976,0.8427037000656128,0.5126407146453857,-0.09693428874015808,0.7791562080383301,0.7884366512298584,0.4924545884132385,0.07602328807115555,0.9977821111679077,0.8188610672950745,0.49042651057243347,-0.07628611475229263,0.9985722303390503,0.7885844707489014,0.6275128126144409,0.15264643728733063,0.5503742694854736,0.8440701961517334,0.6224075555801392,-0.02117847092449665,0.9749926924705505,0.7830197811126709,0.7757183313369751,0.2196258157491684,0.742617666721344,0.8328492045402527,0.784025251865387,0.0627652108669281,0.9748712182044983,0.7798982262611389,0.8056614398956299,0.2241029590368271,0.742624819278717,0.8208702802658081,0.8097636103630066,0.0701473131775856,0.9133902788162231,0.8027786612510681,0.7884581685066223,0.20845076441764832,0.7720427513122559,0.86607426404953,0.8116576671600342,0.04204457625746727,0.9536197781562805,PD_Early,004_PD_01_MD.MOV
0.860519289970398,0.24984154105186462,0.006095618475228548,0.9897148013114929,0.8606497049331665,0.2340317815542221,0.010850830934941769,0.9833851456642151,0.8589031100273132,0.23242691159248352,0.010860350914299488,0.9820307493209839,0.8568004369735718,0.23087045550346375,0.01087640319019556,0.9841365218162537,0.8630432486534119,0.23402245342731476,-0.015248430892825127,0.9860808253288269,0.863192617893219,0.23260343074798584,-0.015238993801176548,0.9858168363571167,0.8632503747940063,0.23124602437019348,-0.015312576666474342,0.9861958622932434,0.8471785187721252,0.22247770428657532,0.03299378603696823,0.9584404230117798,0.8547278046607971,0.22461354732513428,-0.08431322872638702,0.9851055145263672,0.8523452877998352,0.25593557953834534,0.018338870257139206,0.9808496832847595,0.8555402755737305,0.2559802532196045,-0.01558990590274334,0.9889850616455078,0.8003095388412476,0.2849712371826172,0.08476776629686356,0.9978230595588684,0.8379678726196289,0.2866009771823883,-0.14672993123531342,0.9999417066574097,0.7990730404853821,0.3969402611255646,0.08889635652303696,0.024735353887081146,0.8340089321136475,0.401856929063797,-0.16418038308620453,0.9277732968330383,0.8085880279541016,0.4925317168235779,0.050982534885406494,0.03892671316862106,0.8482407331466675,0.4940882921218872,-0.11854566633701324,0.8701231479644775,0.8109970688819885,0.517511248588562,0.05425659567117691,0.04884158447384834,0.8494535684585571,0.5207740664482117,-0.13359004259109497,0.8541029095649719,0.8168027400970459,0.5201711654663086,0.03887418285012245,0.047592028975486755,0.8495858907699585,0.5210000276565552,-0.1262977421283722,0.8470702767372131,0.8161409497261047,0.512029230594635,0.04270826652646065,0.04932098835706711,0.8488168716430664,0.5125651955604553,-0.11372335255146027,0.7768620252609253,0.7929824590682983,0.4927297532558441,0.07482142001390457,0.9979090094566345,0.8218411803245544,0.49092555046081543,-0.07506481558084488,0.9986461400985718,0.7973683476448059,0.6268479228019714,0.14521627128124237,0.5757309198379517,0.8477327227592468,0.6224402785301208,-0.021672431379556656,0.9758960604667664,0.7831217646598816,0.7753886580467224,0.2133014053106308,0.7572131156921387,0.8341472744941711,0.7839170098304749,0.06224531680345535,0.9756296277046204,0.7772778272628784,0.8052846193313599,0.2176547795534134,0.7552225589752197,0.8222767114639282,0.8091438412666321,0.06933672726154327,0.9140084981918335,0.8047012090682983,0.7907534241676331,0.19790831208229065,0.7822362184524536,0.8655656576156616,0.8115425705909729,0.04001714289188385,0.9546167254447937,PD_Early,004_PD_01_MD.MOV
0.8619282841682434,0.24725107848644257,0.0014828973216935992,0.9906071424484253,0.8618236184120178,0.2305382341146469,0.006013764068484306,0.9848370552062988,0.8600724339485168,0.22920174896717072,0.006027820985764265,0.983579695224762,0.8582386374473572,0.22804874181747437,0.006043671164661646,0.9854873418807983,0.8641646504402161,0.2302819788455963,-0.018520839512348175,0.9872992038726807,0.8643156290054321,0.22893743216991425,-0.018491636961698532,0.9870468378067017,0.8643954396247864,0.22773663699626923,-0.01853371039032936,0.9874048233032227,0.8489350080490112,0.22226402163505554,0.029009656980633736,0.9620949625968933,0.8564198017120361,0.223629891872406,-0.08527567982673645,0.9863981008529663,0.8541840314865112,0.2550349533557892,0.014029618352651596,0.9824740290641785,0.8572889566421509,0.25474414229393005,-0.01807239279150963,0.9899464249610901,0.8028652667999268,0.2860202491283417,0.08372727781534195,0.9979454874992371,0.8399248719215393,0.2865643799304962,-0.14654597640037537,0.9999443292617798,0.8030683398246765,0.3969355821609497,0.09018667042255402,0.024629199877381325,0.8367406725883484,0.40203559398651123,-0.16774341464042664,0.9289100170135498,0.8138241171836853,0.493790864944458,0.05401663854718208,0.038646768778562546,0.8501778244972229,0.4945436120033264,-0.12807384133338928,0.8693965077400208,0.8167523145675659,0.5178609490394592,0.058078981935977936,0.04880092665553093,0.8518362641334534,0.5215961337089539,-0.14454492926597595,0.8524231314659119,0.822236955165863,0.5204429626464844,0.04266698658466339,0.04751128330826759,0.8519620895385742,0.5222320556640625,-0.13673081994056702,0.8451741933822632,0.8214038014411926,0.5126367807388306,0.04568316042423248,0.04925300180912018,0.8508176803588867,0.5133187770843506,-0.12330657988786697,0.774403989315033,0.7963816523551941,0.4926774799823761,0.07385341823101044,0.9980010390281677,0.8243063688278198,0.4909895062446594,-0.07409042865037918,0.9986982345581055,0.8008102178573608,0.6258822083473206,0.14477291703224182,0.5940542221069336,0.8493810296058655,0.6235828995704651,-0.021623004227876663,0.9763075113296509,0.7838385701179504,0.7747930288314819,0.21585367619991302,0.7688556909561157,0.8337189555168152,0.7836093902587891,0.06570462882518768,0.9759610891342163,0.7772321701049805,0.8042424917221069,0.2204350084066391,0.7650559544563293,0.8234154582023621,0.8089185953140259,0.07330667227506638,0.9127236604690552,0.8069438338279724,0.7921238541603088,0.20005391538143158,0.7907460331916809,0.86750727891922,0.8126067519187927,0.04556545242667198,0.9549758434295654,PD_Early,004_PD_01_MD.MOV
0.8639293313026428,0.24500854313373566,-0.005557919852435589,0.9913691282272339,0.8636975884437561,0.22746573388576508,-0.0013630235334858298,0.986090362071991,0.8621829748153687,0.22627881169319153,-0.0013547905255109072,0.9849129915237427,0.8604004979133606,0.2252838909626007,-0.0013440808979794383,0.986650288105011,0.8657073974609375,0.22700417041778564,-0.0251720380038023,0.9883464574813843,0.865748405456543,0.2257525771856308,-0.025145994499325752,0.9881028532981873,0.8657292723655701,0.22462372481822968,-0.025176923722028732,0.9884518980979919,0.8511512279510498,0.22169698774814606,0.021851567551493645,0.9652822017669678,0.8569149374961853,0.22248044610023499,-0.08681987971067429,0.987516462802887,0.8565170764923096,0.25350818037986755,0.0071914237923920155,0.9838650822639465,0.8591986298561096,0.2532130777835846,-0.024029552936553955,0.99077969789505,0.8063682913780212,0.28663092851638794,0.07690371572971344,0.9980296492576599,0.8412107825279236,0.2865985035896301,-0.14503774046897888,0.9999457597732544,0.8058141469955444,0.39697420597076416,0.08762655407190323,0.02418859302997589,0.8391016125679016,0.4036714434623718,-0.16260023415088654,0.9293070435523987,0.8155241012573242,0.4939984977245331,0.054384492337703705,0.037809986621141434,0.8533118367195129,0.49523359537124634,-0.11967083066701889,0.8687835931777954,0.8185727596282959,0.5180079936981201,0.05819783732295036,0.048225246369838715,0.855089008808136,0.5226017236709595,-0.13466355204582214,0.8514246344566345,0.8236377835273743,0.520565927028656,0.0436183400452137,0.046911194920539856,0.8558510541915894,0.5230227112770081,-0.12775282561779022,0.8439863920211792,0.8227201700210571,0.5128373503684998,0.04701336473226547,0.04867881163954735,0.8546282649040222,0.5138803720474243,-0.11513832956552505,0.7730122208595276,0.8001804947853088,0.4922189712524414,0.06982488930225372,0.9980498552322388,0.8263359069824219,0.49086710810661316,-0.07002699375152588,0.9987343549728394,0.8090758919715881,0.6259324550628662,0.13733330368995667,0.5997433066368103,0.8504447937011719,0.6253092288970947,-0.018690207973122597,0.9748529195785522,0.7857860326766968,0.7736678123474121,0.20591753721237183,0.7727729082107544,0.8341083526611328,0.7836515307426453,0.06551175564527512,0.9748811721801758,0.7778651118278503,0.8008689880371094,0.2102808952331543,0.7680496573448181,0.8249466419219971,0.8086525201797485,0.07265044748783112,0.9083512425422668,0.8085426092147827,0.7923282980918884,0.19123974442481995,0.7935448288917542,0.8672724962234497,0.8126034736633301,0.04467903450131416,0.9531264305114746,PD_Early,004_PD_01_MD.MOV
0.8646951913833618,0.24032838642597198,-0.0016004435019567609,0.9919548630714417,0.8635361194610596,0.22144651412963867,0.001231266069225967,0.9870302081108093,0.862059473991394,0.22031524777412415,0.001228968845680356,0.9859166145324707,0.8604031801223755,0.21944144368171692,0.0012196635361760855,0.9875170588493347,0.8654596209526062,0.22128868103027344,-0.020720509812235832,0.9891323447227478,0.8654537200927734,0.22023232281208038,-0.020687662065029144,0.9888973236083984,0.8653538227081299,0.21934425830841064,-0.020720336586236954,0.9892401695251465,0.8504678606987,0.21888713538646698,0.022473866119980812,0.9678398370742798,0.8567990660667419,0.219258114695549,-0.08334330469369888,0.9883211255073547,0.8575770854949951,0.24995854496955872,0.00841393694281578,0.9849371314048767,0.8601662516593933,0.2500658333301544,-0.020375167950987816,0.9914261698722839,0.8087297081947327,0.2872238755226135,0.07482434809207916,0.9980345368385315,0.8436161875724792,0.2863568067550659,-0.1404976099729538,0.9999452829360962,0.80959153175354,0.3970871865749359,0.08800828456878662,0.024538759142160416,0.8424952030181885,0.40372633934020996,-0.15911966562271118,0.9290417432785034,0.8174489736557007,0.49531686305999756,0.07296913117170334,0.03707736358046532,0.8576682806015015,0.49523207545280457,-0.12119866907596588,0.8676188588142395,0.8204368352890015,0.5188585519790649,0.07972034066915512,0.047568537294864655,0.8594762086868286,0.5226271748542786,-0.13580836355686188,0.8495730757713318,0.8249242901802063,0.5220382213592529,0.06534667313098907,0.046193551272153854,0.8606275916099548,0.5230423808097839,-0.12908858060836792,0.8418155312538147,0.824015736579895,0.5145497918128967,0.06614545732736588,0.048026785254478455,0.8592470288276672,0.5138373970985413,-0.1169494017958641,0.7706674933433533,0.8041109442710876,0.4909575879573822,0.06770617514848709,0.9980531334877014,0.8296933770179749,0.48984047770500183,-0.06790097057819366,0.9987478852272034,0.8121872544288635,0.6264981627464294,0.1316874772310257,0.603706419467926,0.8501606583595276,0.6268966197967529,-0.018295418471097946,0.9732621312141418,0.7867124080657959,0.770721971988678,0.1981101930141449,0.775925874710083,0.8348607420921326,0.7856723666191101,0.06434105336666107,0.9736722707748413,0.7791095972061157,0.7923341989517212,0.2024911791086197,0.7699094414710999,0.8259190917015076,0.8088046312332153,0.0724840983748436,0.9044138789176941,0.8099797964096069,0.7922113537788391,0.18571333587169647,0.7949283123016357,0.8676995038986206,0.8130598068237305,0.03931663557887077,0.9506683349609375,PD_Early,004_PD_01_MD.MOV
0.8645201325416565,0.23884758353233337,-0.0003146458766423166,0.9925265908241272,0.8637866973876953,0.21900242567062378,0.002445613034069538,0.9879624843597412,0.8625088930130005,0.21798330545425415,0.002439579227939248,0.9869187474250793,0.8611039519309998,0.21724894642829895,0.002425537211820483,0.9883899688720703,0.8654228448867798,0.2189580798149109,-0.018739821389317513,0.9899178147315979,0.8653935790061951,0.21804022789001465,-0.018709516152739525,0.9896978735923767,0.8652693033218384,0.21734419465065002,-0.018741928040981293,0.9900360107421875,0.8509655594825745,0.21839265525341034,0.023147178813815117,0.9703211784362793,0.8566831350326538,0.2186627984046936,-0.07940090447664261,0.9891700148582458,0.8578123450279236,0.2490679770708084,0.009021998383104801,0.985965371131897,0.8600234985351562,0.24936817586421967,-0.018509099259972572,0.9920399785041809,0.8123540282249451,0.2877127528190613,0.0767211839556694,0.9980279207229614,0.8435888886451721,0.28610655665397644,-0.1344967484474182,0.9999444484710693,0.8138031363487244,0.39687174558639526,0.08882395923137665,0.024133553728461266,0.8440324068069458,0.404367059469223,-0.14789462089538574,0.9287779927253723,0.822494387626648,0.49322542548179626,0.07179733365774155,0.0359903983771801,0.8595098853111267,0.494973748922348,-0.10391925275325775,0.865693211555481,0.8255322575569153,0.5158616900444031,0.07754984498023987,0.046620503067970276,0.8613430857658386,0.5215317606925964,-0.11633899062871933,0.8472470045089722,0.8299189805984497,0.5184088349342346,0.06306692957878113,0.04523608088493347,0.8634330034255981,0.5205910801887512,-0.11039438843727112,0.839207112789154,0.8289993405342102,0.5112189054489136,0.0646706372499466,0.047139253467321396,0.8616021275520325,0.5120895504951477,-0.09967232495546341,0.7682276368141174,0.8072583675384521,0.4894137382507324,0.06616442650556564,0.9980183839797974,0.8306621313095093,0.4880124032497406,-0.06633161753416061,0.9987402558326721,0.8154416680335999,0.6265137791633606,0.12017179280519485,0.6066049337387085,0.8510628342628479,0.62717604637146,-0.02006157673895359,0.9722688794136047,0.7883720397949219,0.7676017880439758,0.180002823472023,0.7793099880218506,0.8361279964447021,0.7858602404594421,0.043621573597192764,0.9724830985069275,0.7804256677627563,0.7872222065925598,0.1835145354270935,0.7717664241790771,0.8268166780471802,0.8086557388305664,0.04902089014649391,0.9004886746406555,0.8137721419334412,0.7920166850090027,0.1668805181980133,0.7970943450927734,0.8681390285491943,0.813090443611145,0.019508041441440582,0.9484339356422424,PD_Early,004_PD_01_MD.MOV
0.8659065365791321,0.23753520846366882,0.006537340581417084,0.9929882287979126,0.8645855188369751,0.2178049087524414,0.009176895022392273,0.9887136220932007,0.8629853129386902,0.21677355468273163,0.00917354691773653,0.9877192974090576,0.8615028262138367,0.21609677374362946,0.009163147769868374,0.9890955090522766,0.8665736317634583,0.21774877607822418,-0.012585154734551907,0.9905634522438049,0.8666390180587769,0.2168554812669754,-0.01256074570119381,0.9903476238250732,0.8666351437568665,0.216228649020195,-0.012606726959347725,0.9906825423240662,0.8516324758529663,0.21778088808059692,0.024269232526421547,0.9723823666572571,0.8581700921058655,0.21795979142189026,-0.07643149793148041,0.9898279905319214,0.8590381145477295,0.24834227561950684,0.014990328811109066,0.9868152737617493,0.8615625500679016,0.24851684272289276,-0.013251980766654015,0.9925535917282104,0.8134118318557739,0.2887440621852875,0.07619904726743698,0.997997522354126,0.8448904156684875,0.28529804944992065,-0.1323140263557434,0.9999436736106873,0.8145475387573242,0.3968810439109802,0.08887507021427155,0.023794716224074364,0.8456420302391052,0.4029504656791687,-0.14893876016139984,0.9289935827255249,0.822920024394989,0.49229714274406433,0.07368757575750351,0.034926269203424454,0.8619973659515381,0.49429988861083984,-0.10973536968231201,0.8647316694259644,0.8261098265647888,0.5144974589347839,0.07928415387868881,0.04563678056001663,0.8645414710044861,0.5208794474601746,-0.12291770428419113,0.8459682464599609,0.8304628133773804,0.5173404216766357,0.06500159204006195,0.044236134737730026,0.8669965863227844,0.5202413201332092,-0.11644168198108673,0.8374831676483154,0.8295202255249023,0.5104324221611023,0.06664709001779556,0.046221766620874405,0.8651674389839172,0.5110723376274109,-0.10543034970760345,0.766363799571991,0.8102557063102722,0.4878033697605133,0.06599964946508408,0.9979920387268066,0.8348873853683472,0.48610877990722656,-0.0661650225520134,0.9987422823905945,0.8202178478240967,0.6265262961387634,0.1195216104388237,0.6026176810264587,0.8531115651130676,0.6277600526809692,-0.02115500532090664,0.9709835052490234,0.7943910956382751,0.766400158405304,0.17837150394916534,0.7776669859886169,0.8366526961326599,0.786076545715332,0.03832486644387245,0.9712045788764954,0.7873261570930481,0.7849631905555725,0.18180455267429352,0.7684266567230225,0.8265918493270874,0.8085864782333374,0.04334171488881111,0.8963566422462463,0.8197005987167358,0.7919716238975525,0.16476337611675262,0.7959578633308411,0.8679739236831665,0.81317538022995,0.013984302058815956,0.9459264874458313,PD_Early,004_PD_01_MD.MOV
0.8684998750686646,0.23395313322544098,-0.0014864017721265554,0.9932836294174194,0.8670340180397034,0.21440722048282623,0.002310578478500247,0.9891290068626404,0.8656765818595886,0.2134445309638977,0.0023024682886898518,0.9881582856178284,0.8639420866966248,0.21272730827331543,0.0022996666375547647,0.9894832372665405,0.8687331080436707,0.21470077335834503,-0.02100388891994953,0.9909628033638,0.8687081933021545,0.21407438814640045,-0.020989341661334038,0.9907709956169128,0.8686389923095703,0.21371442079544067,-0.021043686196208,0.9911292195320129,0.8537648320198059,0.21618489921092987,0.020965876057744026,0.9736262559890747,0.8597787618637085,0.2166387289762497,-0.0846962109208107,0.990244448184967,0.8615443706512451,0.2457023411989212,0.008951162919402122,0.9873846769332886,0.8641178607940674,0.24620459973812103,-0.021436555311083794,0.9929365515708923,0.8159447312355042,0.28878360986709595,0.0753292664885521,0.9979133605957031,0.8462904691696167,0.2851860821247101,-0.13704204559326172,0.9999426603317261,0.8194603323936462,0.3960117995738983,0.08922572433948517,0.023203441873192787,0.848077654838562,0.40293726325035095,-0.15734462440013885,0.9306446313858032,0.829342782497406,0.4922701120376587,0.07336075603961945,0.03391299024224281,0.864365816116333,0.49331581592559814,-0.12998780608177185,0.8672453165054321,0.8325191736221313,0.5144688487052917,0.07855783402919769,0.04483146220445633,0.8667135238647461,0.5190944075584412,-0.14643846452236176,0.8485220670700073,0.8368654251098633,0.5172678232192993,0.06385555118322372,0.04342350363731384,0.869528591632843,0.5170345306396484,-0.14027085900306702,0.8397383689880371,0.8358290791511536,0.5104506611824036,0.06639799475669861,0.04547872766852379,0.8675832748413086,0.5086292028427124,-0.1261165738105774,0.7688027024269104,0.8158698678016663,0.4877507984638214,0.06747839599847794,0.9979677200317383,0.8379343152046204,0.4862010180950165,-0.06764883548021317,0.9987519383430481,0.8251680731773376,0.6264479160308838,0.12605716288089752,0.586685836315155,0.8532564043998718,0.6291360259056091,-0.021764494478702545,0.9695249795913696,0.8012233972549438,0.7640576958656311,0.19056111574172974,0.7684906125068665,0.8363000750541687,0.7860279083251953,0.04057556763291359,0.9699426293373108,0.7941141128540039,0.7820353507995605,0.1942806988954544,0.7605177760124207,0.8259479403495789,0.8087727427482605,0.045416366308927536,0.893894612789154,0.8265096545219421,0.7890589833259583,0.17328225076198578,0.792766273021698,0.8689767122268677,0.8131429553031921,0.01112794317305088,0.9441831707954407,PD_Early,004_PD_01_MD.MOV
0.8689377903938293,0.23059150576591492,-0.00841708667576313,0.9934916496276855,0.8667594790458679,0.2109317034482956,-0.0034990361891686916,0.9894176721572876,0.8654000163078308,0.21012762188911438,-0.003506490495055914,0.9884329438209534,0.8638193607330322,0.2096560150384903,-0.003502457169815898,0.989766001701355,0.8686286807060242,0.2113032191991806,-0.0280876774340868,0.9912641644477844,0.868406355381012,0.21073122322559357,-0.028078222647309303,0.9910753965377808,0.8682721257209778,0.210518017411232,-0.02813887968659401,0.9914769530296326,0.8532310128211975,0.21477454900741577,0.019506463780999184,0.9744769930839539,0.8594042658805847,0.2146388441324234,-0.09099101275205612,0.9905041456222534,0.862112283706665,0.24259671568870544,0.00397250521928072,0.9878074526786804,0.8644067049026489,0.24313083291053772,-0.028100518509745598,0.9932140707969666,0.8174048066139221,0.2888696789741516,0.07628978043794632,0.9977639317512512,0.8467457890510559,0.28471213579177856,-0.14545679092407227,0.9999403953552246,0.8194318413734436,0.39604514837265015,0.09272411465644836,0.022436153143644333,0.8483733534812927,0.402685284614563,-0.16971775889396667,0.9322267770767212,0.8378007411956787,0.49038612842559814,0.07485184818506241,0.03291666880249977,0.8652574419975281,0.49195510149002075,-0.14597661793231964,0.8700761198997498,0.8344213962554932,0.513960063457489,0.07969173789024353,0.04398851841688156,0.8681439161300659,0.5170544981956482,-0.16443738341331482,0.8513377904891968,0.8389688730239868,0.516334056854248,0.06431771069765091,0.04259263351559639,0.8711697459220886,0.5132909417152405,-0.1574510931968689,0.8422294855117798,0.8379326462745667,0.5096535086631775,0.06713900715112686,0.044665370136499405,0.8691127300262451,0.5051975250244141,-0.14198055863380432,0.7713963389396667,0.820498526096344,0.4877861738204956,0.06777921319007874,0.9978649020195007,0.8410844802856445,0.4862701892852783,-0.06798509508371353,0.9987143278121948,0.8277088403701782,0.6260623335838318,0.12876397371292114,0.5655678510665894,0.8527252674102783,0.6295482516288757,-0.02085147239267826,0.9662072658538818,0.8041409254074097,0.7639819979667664,0.19505636394023895,0.7543341517448425,0.8363666534423828,0.7858060598373413,0.043990250676870346,0.9679300785064697,0.796840488910675,0.7822787165641785,0.19982706010341644,0.7496405839920044,0.8258258104324341,0.809123158454895,0.04739558324217796,0.89093416929245,0.8299639225006104,0.7861309051513672,0.17684203386306763,0.7867162227630615,0.8696953654289246,0.8127768039703369,0.013907796703279018,0.9416135549545288,PD_Early,004_PD_01_MD.MOV
0.8697463870048523,0.22742968797683716,-0.007245971821248531,0.9936334490776062,0.8670696020126343,0.2081899791955948,-0.0028743005823343992,0.9896045923233032,0.8656711578369141,0.20754310488700867,-0.002880680840462446,0.9886174201965332,0.8641138076782227,0.20722244679927826,-0.0028775883838534355,0.9899318814277649,0.8691397905349731,0.20851580798625946,-0.027584737166762352,0.9914499521255493,0.8688009977340698,0.20799028873443604,-0.027576813474297523,0.9912747144699097,0.8686522245407104,0.20783410966396332,-0.027639003470540047,0.9916809797286987,0.8531784415245056,0.21344612538814545,0.017891062423586845,0.9750673770904541,0.8597538471221924,0.21279707551002502,-0.09376344084739685,0.9906337261199951,0.863063633441925,0.24007020890712738,0.004421496298164129,0.9881769418716431,0.865345299243927,0.24054639041423798,-0.02788379229605198,0.9934465885162354,0.8187271952629089,0.28972864151000977,0.07339436560869217,0.9976752400398254,0.8483027219772339,0.28451165556907654,-0.1502693146467209,0.9999382495880127,0.8214364647865295,0.39606404304504395,0.09252376854419708,0.021845800802111626,0.8504168391227722,0.40196913480758667,-0.17480221390724182,0.9342121481895447,0.8402171730995178,0.48803767561912537,0.0754285678267479,0.03188410773873329,0.8677754998207092,0.49073734879493713,-0.15342192351818085,0.8747082352638245,0.8367316722869873,0.5137422680854797,0.08092626929283142,0.043000850826501846,0.8703413605690002,0.5164138674736023,-0.17259205877780914,0.8564334511756897,0.8410323858261108,0.5161332488059998,0.06491906940937042,0.0416095145046711,0.8727027177810669,0.5137497186660767,-0.16486641764640808,0.8471069931983948,0.8400547504425049,0.5097037553787231,0.06747127324342728,0.04370545223355293,0.8706552386283875,0.5048282146453857,-0.14930754899978638,0.7767179012298584,0.824047863483429,0.4882047772407532,0.06840579211711884,0.997825562953949,0.8444339036941528,0.4871886074542999,-0.0686160996556282,0.9986876249313354,0.8316085934638977,0.6256062984466553,0.12632393836975098,0.5394067764282227,0.8527158498764038,0.629669725894928,-0.021241672337055206,0.9637693166732788,0.811809778213501,0.7657425403594971,0.19303470849990845,0.7376474142074585,0.8362025618553162,0.7858556509017944,0.044855471700429916,0.9669652581214905,0.8038709163665771,0.7837666869163513,0.1970062255859375,0.7366093397140503,0.8256931900978088,0.8094498515129089,0.0490068756043911,0.8890254497528076,0.8425098061561584,0.7873818874359131,0.17347918450832367,0.7799260020256042,0.8689509630203247,0.8127621412277222,0.012483179569244385,0.9405667781829834,PD_Early,004_PD_01_MD.MOV
0.8709509968757629,0.22560465335845947,-0.010340134613215923,0.9933405518531799,0.8681227564811707,0.20650292932987213,-0.005823349114507437,0.9891878962516785,0.8667250275611877,0.20588254928588867,-0.005833566654473543,0.9881412386894226,0.8651877045631409,0.20558284223079681,-0.005828969646245241,0.9895690083503723,0.8702428936958313,0.20669184625148773,-0.031591758131980896,0.9911292195320129,0.8698455691337585,0.20611411333084106,-0.0315934494137764,0.9909361600875854,0.8696648478507996,0.20591288805007935,-0.03167218714952469,0.9913913607597351,0.852645218372345,0.21340882778167725,0.015558015555143356,0.9742252230644226,0.8607916235923767,0.21113784611225128,-0.10099873691797256,0.9901773929595947,0.8644977807998657,0.23862460255622864,0.0013737601693719625,0.9880468249320984,0.8666713237762451,0.23904481530189514,-0.03233771398663521,0.9933903813362122,0.8200559616088867,0.29006150364875793,0.07311978191137314,0.9975793361663818,0.8499417901039124,0.28400087356567383,-0.1617174744606018,0.9999346733093262,0.823573648929596,0.3960863947868347,0.09102308750152588,0.021053651347756386,0.8516107201576233,0.4014752209186554,-0.18901726603507996,0.9356563687324524,0.8445004820823669,0.48822537064552307,0.07151933759450912,0.03098105825483799,0.8686647415161133,0.4916982054710388,-0.1710355132818222,0.8785361647605896,0.8399602770805359,0.5139171481132507,0.07686343789100647,0.04211149737238884,0.8712276816368103,0.5193161368370056,-0.1922309696674347,0.8605380058288574,0.8447274565696716,0.5163283944129944,0.05911407992243767,0.040768641978502274,0.8735562562942505,0.5168200731277466,-0.18436691164970398,0.8509860634803772,0.8490814566612244,0.5063164234161377,0.06250094622373581,0.042844004929065704,0.8721711039543152,0.5065513849258423,-0.16707852482795715,0.7807006239891052,0.8263624310493469,0.48849549889564514,0.07227865606546402,0.9977326393127441,0.8471675515174866,0.4872260093688965,-0.07243296504020691,0.9986038208007812,0.8361680507659912,0.6256144046783447,0.12058708816766739,0.5067158341407776,0.8521019816398621,0.6295466423034668,-0.029392175376415253,0.959636926651001,0.8198884129524231,0.7707394361495972,0.18446041643619537,0.711089551448822,0.835852324962616,0.7857967019081116,0.033881526440382004,0.9644477367401123,0.8111478686332703,0.7883903384208679,0.18746544420719147,0.7164996862411499,0.8249253034591675,0.8093909025192261,0.037311069667339325,0.885567843914032,0.8528921008110046,0.7931234240531921,0.15842323005199432,0.7659618258476257,0.8684899210929871,0.8127354979515076,-0.00769538339227438,0.9379452466964722,PD_Early,004_PD_01_MD.MOV
0.8725457787513733,0.22466439008712769,-0.020544039085507393,0.9932858347892761,0.8695550560951233,0.20594242215156555,-0.014945059083402157,0.9891625046730042,0.8681449294090271,0.2052558809518814,-0.014959020540118217,0.9881290197372437,0.8665899634361267,0.20486056804656982,-0.014957195147871971,0.9895954728126526,0.8715915679931641,0.20619340240955353,-0.04173668473958969,0.991068422794342,0.8713740110397339,0.2056603878736496,-0.04173600301146507,0.9909056425094604,0.8708407878875732,0.20537647604942322,-0.041807882487773895,0.9913744926452637,0.8548979163169861,0.2117742896080017,0.011422712355852127,0.9744058847427368,0.8620756268501282,0.21043314039707184,-0.10940229147672653,0.9900560975074768,0.8662950992584229,0.2374521940946579,-0.0069261277094483376,0.9880748987197876,0.868261456489563,0.23796285688877106,-0.0419931635260582,0.9934020042419434,0.8216791152954102,0.29040372371673584,0.07345899939537048,0.9975261688232422,0.8506413698196411,0.2839474081993103,-0.16991029679775238,0.999930739402771,0.8247835040092468,0.39615750312805176,0.09308390319347382,0.020198458805680275,0.8517916798591614,0.401164710521698,-0.19950774312019348,0.9372593760490417,0.8476468324661255,0.4884921610355377,0.07460634410381317,0.03003557026386261,0.8703430891036987,0.4922242760658264,-0.18362030386924744,0.8825168609619141,0.8442116379737854,0.5140846371650696,0.08081601560115814,0.04115550220012665,0.8737164735794067,0.5200777053833008,-0.20603886246681213,0.8647228479385376,0.849147379398346,0.5163926482200623,0.06213979050517082,0.039853308349847794,0.8762941360473633,0.5169076323509216,-0.19675683975219727,0.8549544811248779,0.8489975333213806,0.5080316066741943,0.06529398262500763,0.041942477226257324,0.8749567866325378,0.5066395998001099,-0.17918680608272552,0.7846431732177734,0.8279255032539368,0.48897790908813477,0.07481016218662262,0.9976818561553955,0.8490323424339294,0.48725980520248413,-0.07494167983531952,0.9985255599021912,0.8400861620903015,0.6256191730499268,0.11578483134508133,0.47582048177719116,0.8530405759811401,0.6293025612831116,-0.03345971181988716,0.954761803150177,0.8254336714744568,0.7728924751281738,0.17888565361499786,0.683261513710022,0.8356932997703552,0.7857946753501892,0.031124774366617203,0.9612644910812378,0.8169373869895935,0.7933817505836487,0.1817619800567627,0.6964550018310547,0.824679970741272,0.8093589544296265,0.03467502072453499,0.8813357949256897,0.8604360222816467,0.7963131666183472,0.151007279753685,0.7503100037574768,0.8687750697135925,0.8130764961242676,-0.010822235606610775,0.9345337152481079,PD_Early,004_PD_01_MD.MOV
0.8739320635795593,0.22399283945560455,-0.02777884714305401,0.9929124712944031,0.8709996938705444,0.20541228353977203,-0.022045385092496872,0.9886372685432434,0.8696361184120178,0.20468604564666748,-0.02206561714410782,0.98763507604599,0.8681262731552124,0.20427082479000092,-0.02207121066749096,0.9891723990440369,0.8729962110519409,0.20574158430099487,-0.0484311580657959,0.99052894115448,0.8728896379470825,0.2052406519651413,-0.048427172005176544,0.9904612302780151,0.8726422190666199,0.20501621067523956,-0.04849335923790932,0.990952730178833,0.8570559024810791,0.21055278182029724,0.005367302801460028,0.9738529920578003,0.863720715045929,0.21003396809101105,-0.11376845836639404,0.9894207119941711,0.8678849339485168,0.23618216812610626,-0.013772371225059032,0.9875544309616089,0.869744598865509,0.23687028884887695,-0.04830550774931908,0.9931122064590454,0.8235025405883789,0.2904973030090332,0.06879030913114548,0.9973499774932861,0.8516520857810974,0.2839314043521881,-0.17025065422058105,0.9999220371246338,0.826352059841156,0.3961632251739502,0.0929819867014885,0.019319845363497734,0.8529541492462158,0.40117448568344116,-0.19791273772716522,0.9376893043518066,0.8502634763717651,0.48870849609375,0.07956871390342712,0.028959445655345917,0.8719642758369446,0.49237149953842163,-0.18129068613052368,0.8855888843536377,0.8495122790336609,0.5131947994232178,0.08726783096790314,0.04005647450685501,0.8754271268844604,0.5204460024833679,-0.20293712615966797,0.8680663704872131,0.8545025587081909,0.5153075456619263,0.06883493065834045,0.038788944482803345,0.8779375553131104,0.517033040523529,-0.19316372275352478,0.8580071926116943,0.8557431101799011,0.5049747228622437,0.07070744037628174,0.04087784141302109,0.8762893080711365,0.5068601965904236,-0.17673087120056152,0.7875766754150391,0.8293169736862183,0.48906776309013367,0.07472740858793259,0.997501015663147,0.8512207269668579,0.48722273111343384,-0.07486514747142792,0.9983803629875183,0.8425566554069519,0.6243712902069092,0.11496596038341522,0.44656530022621155,0.8537930250167847,0.6283811330795288,-0.03215302154421806,0.9485965967178345,0.8314357995986938,0.7722055315971375,0.18050517141819,0.6530753374099731,0.8359531760215759,0.7832310795783997,0.03465539962053299,0.9572162628173828,0.8227856159210205,0.7956584095954895,0.183920755982399,0.6734901070594788,0.8251746296882629,0.8093448281288147,0.038770485669374466,0.8757554292678833,0.8644386529922485,0.7938955426216125,0.157228022813797,0.730938196182251,0.8702574968338013,0.8104419708251953,-0.0029923333786427975,0.9293180108070374,PD_Early,004_PD_01_MD.MOV
0.8753464221954346,0.22223658859729767,-0.035826556384563446,0.9921882748603821,0.8722874522209167,0.2033853828907013,-0.029992302879691124,0.987672746181488,0.8710386157035828,0.20271261036396027,-0.030015014111995697,0.9866184592247009,0.8696445822715759,0.2023564577102661,-0.030025774613022804,0.9883626699447632,0.8740421533584595,0.20381589233875275,-0.0564056858420372,0.9895801544189453,0.8739168047904968,0.2034458965063095,-0.05640287324786186,0.9894989132881165,0.8733581304550171,0.2033112496137619,-0.056475233286619186,0.9900800585746765,0.8587707281112671,0.2088145911693573,-0.00181256840005517,0.9720757007598877,0.8649330735206604,0.20902206003665924,-0.12113313376903534,0.98823481798172,0.8697729110717773,0.23460783064365387,-0.021422376856207848,0.9866073727607727,0.8713241815567017,0.23545444011688232,-0.05602246895432472,0.9925535917282104,0.8254269957542419,0.29063156247138977,0.06278664618730545,0.9972532987594604,0.8537896275520325,0.28448382019996643,-0.17690572142601013,0.9999098181724548,0.8285564184188843,0.3968547284603119,0.08859352022409439,0.018636617809534073,0.8568156957626343,0.4044588804244995,-0.20100602507591248,0.9379870295524597,0.8520845770835876,0.48882755637168884,0.07942409068346024,0.028506554663181305,0.873370885848999,0.49881649017333984,-0.17889775335788727,0.8880985379219055,0.8532943725585938,0.5131112933158875,0.08582509309053421,0.03967609629034996,0.8764111399650574,0.5248764753341675,-0.2001175731420517,0.8705840110778809,0.8586877584457397,0.5113025307655334,0.06801936030387878,0.03845614567399025,0.8779889941215515,0.5215074419975281,-0.19160081446170807,0.860400915145874,0.8579244613647461,0.5045792460441589,0.06995834410190582,0.04049067571759224,0.8768081068992615,0.5127441883087158,-0.17477349936962128,0.7897346615791321,0.8311405777931213,0.4895645081996918,0.07514523714780807,0.9973958730697632,0.8524265885353088,0.4877680540084839,-0.07530688494443893,0.9982320070266724,0.8438875675201416,0.6244102120399475,0.1179148480296135,0.4242885410785675,0.8533543348312378,0.6280832886695862,-0.030583344399929047,0.9434524178504944,0.835347592830658,0.7722210884094238,0.18976320326328278,0.6314656734466553,0.8371483683586121,0.7816432118415833,0.05075979605317116,0.9541922807693481,0.8262580633163452,0.7971860766410828,0.193986713886261,0.6566607356071472,0.8264303803443909,0.8086870312690735,0.0563737228512764,0.8699359893798828,0.8698993921279907,0.795431911945343,0.15798917412757874,0.7172210216522217,0.8716375827789307,0.8090224862098694,0.0131264952942729,0.9260308146476746,PD_Early,004_PD_01_MD.MOV
0.8755825757980347,0.21992090344429016,-0.03701329231262207,0.9917176961898804,0.8723962903022766,0.20091043412685394,-0.03138337656855583,0.9869741797447205,0.8711268901824951,0.2002730518579483,-0.03140387311577797,0.9859254956245422,0.8697230815887451,0.19998660683631897,-0.03141201660037041,0.9878081679344177,0.8739639520645142,0.20134805142879486,-0.05739143118262291,0.9888421297073364,0.8738226294517517,0.2007371336221695,-0.0573912151157856,0.9887621402740479,0.8734163641929626,0.2005501538515091,-0.05746893584728241,0.9894073605537415,0.8590863347053528,0.20688645541667938,-0.0037345546297729015,0.9708669185638428,0.8651473522186279,0.20698422193527222,-0.12127228826284409,0.9873178005218506,0.8700084686279297,0.23252888023853302,-0.022838003933429718,0.986032247543335,0.8715758919715881,0.2333570122718811,-0.05693507939577103,0.9921861290931702,0.8264731168746948,0.290607213973999,0.061418987810611725,0.9971921443939209,0.8546997904777527,0.2843612730503082,-0.17927347123622894,0.999902606010437,0.8300097584724426,0.39700740575790405,0.08584068715572357,0.018176009878516197,0.8581486940383911,0.40441542863845825,-0.2037976086139679,0.9391915798187256,0.851866602897644,0.48894381523132324,0.07886549830436707,0.028746459633111954,0.8740977048873901,0.5003452897071838,-0.18230798840522766,0.8919445276260376,0.8523226380348206,0.5132145285606384,0.08413388580083847,0.040117163211107254,0.8765223026275635,0.5257984399795532,-0.20413772761821747,0.8744294047355652,0.8573060631752014,0.5122460722923279,0.06751963496208191,0.03892349451780319,0.8778852224349976,0.5233451724052429,-0.1955357939004898,0.864255428314209,0.8562959432601929,0.5070070624351501,0.0697968527674675,0.04089711606502533,0.8770405054092407,0.5149093866348267,-0.17828994989395142,0.7943329215049744,0.831366777420044,0.48958227038383484,0.0756152793765068,0.997360348701477,0.8523557186126709,0.48774075508117676,-0.07578983157873154,0.998160183429718,0.8444566130638123,0.624400794506073,0.11978603154420853,0.4026451110839844,0.8530733585357666,0.6270986199378967,-0.030524784699082375,0.9394472241401672,0.8380210399627686,0.7721726298332214,0.19187217950820923,0.6122031807899475,0.8381896615028381,0.7803224325180054,0.052659567445516586,0.9519065022468567,0.8290290236473083,0.7971628904342651,0.19619014859199524,0.6429768204689026,0.8275964856147766,0.8082147240638733,0.05817693471908569,0.8667954802513123,0.8743074536323547,0.7946191430091858,0.1629989743232727,0.7063947319984436,0.8740946650505066,0.8049429059028625,0.0139341801404953,0.923875629901886,PD_Early,004_PD_01_MD.MOV
0.8762109875679016,0.21604785323143005,-0.035442303866147995,0.9912705421447754,0.8727251291275024,0.19786465167999268,-0.029677165672183037,0.9863423109054565,0.8714520335197449,0.19731278717517853,-0.029697809368371964,0.9852685332298279,0.8700547814369202,0.19700543582439423,-0.029710086062550545,0.98732990026474,0.8743402361869812,0.19831091165542603,-0.0549994520843029,0.9881335496902466,0.8743007183074951,0.19798828661441803,-0.0549970380961895,0.9879831671714783,0.8740818500518799,0.19786277413368225,-0.055068016052246094,0.9887248873710632,0.8600594401359558,0.20427703857421875,-0.0022282502613961697,0.969754695892334,0.8664187788963318,0.20446515083312988,-0.1170266643166542,0.9863081574440002,0.8710354566574097,0.2290439009666443,-0.021439218893647194,0.9853566288948059,0.8727433681488037,0.2299104779958725,-0.05462585389614105,0.9916974306106567,0.8287037014961243,0.2906246483325958,0.061904240399599075,0.9971162676811218,0.8560367822647095,0.28344154357910156,-0.1748371124267578,0.9998925924301147,0.8315961360931396,0.39753714203834534,0.08540419489145279,0.017563089728355408,0.8594266772270203,0.4043262004852295,-0.19822759926319122,0.9384726881980896,0.8522425293922424,0.48903074860572815,0.07760170847177505,0.028490472584962845,0.8745757937431335,0.5011825561523438,-0.17488479614257812,0.8920751214027405,0.8532416820526123,0.5132895112037659,0.08397369831800461,0.0399293377995491,0.8767111301422119,0.5269017815589905,-0.19547782838344574,0.8742733597755432,0.8578186631202698,0.5119844079017639,0.06670701503753662,0.038765452802181244,0.8780692219734192,0.5259454250335693,-0.1872454285621643,0.8638893961906433,0.8582408428192139,0.5067640542984009,0.06877336651086807,0.04063985124230385,0.8773667216300964,0.5172669887542725,-0.17071746289730072,0.793576717376709,0.8332861661911011,0.489561527967453,0.07558825612068176,0.9972304701805115,0.8546924591064453,0.48735785484313965,-0.07576445490121841,0.9980241060256958,0.8457189798355103,0.6239919662475586,0.12058328092098236,0.3815305233001709,0.853870689868927,0.6260544657707214,-0.030105458572506905,0.9342361688613892,0.843262255191803,0.7691502571105957,0.19362285733222961,0.5899261236190796,0.8402618765830994,0.7778361439704895,0.0518195740878582,0.9483571648597717,0.8348397612571716,0.7940095663070679,0.19815196096897125,0.6264775395393372,0.829186201095581,0.8069421052932739,0.057493437081575394,0.8610773086547852,0.8796883821487427,0.7934531569480896,0.16319842636585236,0.6917046904563904,0.8758811354637146,0.8044412732124329,0.014472848735749722,0.9196516871452332,PD_Early,004_PD_01_MD.MOV
0.8777188658714294,0.21594169735908508,-0.044554900377988815,0.9905053377151489,0.874379575252533,0.1978216916322708,-0.038491155952215195,0.9850595593452454,0.8731856942176819,0.197233647108078,-0.03850690275430679,0.9840027689933777,0.8718575239181519,0.19689084589481354,-0.038509879261255264,0.9861794114112854,0.8758541345596313,0.19828537106513977,-0.06344138085842133,0.9869389533996582,0.8758415579795837,0.19788846373558044,-0.06344961374998093,0.9868285655975342,0.8756846189498901,0.19774165749549866,-0.06352313607931137,0.9875926375389099,0.862074077129364,0.2038593590259552,-0.008642671629786491,0.9671919941902161,0.8681955933570862,0.2038513869047165,-0.12180871516466141,0.9848930835723877,0.8726637363433838,0.2285774052143097,-0.029744278639554977,0.9839504957199097,0.8742717504501343,0.22958745062351227,-0.062539242208004,0.9908575415611267,0.8310526609420776,0.290423184633255,0.059261541813611984,0.996953547000885,0.8564457297325134,0.28310951590538025,-0.1787724792957306,0.9998878240585327,0.8330473303794861,0.39742785692214966,0.08142006397247314,0.01721831038594246,0.8591133952140808,0.40416866540908813,-0.20074206590652466,0.9387053847312927,0.8491749167442322,0.4901004433631897,0.0747125968337059,0.028683194890618324,0.8744080662727356,0.5009656548500061,-0.178019180893898,0.8930164575576782,0.8506235480308533,0.5128166675567627,0.08230225741863251,0.04023325815796852,0.8760729432106018,0.5266759991645813,-0.19831718504428864,0.8750622868537903,0.8556327223777771,0.5122291445732117,0.06468520313501358,0.03912824019789696,0.8778524398803711,0.5258368253707886,-0.18960735201835632,0.8647536039352417,0.8553470969200134,0.5068434476852417,0.06610580533742905,0.04086945205926895,0.8771971464157104,0.5172017812728882,-0.1737818866968155,0.7947788834571838,0.8352664113044739,0.4884030818939209,0.0766185075044632,0.9969439506530762,0.8541984558105469,0.48666563630104065,-0.07678583264350891,0.9978309869766235,0.8490175604820251,0.6208354234695435,0.1199936792254448,0.364743173122406,0.8541325926780701,0.6255891919136047,-0.038852062076330185,0.9322157502174377,0.8484512567520142,0.7641519904136658,0.19181375205516815,0.5721139907836914,0.8397830128669739,0.7778946161270142,0.03448759391903877,0.9459566473960876,0.842167854309082,0.788497269153595,0.19587376713752747,0.6144574284553528,0.8287451267242432,0.8062013983726501,0.03940470889210701,0.8578037023544312,0.8839768767356873,0.7891800403594971,0.16507859528064728,0.6810289025306702,0.8750351071357727,0.8042207956314087,-0.0060846623964607716,0.9168288707733154,PD_Early,004_PD_01_MD.MOV
0.8791137933731079,0.21563923358917236,-0.04443418234586716,0.9901677966117859,0.8758590817451477,0.19752052426338196,-0.038998618721961975,0.9842550158500671,0.8746638894081116,0.19694192707538605,-0.039014581590890884,0.9832483530044556,0.8733246922492981,0.19663113355636597,-0.03901828080415726,0.9854051470756531,0.8773121237754822,0.19797007739543915,-0.06370367109775543,0.9861290454864502,0.8772914409637451,0.19751925766468048,-0.0637151375412941,0.9861284494400024,0.8771293759346008,0.19738264381885529,-0.06378702819347382,0.9868488907814026,0.8634892106056213,0.2035464644432068,-0.011424391530454159,0.9654515385627747,0.8694851994514465,0.20330527424812317,-0.12349297851324081,0.9841759204864502,0.873866617679596,0.22827579081058502,-0.030494404956698418,0.9832742810249329,0.875522792339325,0.2293298840522766,-0.06306472420692444,0.9904723763465881,0.8314561247825623,0.2904006838798523,0.05589776858687401,0.9969329833984375,0.8575339913368225,0.282975435256958,-0.18082109093666077,0.9998891949653625,0.8330497145652771,0.39739152789115906,0.08022218197584152,0.01710876077413559,0.8594403862953186,0.4041430652141571,-0.20133189857006073,0.9395922422409058,0.8479484915733337,0.4906366467475891,0.07653976231813431,0.02925797365605831,0.8745214343070984,0.5010131001472473,-0.17754599452018738,0.8954082131385803,0.8488472700119019,0.512447714805603,0.08484916388988495,0.04088026285171509,0.8759655356407166,0.5266291499137878,-0.19786229729652405,0.8773527145385742,0.8538861870765686,0.5123466849327087,0.0672229751944542,0.03984508290886879,0.8778248429298401,0.5260665416717529,-0.18927952647209167,0.8672488331794739,0.8535594940185547,0.5068746209144592,0.068239726126194,0.04148701950907707,0.8773007988929749,0.5174920558929443,-0.17338953912258148,0.7981769442558289,0.8362146615982056,0.4880976974964142,0.07651183754205704,0.9969369769096375,0.8541293740272522,0.48655667901039124,-0.07667803764343262,0.9978088736534119,0.8524093627929688,0.6195537447929382,0.11403847485780716,0.3530048727989197,0.8541498184204102,0.6253822445869446,-0.04201521351933479,0.9328367114067078,0.8641714453697205,0.7644249200820923,0.18216988444328308,0.5648921728134155,0.839673638343811,0.7776825428009033,0.03416754677891731,0.9453189969062805,0.854740560054779,0.7882466912269592,0.18557602167129517,0.6095139384269714,0.8286222815513611,0.8048846125602722,0.03939218819141388,0.8553822636604309,0.8942239284515381,0.7879593968391418,0.15650519728660583,0.6787038445472717,0.8735123872756958,0.8044835329055786,-0.005132301710546017,0.9160850644111633,PD_Early,004_PD_01_MD.MOV
0.8808085918426514,0.2163986712694168,-0.04379147291183472,0.9902416467666626,0.8775076270103455,0.19799791276454926,-0.038000620901584625,0.9842907190322876,0.8762248158454895,0.1973402500152588,-0.03802163153886795,0.9833208918571472,0.8748074173927307,0.19695988297462463,-0.038028303533792496,0.9853848814964294,0.8793029189109802,0.1985158771276474,-0.06263944506645203,0.9861098527908325,0.8793415427207947,0.1980937421321869,-0.0626528337597847,0.9861447215080261,0.878994882106781,0.1978582888841629,-0.06271999329328537,0.9868272542953491,0.863788902759552,0.2044636458158493,-0.009977380745112896,0.9655112624168396,0.8714370727539062,0.20364072918891907,-0.12199003249406815,0.9843284487724304,0.8753754496574402,0.22884732484817505,-0.02984057553112507,0.9833393692970276,0.8771337866783142,0.22992120683193207,-0.062353167682886124,0.9905047416687012,0.8334417939186096,0.2903421223163605,0.055064018815755844,0.9969940781593323,0.859379231929779,0.28307074308395386,-0.17892105877399445,0.9998902678489685,0.8338444232940674,0.3970288932323456,0.07889636605978012,0.017182622104883194,0.8601707816123962,0.4041045904159546,-0.19957059621810913,0.9407269954681396,0.8470757603645325,0.4912114441394806,0.076075479388237,0.029832469299435616,0.875255286693573,0.501288890838623,-0.17525966465473175,0.8972256779670715,0.8480462431907654,0.5123084187507629,0.08414024859666824,0.04151115566492081,0.8768308758735657,0.526570737361908,-0.19546571373939514,0.8788725137710571,0.8530024886131287,0.512495756149292,0.06644730269908905,0.040546685457229614,0.8785093426704407,0.5262095928192139,-0.18720793724060059,0.8691146969795227,0.8526017665863037,0.5069094896316528,0.06786040216684341,0.042076218873262405,0.878040075302124,0.5177342295646667,-0.1711987853050232,0.801023542881012,0.8373095989227295,0.4879526197910309,0.07629455626010895,0.9968705177307129,0.8560529351234436,0.48645493388175964,-0.07645060122013092,0.9977388381958008,0.8531736135482788,0.6197217702865601,0.11084849387407303,0.3444669842720032,0.8551188111305237,0.6246684789657593,-0.0469295009970665,0.9330245852470398,0.8644351959228516,0.764480710029602,0.17737232148647308,0.5568509101867676,0.8393839597702026,0.7767453789710999,0.02716122381389141,0.9442270994186401,0.8616419434547424,0.7901877760887146,0.18037943542003632,0.6033510565757751,0.8284145593643188,0.803202748298645,0.03238429129123688,0.85166996717453,0.8929288983345032,0.7880536913871765,0.14927427470684052,0.6735186576843262,0.8718194961547852,0.804664134979248,-0.013621528632938862,0.914196252822876,PD_Early,004_PD_01_MD.MOV
0.8822878003120422,0.21694627404212952,-0.04382174462080002,0.990276038646698,0.8789302110671997,0.1984851360321045,-0.038104161620140076,0.9842280149459839,0.8776689767837524,0.19781500101089478,-0.03812883421778679,0.9832651615142822,0.8762844204902649,0.19742627441883087,-0.03813211992383003,0.9852292537689209,0.8807700276374817,0.1989729106426239,-0.061821337789297104,0.9860523343086243,0.8805744051933289,0.19853201508522034,-0.06183750927448273,0.9861397743225098,0.8803499937057495,0.19822223484516144,-0.06190432235598564,0.9868013262748718,0.865116536617279,0.20573779940605164,-0.009992050938308239,0.965354859828949,0.8728811144828796,0.20385947823524475,-0.12007959932088852,0.9843941926956177,0.8768454790115356,0.2288941890001297,-0.030034886673092842,0.9833687543869019,0.8785772919654846,0.2299974262714386,-0.061358753591775894,0.9905325770378113,0.8356963992118835,0.29039332270622253,0.05314895138144493,0.9969813823699951,0.8611338138580322,0.28307193517684937,-0.1770683228969574,0.9998888373374939,0.8356081247329712,0.3968503177165985,0.07480430603027344,0.01748424768447876,0.8622205257415771,0.40408799052238464,-0.19196194410324097,0.9419703483581543,0.846437394618988,0.4912163019180298,0.06984109431505203,0.031072085723280907,0.8764199018478394,0.5039820671081543,-0.16157527267932892,0.8984341025352478,0.8480878472328186,0.5116690993309021,0.0755222961306572,0.04291273280978203,0.8777100443840027,0.5286778211593628,-0.18000228703022003,0.8792779445648193,0.8528233170509338,0.5121206641197205,0.05881219729781151,0.042040541768074036,0.8790443539619446,0.5292136073112488,-0.1732950359582901,0.8697841167449951,0.852275550365448,0.5065422058105469,0.06182214990258217,0.04336683079600334,0.8786410093307495,0.5204347968101501,-0.15801812708377838,0.802939772605896,0.8400501012802124,0.487942099571228,0.07314923405647278,0.9967374801635742,0.8567481637001038,0.48648539185523987,-0.07327015697956085,0.997620165348053,0.8541553020477295,0.6198285818099976,0.10183200240135193,0.33845487236976624,0.8559703826904297,0.6244286894798279,-0.049699075520038605,0.9316325187683105,0.8653455376625061,0.7649751901626587,0.16293032467365265,0.5489094257354736,0.8384453058242798,0.7762542963027954,0.01542840525507927,0.9410585761070251,0.8589981198310852,0.7912808060646057,0.16528616845607758,0.5972688794136047,0.8283827304840088,0.8019475936889648,0.019540557637810707,0.8448253870010376,0.8904534578323364,0.7884493470191956,0.1335688978433609,0.6682582497596741,0.8685797452926636,0.8047229051589966,-0.02778005413711071,0.9101198315620422,PD_Early,004_PD_01_MD.MOV
0.8833145499229431,0.2173447608947754,-0.042886052280664444,0.9904085397720337,0.8794153928756714,0.19850309193134308,-0.03733896091580391,0.984320342540741,0.8781467080116272,0.19787362217903137,-0.037365008145570755,0.9833800196647644,0.8767697811126709,0.19751372933387756,-0.03737116605043411,0.9852179884910583,0.8811657428741455,0.19885805249214172,-0.06086253747344017,0.9860889315605164,0.8811043500900269,0.19842658936977386,-0.06087891012430191,0.9862313866615295,0.8809725642204285,0.19812345504760742,-0.06094681844115257,0.9868444204330444,0.8657678961753845,0.20589452981948853,-0.009958446025848389,0.965453028678894,0.8738836646080017,0.20393624901771545,-0.11891935020685196,0.9845764636993408,0.8782618045806885,0.22897706925868988,-0.029410624876618385,0.9835844039916992,0.8799743056297302,0.23038655519485474,-0.060498859733343124,0.9906714558601379,0.8373111486434937,0.29045140743255615,0.05263818800449371,0.9970446825027466,0.8620784282684326,0.2830755114555359,-0.17659524083137512,0.9998900294303894,0.8371927738189697,0.39682745933532715,0.07485982775688171,0.017658356577157974,0.8636205196380615,0.4037815034389496,-0.18881623446941376,0.9427312016487122,0.8476181626319885,0.49193668365478516,0.06944988667964935,0.032564710825681686,0.8781644701957703,0.5049267411231995,-0.15789777040481567,0.8996602296829224,0.8506707549095154,0.511734127998352,0.07489263266324997,0.04468059167265892,0.8793483376502991,0.5294268727302551,-0.17596735060214996,0.8799682855606079,0.8589593172073364,0.5107608437538147,0.05818120762705803,0.04391751438379288,0.8801578879356384,0.5300819873809814,-0.16968579590320587,0.8707872033119202,0.8596905469894409,0.506011426448822,0.06140245124697685,0.045064397156238556,0.8797298073768616,0.5214263200759888,-0.1545257717370987,0.8053116202354431,0.8424317836761475,0.4879501461982727,0.07193655520677567,0.9967103004455566,0.8574621677398682,0.48662182688713074,-0.07204881310462952,0.9976232051849365,0.8558351397514343,0.619853675365448,0.10534151643514633,0.3354051113128662,0.8559790253639221,0.6244786381721497,-0.05121380090713501,0.931422233581543,0.86634361743927,0.765931248664856,0.16609391570091248,0.5463436841964722,0.8369044065475464,0.776970624923706,0.011652314104139805,0.9396522641181946,0.8594017624855042,0.7925994992256165,0.16820074617862701,0.5953020453453064,0.8279449939727783,0.8020882606506348,0.01563340239226818,0.8404190540313721,0.892008900642395,0.7894484996795654,0.1358722299337387,0.6666712760925293,0.8675376772880554,0.8063796758651733,-0.031429097056388855,0.9082719087600708,PD_Early,004_PD_01_MD.MOV
0.8841577172279358,0.2175145298242569,-0.03535781428217888,0.9897300004959106,0.8800857663154602,0.19874460995197296,-0.031132228672504425,0.9830002188682556,0.8787490129470825,0.19810380041599274,-0.03116484358906746,0.9820348024368286,0.8773170709609985,0.19771182537078857,-0.03117099590599537,0.98386150598526,0.8820177316665649,0.19898858666419983,-0.05274880677461624,0.9848471879959106,0.8821106553077698,0.19855600595474243,-0.052766453474760056,0.9850557446479797,0.8821098208427429,0.19824711978435516,-0.05284641310572624,0.9856092929840088,0.8666636347770691,0.20638243854045868,-0.008829625323414803,0.9627541899681091,0.8755431771278381,0.2039627581834793,-0.11006826907396317,0.9830161333084106,0.8790209889411926,0.23025205731391907,-0.024716822430491447,0.9825923442840576,0.8810793161392212,0.23055806756019592,-0.053162287920713425,0.9900558590888977,0.8386391401290894,0.29162511229515076,0.05041298642754555,0.9969774484634399,0.8654778599739075,0.28311124444007874,-0.16496309638023376,0.999885082244873,0.8387979865074158,0.39853715896606445,0.06956050544977188,0.01779244840145111,0.8672882318496704,0.4037274420261383,-0.17779818177223206,0.9422888159751892,0.8483292460441589,0.49378305673599243,0.06520704925060272,0.03378988802433014,0.8799408078193665,0.5075212717056274,-0.14801844954490662,0.9001542329788208,0.8516916036605835,0.5128529071807861,0.07050500810146332,0.04624040052294731,0.8807678818702698,0.531615674495697,-0.1651444435119629,0.8798015117645264,0.8611754775047302,0.5130419731140137,0.05441542714834213,0.04552462697029114,0.8812978267669678,0.5325677990913391,-0.1595451682806015,0.8706761002540588,0.862362802028656,0.5061463117599487,0.05747326463460922,0.046514738351106644,0.8809188604354858,0.5237504243850708,-0.14505510032176971,0.8061583042144775,0.844385027885437,0.48792770504951477,0.06910835206508636,0.9966383576393127,0.8610113859176636,0.48665472865104675,-0.06923435628414154,0.9975364208221436,0.8567525148391724,0.6199642419815063,0.09990265965461731,0.32858553528785706,0.8567634224891663,0.6245753169059753,-0.04941500723361969,0.9266835451126099,0.8659679889678955,0.7670915126800537,0.15899375081062317,0.5369600653648376,0.8368240594863892,0.7770618200302124,0.016761086881160736,0.9347018599510193,0.8586752414703369,0.7941762208938599,0.1613619029521942,0.5878164768218994,0.8277496099472046,0.8019087910652161,0.0214267335832119,0.8313698172569275,0.8960033655166626,0.7909518480300903,0.13178449869155884,0.6588299870491028,0.8673631548881531,0.8063784837722778,-0.022983161732554436,0.9015035033226013,PD_Early,004_PD_01_MD.MOV
0.8853606581687927,0.21745795011520386,-0.035278674215078354,0.989260196685791,0.8812407851219177,0.19863563776016235,-0.030986184254288673,0.9819819331169128,0.8800697326660156,0.1980455368757248,-0.03101702220737934,0.9809829592704773,0.8788222074508667,0.1976909041404724,-0.031022589653730392,0.9828417897224426,0.8830642700195312,0.19890078902244568,-0.05275532975792885,0.9838871359825134,0.8829785585403442,0.19847510755062103,-0.05277250334620476,0.9841259121894836,0.8829733729362488,0.19819709658622742,-0.05285234749317169,0.9846382737159729,0.8685387969017029,0.20642730593681335,-0.007940858602523804,0.9605286121368408,0.8771213293075562,0.2039758861064911,-0.1104838103055954,0.9818840622901917,0.8809748888015747,0.2304457128047943,-0.024263722822070122,0.9819051623344421,0.8827264308929443,0.23081757128238678,-0.05314784497022629,0.9896314144134521,0.8418768644332886,0.2918156385421753,0.0505312904715538,0.9969647526741028,0.8677077889442444,0.28329527378082275,-0.1656457483768463,0.999880313873291,0.8425455093383789,0.3986619710922241,0.06995925307273865,0.017752232030034065,0.8707042932510376,0.40367773175239563,-0.1811758428812027,0.9420035481452942,0.8613425493240356,0.4927120506763458,0.06380531191825867,0.03484230116009712,0.8829692006111145,0.5072897672653198,-0.1518452763557434,0.9004676342010498,0.8585315942764282,0.5132092237472534,0.06916525214910507,0.04758942872285843,0.883815348148346,0.5313526391983032,-0.1694156676530838,0.8797418475151062,0.8670991063117981,0.5144350528717041,0.05259258672595024,0.04694605991244316,0.8836486339569092,0.5321953892707825,-0.16332361102104187,0.8707995414733887,0.8686295747756958,0.5062692165374756,0.055741824209690094,0.0478496327996254,0.8832756876945496,0.5235413312911987,-0.14863865077495575,0.807205080986023,0.8480139970779419,0.48867282271385193,0.06960903108119965,0.996607780456543,0.8628693222999573,0.48720940947532654,-0.06974033266305923,0.9974619150161743,0.8588697910308838,0.6202038526535034,0.10411699116230011,0.3223549723625183,0.8583279252052307,0.6247454285621643,-0.046678826212882996,0.9244762659072876,0.8643534183502197,0.7682083249092102,0.16734622418880463,0.5322583913803101,0.8367660045623779,0.7764735221862793,0.02842028997838497,0.9330434799194336,0.8536351323127747,0.7904304265975952,0.17022021114826202,0.5848832726478577,0.8276470899581909,0.8005701303482056,0.03419511765241623,0.8278017044067383,0.892370879650116,0.7920124530792236,0.14098986983299255,0.6556754112243652,0.8678421378135681,0.8065086603164673,-0.009244733490049839,0.8994895219802856,PD_Early,004_PD_01_MD.MOV
0.887033998966217,0.2176182121038437,-0.031582627445459366,0.9888851642608643,0.8830512166023254,0.19842173159122467,-0.026615353301167488,0.9812068939208984,0.8819823861122131,0.1978636085987091,-0.02664572186768055,0.9802924990653992,0.880820631980896,0.19752730429172516,-0.026651449501514435,0.982149600982666,0.8846129775047302,0.19867798686027527,-0.0490792840719223,0.9831400513648987,0.8843775391578674,0.19825845956802368,-0.04909120872616768,0.983490526676178,0.8842588067054749,0.19799630343914032,-0.049169428646564484,0.9839257597923279,0.8703692555427551,0.2064811885356903,-0.003043954959139228,0.9592475891113281,0.8780943155288696,0.20390112698078156,-0.1067514643073082,0.9810096621513367,0.8826836347579956,0.23054082691669464,-0.020140184089541435,0.9811617732048035,0.8841495513916016,0.2310059368610382,-0.04974851384758949,0.9891813397407532,0.8432959318161011,0.2919135093688965,0.05343418940901756,0.9969496726989746,0.8690091371536255,0.2833048403263092,-0.16447566449642181,0.9998764395713806,0.8441655039787292,0.399387389421463,0.07643415033817291,0.017578275874257088,0.8726983666419983,0.40363162755966187,-0.18272686004638672,0.9423973560333252,0.8583127856254578,0.49481505155563354,0.07712147384881973,0.03512856736779213,0.8852725625038147,0.5074695348739624,-0.15855775773525238,0.9015661478042603,0.8606911897659302,0.5137428045272827,0.08398963510990143,0.048044778406620026,0.8854475021362305,0.531448483467102,-0.17741084098815918,0.8807132244110107,0.8685007095336914,0.5150081515312195,0.0662800520658493,0.04743777960538864,0.885435163974762,0.5324903130531311,-0.1712510585784912,0.8719646334648132,0.8692643046379089,0.5063018202781677,0.06878771632909775,0.04829693213105202,0.8852299451828003,0.5238845348358154,-0.15575151145458221,0.8093385100364685,0.8489530682563782,0.4886619746685028,0.07001129537820816,0.9964821338653564,0.8650156855583191,0.4871971905231476,-0.07012854516506195,0.9973251223564148,0.8587379455566406,0.6203974485397339,0.10462412238121033,0.31583383679389954,0.8599550724029541,0.6249150037765503,-0.045785967260599136,0.9243842363357544,0.8633691072463989,0.7681798338890076,0.16697971522808075,0.5249474048614502,0.8367761373519897,0.7765104174613953,0.024944184347987175,0.9330489039421082,0.8522636294364929,0.7879979014396667,0.1695852279663086,0.5805615186691284,0.8275588154792786,0.8004896640777588,0.03017614223062992,0.8279985785484314,0.8932743072509766,0.7945911288261414,0.13971008360385895,0.6513723731040955,0.8703076839447021,0.8069506287574768,-0.012868998572230339,0.8995746374130249,PD_Early,004_PD_01_MD.MOV
0.889458954334259,0.21819894015789032,-0.02474314346909523,0.9886994957923889,0.8854385018348694,0.19864878058433533,-0.020050449296832085,0.9806150794029236,0.8843976855278015,0.19811716675758362,-0.0200760867446661,0.9797377586364746,0.8832883238792419,0.19786033034324646,-0.02007969655096531,0.981566846370697,0.8869795203208923,0.19870567321777344,-0.04303263500332832,0.9825263023376465,0.8868775963783264,0.1982942372560501,-0.04304487630724907,0.9829272627830505,0.8865078687667847,0.1980607807636261,-0.04312726482748985,0.9832534790039062,0.8727899193763733,0.20710012316703796,0.0020163143053650856,0.9577699899673462,0.8806024193763733,0.20402170717716217,-0.10302905738353729,0.9802499413490295,0.8853585720062256,0.2310495525598526,-0.013602872379124165,0.980739414691925,0.886754035949707,0.23105421662330627,-0.04392792284488678,0.9888752102851868,0.8461916446685791,0.2923549711704254,0.056148648262023926,0.997005045413971,0.8719832301139832,0.28330880403518677,-0.16291818022727966,0.9998738765716553,0.8472820520401001,0.3994003236293793,0.07855083793401718,0.017595814540982246,0.8756704926490784,0.40324974060058594,-0.1811186969280243,0.9417709708213806,0.8598684072494507,0.4965896010398865,0.07761956006288528,0.03589430823922157,0.8882617950439453,0.506961464881897,-0.1527310162782669,0.9005540609359741,0.8645385503768921,0.5148548483848572,0.08416575938463211,0.049016110599040985,0.8879531621932983,0.5311876535415649,-0.16978731751441956,0.8793817162513733,0.8712766170501709,0.5149945020675659,0.06688573211431503,0.04847244545817375,0.8881637454032898,0.5324500799179077,-0.16404543817043304,0.8707318305969238,0.873028039932251,0.505859911441803,0.06930460035800934,0.04926652833819389,0.8880394697189331,0.5237448215484619,-0.14971038699150085,0.808438241481781,0.8516873717308044,0.49006980657577515,0.07011640071868896,0.9965672492980957,0.8669326305389404,0.48793768882751465,-0.07023336738348007,0.9973183870315552,0.8609364032745361,0.6220940947532654,0.10049870610237122,0.3095526695251465,0.8614832758903503,0.6257380843162537,-0.0453055240213871,0.923733115196228,0.8665289282798767,0.770392894744873,0.15983180701732635,0.522541344165802,0.8366721272468567,0.7765539884567261,0.025793951004743576,0.9326159358024597,0.8579888939857483,0.7935445308685303,0.16214779019355774,0.5797165632247925,0.8268874883651733,0.8002530932426453,0.03064347244799137,0.826917290687561,0.8943659067153931,0.7957883477210999,0.1297091692686081,0.6502493023872375,0.8693536520004272,0.8072430491447449,-0.012471780180931091,0.8994622230529785,PD_Early,004_PD_01_MD.MOV
0.8933072686195374,0.2216222584247589,-0.026082519441843033,0.9893522262573242,0.8895953893661499,0.2021389901638031,-0.02128368616104126,0.9816240668296814,0.8884168267250061,0.20119334757328033,-0.021312030032277107,0.9808467626571655,0.8872202634811401,0.20058387517929077,-0.021319370716810226,0.9825414419174194,0.8911145329475403,0.20248551666736603,-0.0443318746984005,0.9834103584289551,0.8910061120986938,0.20180565118789673,-0.04434556886553764,0.9838196635246277,0.8908345699310303,0.2013823390007019,-0.04443617910146713,0.9840303659439087,0.8790107369422913,0.20724523067474365,0.001492699608206749,0.9598662853240967,0.8850622177124023,0.2054228037595749,-0.10415437072515488,0.981212854385376,0.8890453577041626,0.23304250836372375,-0.014472287148237228,0.9816592335700989,0.8905343413352966,0.23359602689743042,-0.04463950917124748,0.9893727898597717,0.8483676910400391,0.2924486994743347,0.05653933808207512,0.9971782565116882,0.8749250173568726,0.2833746373653412,-0.16568563878536224,0.9998793005943298,0.8494396805763245,0.3988438844680786,0.07947024703025818,0.01796635426580906,0.878326952457428,0.4024907946586609,-0.1873599886894226,0.9428042769432068,0.8611949682235718,0.49659350514411926,0.07920492440462112,0.03667440637946129,0.8907825350761414,0.5032374858856201,-0.16659970581531525,0.9023309350013733,0.8667321801185608,0.5147877931594849,0.08672307431697845,0.049891114234924316,0.8907620310783386,0.5285007953643799,-0.18564586341381073,0.8816745281219482,0.8722376227378845,0.5160309672355652,0.06832428276538849,0.04937278851866722,0.8912123441696167,0.5292760729789734,-0.17884115874767303,0.8734078407287598,0.8713414669036865,0.5092628002166748,0.07052179425954819,0.05019044503569603,0.8910473585128784,0.5208755135536194,-0.16331855952739716,0.8118950724601746,0.8530267477035522,0.49025478959083557,0.07341546565294266,0.9967182278633118,0.8696556687355042,0.4879252016544342,-0.07355701923370361,0.9973907470703125,0.8631487488746643,0.6228946447372437,0.10257335752248764,0.30643337965011597,0.8641484379768372,0.6264124512672424,-0.04839848354458809,0.9271304607391357,0.8648720383644104,0.7662433981895447,0.16279840469360352,0.5269813537597656,0.8368863463401794,0.7762969732284546,0.022491183131933212,0.9356958270072937,0.8590320348739624,0.790260374546051,0.16514983773231506,0.5840295553207397,0.826664388179779,0.8003243207931519,0.02780335023999214,0.8323479294776917,0.8979431390762329,0.7957949638366699,0.13321822881698608,0.6562533974647522,0.8699094653129578,0.8091237545013428,-0.013444755226373672,0.9040026068687439,PD_Early,004_PD_01_MD.MOV
0.8959364295005798,0.22381480038166046,-0.02785084769129753,0.9897480010986328,0.8922244906425476,0.20383132994174957,-0.022056348621845245,0.9821515083312988,0.8910393118858337,0.20274396240711212,-0.022082559764385223,0.9814730882644653,0.8898505568504333,0.2020096480846405,-0.022074809297919273,0.9830538630485535,0.8935568928718567,0.20426693558692932,-0.04466380551457405,0.9838659763336182,0.8933432102203369,0.20349982380867004,-0.04467957094311714,0.9843454957008362,0.8931290507316589,0.20300722122192383,-0.044751010835170746,0.9844815135002136,0.8820391297340393,0.2076449692249298,0.0013941455399617553,0.9609183669090271,0.8870316743850708,0.2067195624113083,-0.10477288067340851,0.9817371368408203,0.8915015459060669,0.23522938787937164,-0.01509377546608448,0.9819551110267639,0.8927860260009766,0.23601411283016205,-0.04480478912591934,0.9895355105400085,0.8512982130050659,0.29247742891311646,0.05922991409897804,0.9972493648529053,0.8754832744598389,0.2840208411216736,-0.16403532028198242,0.9998805522918701,0.8510960936546326,0.3985847532749176,0.08118890225887299,0.01785353571176529,0.8797796964645386,0.4022204577922821,-0.18477503955364227,0.9439454078674316,0.8619034290313721,0.49566328525543213,0.07871820777654648,0.037218108773231506,0.8917878270149231,0.5015866160392761,-0.16259676218032837,0.9035781621932983,0.8669460415840149,0.513026773929596,0.08574919402599335,0.05074248090386391,0.8920400738716125,0.527555525302887,-0.18142962455749512,0.8829755783081055,0.8734973669052124,0.5130156874656677,0.06773284077644348,0.0502607524394989,0.8925231695175171,0.5282965302467346,-0.17448744177818298,0.8749702572822571,0.8706845641136169,0.5091561079025269,0.07014114409685135,0.050968751311302185,0.8922192454338074,0.5199052691459656,-0.15918990969657898,0.8142194747924805,0.854487419128418,0.49072733521461487,0.07340963929891586,0.9967437982559204,0.8699891567230225,0.48843440413475037,-0.07355070114135742,0.9973606467247009,0.8641748428344727,0.6230794787406921,0.09968210756778717,0.30184227228164673,0.865548312664032,0.6267801523208618,-0.0497245229780674,0.9289236068725586,0.8664843440055847,0.7665699124336243,0.15681396424770355,0.526161789894104,0.8370810747146606,0.7756213545799255,0.017896743491292,0.9370068907737732,0.856748640537262,0.7849777936935425,0.15880011022090912,0.5851849317550659,0.8262374997138977,0.8002098798751831,0.02281324937939644,0.8348013162612915,0.8982430100440979,0.7977010011672974,0.1279369294643402,0.6589351892471313,0.8700160384178162,0.809685468673706,-0.01762208715081215,0.9063992500305176,PD_Early,004_PD_01_MD.MOV
0.8967254757881165,0.2269812971353531,-0.02824532985687256,0.990324854850769,0.8928002119064331,0.20613530278205872,-0.02274620160460472,0.9829670786857605,0.8916133642196655,0.20505015552043915,-0.022770913317799568,0.9824382066726685,0.89028400182724,0.20432478189468384,-0.02276526764035225,0.9838488698005676,0.8942176103591919,0.20653799176216125,-0.045552827417850494,0.9845849871635437,0.8940451741218567,0.2057296186685562,-0.04556439071893692,0.9851746559143066,0.8939017057418823,0.2052382528781891,-0.04562747851014137,0.9852172136306763,0.8827283978462219,0.20968984067440033,0.0040137493051588535,0.9630172848701477,0.8879451155662537,0.20894932746887207,-0.09851893782615662,0.9826129078865051,0.8924239277839661,0.23878897726535797,-0.015642857179045677,0.9826195240020752,0.8937910795211792,0.2396816462278366,-0.04556932672858238,0.989909291267395,0.8530412912368774,0.29295971989631653,0.06250739097595215,0.9973434805870056,0.8763495683670044,0.28451022505760193,-0.15466934442520142,0.9998831152915955,0.8527101874351501,0.39857473969459534,0.08773962408304214,0.01807781308889389,0.8804271221160889,0.4016839265823364,-0.17899735271930695,0.9455778002738953,0.8662059307098389,0.4897034764289856,0.09402194619178772,0.036651793867349625,0.8934484124183655,0.49691200256347656,-0.16313931345939636,0.9050853252410889,0.8676108121871948,0.5103167295455933,0.10323148220777512,0.050120338797569275,0.894163966178894,0.5236914753913879,-0.18290971219539642,0.8846657276153564,0.8728218078613281,0.5120449662208557,0.08490800112485886,0.04957065358757973,0.8948484659194946,0.5237058997154236,-0.17478491365909576,0.8768075108528137,0.8709299564361572,0.5084815621376038,0.08590909838676453,0.05024770274758339,0.8941508531570435,0.5145822167396545,-0.1596074402332306,0.8170077204704285,0.8561541438102722,0.49328625202178955,0.07260265946388245,0.996789276599884,0.8711490035057068,0.4906468689441681,-0.07269837707281113,0.9973692893981934,0.8652869462966919,0.6238700747489929,0.09154806286096573,0.29628652334213257,0.8699702620506287,0.6275963187217712,-0.05248650163412094,0.9323386549949646,0.8675554394721985,0.7667117118835449,0.14404015243053436,0.5247997045516968,0.8379899859428406,0.7742953896522522,0.00877990759909153,0.9400930404663086,0.8579382300376892,0.7875581383705139,0.14562226831912994,0.5873285531997681,0.826224684715271,0.7989751696586609,0.01329934224486351,0.8414057493209839,0.8989424109458923,0.7995615601539612,0.11459217220544815,0.6627510190010071,0.8700205087661743,0.8097530007362366,-0.024626199156045914,0.9109159111976624,PD_Early,004_PD_01_MD.MOV
0.898844838142395,0.2280917465686798,-0.027838127687573433,0.9903720617294312,0.8948743343353271,0.20699287950992584,-0.022287089377641678,0.9828383326530457,0.8937799334526062,0.20590010285377502,-0.022313576191663742,0.9824424386024475,0.8926830887794495,0.20523595809936523,-0.0223052017390728,0.9837605953216553,0.8960250020027161,0.20734232664108276,-0.04513173922896385,0.9845064282417297,0.8957786560058594,0.20648540556430817,-0.04513729736208916,0.9852524995803833,0.8955820202827454,0.20599029958248138,-0.04519054666161537,0.9852035641670227,0.8850205540657043,0.21036002039909363,0.004720808006823063,0.9631921052932739,0.8896024227142334,0.2097894549369812,-0.09883110970258713,0.982491135597229,0.8948004245758057,0.23970554769039154,-0.0149307232350111,0.9820132851600647,0.8959996104240417,0.240521639585495,-0.04498080909252167,0.9895386695861816,0.8544645309448242,0.292951375246048,0.0636901929974556,0.9973567724227905,0.87894207239151,0.2845727205276489,-0.1538679450750351,0.9998815059661865,0.8547765016555786,0.3962936997413635,0.09050142019987106,0.017865672707557678,0.8815172910690308,0.4006376266479492,-0.1755879670381546,0.9453499913215637,0.8640845417976379,0.4820650517940521,0.09579765051603317,0.035639431327581406,0.8941545486450195,0.49420902132987976,-0.15764638781547546,0.9039008021354675,0.8662955164909363,0.4977232813835144,0.10512962937355042,0.04900229722261429,0.8955212235450745,0.5209928154945374,-0.17614023387432098,0.8837746977806091,0.8714548349380493,0.49940523505210876,0.08810748159885406,0.048433817923069,0.8962748050689697,0.520848274230957,-0.1669609695672989,0.8758730292320251,0.8701282143592834,0.49602124094963074,0.0882461741566658,0.049032192677259445,0.8954330682754517,0.511253833770752,-0.15345589816570282,0.8153685927391052,0.8573372960090637,0.4940038025379181,0.07219362258911133,0.996821939945221,0.8730011582374573,0.49183252453804016,-0.07228491455316544,0.9973576068878174,0.8663564920425415,0.623965322971344,0.08951794356107712,0.28815171122550964,0.8741751313209534,0.629069447517395,-0.05128517374396324,0.9343811273574829,0.867389440536499,0.7663456201553345,0.14126044511795044,0.5212873220443726,0.8404747843742371,0.7717366814613342,0.013214020058512688,0.9418156147003174,0.8578299880027771,0.7876361608505249,0.14297150075435638,0.5869424343109131,0.8266144394874573,0.79664146900177,0.01798633486032486,0.8448948264122009,0.8983595371246338,0.7986413836479187,0.11447689682245255,0.6643669605255127,0.8715165257453918,0.8093851804733276,-0.020184217020869255,0.9137238264083862,PD_Early,004_PD_01_MD.MOV
0.9014033079147339,0.23171237111091614,-0.027914000675082207,0.9900652766227722,0.8974996209144592,0.21065808832645416,-0.02248721569776535,0.9818209409713745,0.8964007496833801,0.20923055708408356,-0.022512145340442657,0.9815981388092041,0.89539635181427,0.20830446481704712,-0.02250324748456478,0.9828585386276245,0.898583173751831,0.211044579744339,-0.04561656713485718,0.9836918711662292,0.8982656598091125,0.20983822643756866,-0.04562239721417427,0.9846799969673157,0.8980515599250793,0.20903301239013672,-0.045678094029426575,0.9844887852668762,0.88750159740448,0.21138149499893188,0.004412360955029726,0.9614071249961853,0.892022967338562,0.21113285422325134,-0.09999966621398926,0.9816199541091919,0.8974908590316772,0.24226965010166168,-0.014800159260630608,0.9805870652198792,0.898518443107605,0.2430357187986374,-0.04539293795824051,0.9887330532073975,0.8566998839378357,0.2929439842700958,0.06560682505369186,0.9973266124725342,0.8797224760055542,0.2845120429992676,-0.1541537642478943,0.9998809695243835,0.8564243912696838,0.39478033781051636,0.09175989031791687,0.017757782712578773,0.8815982937812805,0.3987952768802643,-0.18094906210899353,0.945250391960144,0.8649296164512634,0.4832782447338104,0.09228281676769257,0.035007573664188385,0.8947385549545288,0.49299463629722595,-0.16852127015590668,0.9048472046852112,0.8684898614883423,0.5002091526985168,0.10119380801916122,0.04838154464960098,0.8959099054336548,0.5197345018386841,-0.18790294229984283,0.8852856159210205,0.8732131123542786,0.5011492967605591,0.08363724499940872,0.04779217392206192,0.8972476124763489,0.5198867917060852,-0.17879097163677216,0.8775694370269775,0.8717166781425476,0.49703624844551086,0.08429455757141113,0.0483902171254158,0.8964834213256836,0.5100514888763428,-0.16431573033332825,0.817253053188324,0.8592759966850281,0.49411800503730774,0.07362627238035202,0.9968025088310242,0.8742855787277222,0.49222174286842346,-0.0737176164984703,0.9973325729370117,0.8676958084106445,0.6241763234138489,0.10253377258777618,0.2827562987804413,0.875514805316925,0.6317794919013977,-0.05051668733358383,0.9368569850921631,0.866413414478302,0.7639531493186951,0.16274525225162506,0.5219106674194336,0.8412641286849976,0.7711658477783203,0.018061233684420586,0.9442042112350464,0.8541985750198364,0.7812586426734924,0.16535122692584991,0.5895758867263794,0.8270657062530518,0.795330286026001,0.023766733705997467,0.8498491048812866,0.8972431421279907,0.7967591285705566,0.1406993716955185,0.6681545972824097,0.8728326559066772,0.8086798787117004,-0.00898065511137247,0.9173640012741089,PD_Early,004_PD_01_MD.MOV
0.9023919701576233,0.23266880214214325,-0.0281381793320179,0.9898892045021057,0.8985432982444763,0.21168558299541473,-0.022735025733709335,0.9809711575508118,0.897538959980011,0.21025368571281433,-0.02275962382555008,0.9808956384658813,0.8966476917266846,0.20934094488620758,-0.022751668468117714,0.9821196794509888,0.8994846940040588,0.21190372109413147,-0.04592170566320419,0.9830492734909058,0.899169921875,0.21061354875564575,-0.04592755064368248,0.9842348694801331,0.8989778161048889,0.20975519716739655,-0.045983437448740005,0.9839152097702026,0.8890420794487,0.21169206500053406,0.0041558947414159775,0.9602425694465637,0.8932281732559204,0.2113790512084961,-0.10095397382974625,0.9810755252838135,0.8987674117088318,0.24296995997428894,-0.014918957836925983,0.9794771671295166,0.8996645212173462,0.24345406889915466,-0.04570126533508301,0.9881691932678223,0.8590596914291382,0.2928594946861267,0.0661042258143425,0.9973325133323669,0.8806958794593811,0.28427043557167053,-0.15463341772556305,0.9998798966407776,0.8583383560180664,0.3944846987724304,0.09185530990362167,0.017715586349368095,0.8819133043289185,0.397989422082901,-0.18427959084510803,0.9457076787948608,0.8687161803245544,0.4837644696235657,0.09060632437467575,0.03463294729590416,0.8955079913139343,0.49291810393333435,-0.17271381616592407,0.9058929085731506,0.8701890110969543,0.5072619915008545,0.09888395667076111,0.04797079414129257,0.8969218134880066,0.5190070271492004,-0.19233910739421844,0.8867202401161194,0.874479353427887,0.5076647400856018,0.08101627230644226,0.04738214239478111,0.8983778357505798,0.5192381143569946,-0.1836259365081787,0.8792617917060852,0.8725523352622986,0.5047819018363953,0.08236601203680038,0.0479934997856617,0.8975292444229126,0.5096019506454468,-0.16863203048706055,0.8196120262145996,0.8608729243278503,0.4931855797767639,0.07410848140716553,0.9968219995498657,0.8760969042778015,0.4915271997451782,-0.07419000566005707,0.9973167181015015,0.8703547716140747,0.6244072318077087,0.10312865674495697,0.2810852527618408,0.8798688054084778,0.6323728561401367,-0.0508120097219944,0.9400413036346436,0.867673933506012,0.7641109824180603,0.16520532965660095,0.5246677398681641,0.8425542116165161,0.7709253430366516,0.018667003139853477,0.9470351934432983,0.8567097187042236,0.7814475297927856,0.16786327958106995,0.5925816297531128,0.828497588634491,0.7910407781600952,0.024297457188367844,0.8558969497680664,0.8979185819625854,0.7986173033714294,0.14104394614696503,0.6716297268867493,0.8726893067359924,0.8089367747306824,-0.009014236740767956,0.9214373230934143,PD_Early,004_PD_01_MD.MOV
0.9042902588844299,0.232651486992836,-0.02837204933166504,0.9891057014465332,0.9005758166313171,0.21186763048171997,-0.022995829582214355,0.9788841009140015,0.8996354937553406,0.21055519580841064,-0.023023873567581177,0.9790059924125671,0.8988074064254761,0.2097850888967514,-0.02301616221666336,0.9802091717720032,0.9013258814811707,0.21195727586746216,-0.046186693012714386,0.9813939929008484,0.9009407162666321,0.21070162951946259,-0.04619307443499565,0.9829647541046143,0.9006704092025757,0.20989981293678284,-0.04625099152326584,0.9824774861335754,0.8910019993782043,0.21268533170223236,0.003909869585186243,0.9567636847496033,0.8945760726928711,0.21211087703704834,-0.1016673892736435,0.9795013070106506,0.900733232498169,0.24336883425712585,-0.015033162198960781,0.9767990112304688,0.9014206528663635,0.2436736524105072,-0.0458717979490757,0.9867361187934875,0.8614197373390198,0.29279983043670654,0.06650160998106003,0.9972481727600098,0.8825101256370544,0.2840867340564728,-0.15613660216331482,0.9998751878738403,0.8602468967437744,0.39355266094207764,0.09441396594047546,0.017470981925725937,0.8825403451919556,0.39788493514060974,-0.18521085381507874,0.9451166987419128,0.8721442818641663,0.48316654562950134,0.09538065642118454,0.03406566008925438,0.8961000442504883,0.4924335479736328,-0.17399953305721283,0.9057831764221191,0.8700479865074158,0.506430983543396,0.10446084290742874,0.047405753284692764,0.8973481059074402,0.5181665420532227,-0.19369985163211823,0.8869755268096924,0.874313473701477,0.5073310136795044,0.08649865537881851,0.04683085158467293,0.8986324667930603,0.5180837512016296,-0.1843714863061905,0.8796481490135193,0.8727323412895203,0.5036457180976868,0.08727606385946274,0.04739014059305191,0.8979679346084595,0.5083590745925903,-0.16969847679138184,0.8199958801269531,0.8630929589271545,0.49317094683647156,0.07471778988838196,0.9968750476837158,0.8767821192741394,0.49156826734542847,-0.07480181008577347,0.9973384737968445,0.8724996447563171,0.6244621872901917,0.1082131564617157,0.27769196033477783,0.8848400712013245,0.6325740218162537,-0.050131212919950485,0.9433547258377075,0.8678833246231079,0.7637859582901001,0.17097969353199005,0.5298406481742859,0.8467588424682617,0.7694447636604309,0.0232084933668375,0.9502766728401184,0.8554337024688721,0.7784968018531799,0.17366217076778412,0.5981131792068481,0.8330945372581482,0.7853274345397949,0.029822735115885735,0.8630038499832153,0.8973296284675598,0.7980046272277832,0.1466631442308426,0.6780670881271362,0.8763610124588013,0.8088817000389099,-9.79874239419587e-05,0.9262089133262634,PD_Early,004_PD_01_MD.MOV
0.9056436419487,0.23219121992588043,-0.028486965224146843,0.9888249039649963,0.9017660021781921,0.21146875619888306,-0.023117540404200554,0.9780164957046509,0.9008239507675171,0.21020923554897308,-0.023146428167819977,0.9783763289451599,0.899731457233429,0.20947130024433136,-0.023140277713537216,0.9795165657997131,0.9025185704231262,0.21157492697238922,-0.046315811574459076,0.9805999398231506,0.9021444916725159,0.2103872299194336,-0.0463225394487381,0.9824458956718445,0.9018648862838745,0.20964452624320984,-0.04637997969985008,0.9817964434623718,0.8906766772270203,0.21457254886627197,0.0038624184671789408,0.9562010765075684,0.8956270217895508,0.21229276061058044,-0.10205655544996262,0.9787590503692627,0.9022154211997986,0.24320398271083832,-0.01517968438565731,0.9755294322967529,0.9029199481010437,0.24354572594165802,-0.04604720324277878,0.9859987497329712,0.8633533716201782,0.29272329807281494,0.06486991792917252,0.9972453117370605,0.8837506771087646,0.2846435308456421,-0.15745297074317932,0.9998698830604553,0.8612819314002991,0.3938477039337158,0.09206685423851013,0.01781177707016468,0.8839470744132996,0.39884302020072937,-0.18770290911197662,0.9439874887466431,0.8735505938529968,0.4836181700229645,0.0929853767156601,0.03365820646286011,0.8976837396621704,0.4909399449825287,-0.18432289361953735,0.9049685597419739,0.8693416118621826,0.5090969204902649,0.10173127800226212,0.04689611867070198,0.8988404870033264,0.5157029032707214,-0.20483489334583282,0.886685311794281,0.873628556728363,0.5106757879257202,0.08410632610321045,0.04629787802696228,0.9000610709190369,0.515240490436554,-0.1947646290063858,0.8794925212860107,0.8721873164176941,0.5062593817710876,0.08496028929948807,0.04680749401450157,0.8993533849716187,0.5066112279891968,-0.18015603721141815,0.8199087977409363,0.8634013533592224,0.493133544921875,0.07457217574119568,0.9969780445098877,0.877152144908905,0.49272239208221436,-0.07464795559644699,0.9974010586738586,0.8744522929191589,0.6240975856781006,0.11084837466478348,0.27305975556373596,0.8905873894691467,0.6325159668922424,-0.048921938985586166,0.946199357509613,0.8694988489151001,0.7621788382530212,0.17073090374469757,0.5311363935470581,0.8494536280632019,0.766863226890564,0.023610485717654228,0.9530826210975647,0.8582600951194763,0.7797582149505615,0.17313694953918457,0.5991469621658325,0.8354818224906921,0.7811945676803589,0.030303258448839188,0.8692406415939331,0.8975223898887634,0.7965937256813049,0.14651277661323547,0.681221604347229,0.8797104358673096,0.8081440329551697,0.0015498700086027384,0.9304125905036926,PD_Early,004_PD_01_MD.MOV
0.9081270098686218,0.23285524547100067,-0.028764864429831505,0.9892904758453369,0.9042730927467346,0.2119811475276947,-0.023479044437408447,0.9787457585334778,0.9033231735229492,0.21069854497909546,-0.02351168915629387,0.9791499376296997,0.9024200439453125,0.20998498797416687,-0.023512359708547592,0.9802124500274658,0.904888391494751,0.21200568974018097,-0.04747769609093666,0.98126220703125,0.9044103026390076,0.21073462069034576,-0.04748404771089554,0.9831229448318481,0.9040501117706299,0.20995652675628662,-0.047537028789520264,0.9824415445327759,0.8923734426498413,0.21579231321811676,0.003261156380176544,0.958452045917511,0.8974647521972656,0.21247221529483795,-0.10733320564031601,0.9796985387802124,0.9045522809028625,0.24407950043678284,-0.015387277118861675,0.9763228297233582,0.905064582824707,0.2441791146993637,-0.047211453318595886,0.9864974617958069,0.8659171462059021,0.2926645576953888,0.06469202786684036,0.9973427653312683,0.884219765663147,0.28475433588027954,-0.16632546484470367,0.9998718500137329,0.8628091216087341,0.39609017968177795,0.09026355296373367,0.018888549879193306,0.884728193283081,0.39914020895957947,-0.21392300724983215,0.9430730938911438,0.8756701946258545,0.49551939964294434,0.09183736145496368,0.03429907187819481,0.8997862935066223,0.4900377094745636,-0.22671617567539215,0.9050156474113464,0.8721960186958313,0.5260854363441467,0.10165322571992874,0.047448161989450455,0.9015382528305054,0.5146304368972778,-0.25009503960609436,0.8874081969261169,0.8785887360572815,0.5261564254760742,0.08393779397010803,0.04678473249077797,0.9023599028587341,0.5145904421806335,-0.23798808455467224,0.880311906337738,0.8755314350128174,0.516037106513977,0.08396195620298386,0.0471530482172966,0.9013161063194275,0.5061639547348022,-0.22212807834148407,0.8207920789718628,0.8640597462654114,0.49393948912620544,0.07505431771278381,0.9971782565116882,0.8776859641075134,0.4945092797279358,-0.07514278590679169,0.9975578784942627,0.8749259114265442,0.6264067888259888,0.1233784407377243,0.271849662065506,0.8971925377845764,0.6324391961097717,-0.04390765726566315,0.9492049813270569,0.8700507283210754,0.7623802423477173,0.18081998825073242,0.5388937592506409,0.8542360663414001,0.7608134746551514,0.02687261812388897,0.9559745192527771,0.8577007055282593,0.7788036465644836,0.18307892978191376,0.6054230332374573,0.8408397436141968,0.7745226621627808,0.03373230621218681,0.8759129047393799,0.8972918391227722,0.7965586185455322,0.1563422977924347,0.6898407936096191,0.882063090801239,0.8045276403427124,0.006505869794636965,0.9348920583724976,PD_Early,004_PD_01_MD.MOV
0.9099340438842773,0.23557285964488983,-0.019269000738859177,0.9900347590446472,0.9064733982086182,0.2161584198474884,-0.014801127836108208,0.9800848364830017,0.9055245518684387,0.21476995944976807,-0.014841390773653984,0.980506420135498,0.9046326875686646,0.21391676366329193,-0.014866519719362259,0.9814558029174805,0.9070637822151184,0.21621409058570862,-0.040591929107904434,0.9824224710464478,0.906575620174408,0.21488237380981445,-0.040588460862636566,0.9842197299003601,0.9061609506607056,0.21402309834957123,-0.04064952954649925,0.983494222164154,0.8960395455360413,0.21734212338924408,0.009063334204256535,0.9614919424057007,0.899240255355835,0.2157447189092636,-0.10724346339702606,0.9811112880706787,0.9062773585319519,0.24620021879673004,-0.006578637752681971,0.9778441190719604,0.9068072438240051,0.24628804624080658,-0.04070378467440605,0.9873563647270203,0.8677164316177368,0.29219692945480347,0.0711626261472702,0.9975261092185974,0.886525571346283,0.28494134545326233,-0.17215071618556976,0.9998780488967896,0.8634647727012634,0.3973545432090759,0.09020919352769852,0.021403081715106964,0.8860816955566406,0.39915013313293457,-0.23197336494922638,0.9455397725105286,0.8737622499465942,0.520354151725769,0.08399873226881027,0.03629500791430473,0.9020479321479797,0.4891740083694458,-0.257711261510849,0.9092482924461365,0.8724104762077332,0.5411787629127502,0.09152308106422424,0.048925839364528656,0.9038341641426086,0.5136366486549377,-0.28396540880203247,0.8924521803855896,0.87929368019104,0.5399828553199768,0.07317586988210678,0.04808681458234787,0.9044421315193176,0.5141779184341431,-0.27269232273101807,0.885625958442688,0.8757782578468323,0.5345311760902405,0.07532282918691635,0.04840255156159401,0.903415322303772,0.5058015584945679,-0.25363364815711975,0.8277990818023682,0.8632023334503174,0.49414315819740295,0.07808792591094971,0.99739009141922,0.8772802352905273,0.49485835433006287,-0.07819871604442596,0.9977134466171265,0.8743078112602234,0.6315317749977112,0.11080437153577805,0.27360397577285767,0.90630704164505,0.6309764385223389,-0.059696123003959656,0.9520635008811951,0.8726580142974854,0.7743262648582458,0.1799626350402832,0.5408008694648743,0.8583243489265442,0.7520533800125122,0.02441541478037834,0.9578742980957031,0.8630383014678955,0.79673171043396,0.18150083720684052,0.6060957908630371,0.8450888991355896,0.767767071723938,0.03273404389619827,0.8808081746101379,0.9023944139480591,0.8018501400947571,0.14725495874881744,0.6903090476989746,0.8849419951438904,0.7995268106460571,0.004153804387897253,0.9379045367240906,PD_Early,004_PD_01_MD.MOV
0.9109508991241455,0.23674045503139496,-0.015331683680415154,0.990780234336853,0.9080424904823303,0.2174811065196991,-0.011039824225008488,0.9814258217811584,0.9069889187812805,0.21598470211029053,-0.011075281538069248,0.9818403124809265,0.9060516953468323,0.21504615247249603,-0.011105820536613464,0.9827350974082947,0.9086018204689026,0.21769970655441284,-0.03720866143703461,0.9835940003395081,0.9081169962882996,0.21638448536396027,-0.03720177337527275,0.9852972030639648,0.907696545124054,0.21553778648376465,-0.03726143762469292,0.9845761656761169,0.8978632092475891,0.21783019602298737,0.012076622806489468,0.9643194675445557,0.9003773927688599,0.21702107787132263,-0.10681992024183273,0.9824458360671997,0.9069528579711914,0.24709178507328033,-0.0027769417501986027,0.9793089032173157,0.9074146747589111,0.24753879010677338,-0.03735949471592903,0.988200306892395,0.8689185380935669,0.29203537106513977,0.07499536126852036,0.9976880550384521,0.8871479034423828,0.2865877151489258,-0.172929048538208,0.9998835325241089,0.8659411668777466,0.3975968658924103,0.09387442469596863,0.022954458370804787,0.8861466646194458,0.39948317408561707,-0.2289915531873703,0.9478448033332825,0.8736231327056885,0.5284568667411804,0.08412810415029526,0.03804890438914299,0.903365433216095,0.48881101608276367,-0.24679486453533173,0.9128093719482422,0.8768377304077148,0.5412031412124634,0.09150931984186172,0.050380438566207886,0.9050195217132568,0.5133687853813171,-0.2721050977706909,0.8966373205184937,0.8810492753982544,0.549082338809967,0.07290807366371155,0.04945746809244156,0.9057266116142273,0.5139991641044617,-0.26197609305381775,0.89002525806427,0.8809905648231506,0.535057008266449,0.07541625201702118,0.04982155188918114,0.9047717452049255,0.5057681202888489,-0.24296076595783234,0.8335404396057129,0.8639259338378906,0.4942428171634674,0.0792590007185936,0.997576892375946,0.8779543042182922,0.49487656354904175,-0.0793747752904892,0.9978489875793457,0.875357449054718,0.631020188331604,0.10754914581775665,0.2754558324813843,0.9098884463310242,0.6299130320549011,-0.06440170854330063,0.9545869827270508,0.8734082579612732,0.7680827379226685,0.17768709361553192,0.5442838668823242,0.8615269064903259,0.7483153343200684,0.021193474531173706,0.9593707323074341,0.8622388243675232,0.7898187637329102,0.1791258007287979,0.6067155003547668,0.8476505279541016,0.7665868997573853,0.02982313185930252,0.8839432001113892,0.9036800265312195,0.8013890981674194,0.147023543715477,0.6924561262130737,0.8886982202529907,0.7964941263198853,0.0025462512858211994,0.9403285384178162,PD_Early,004_PD_01_MD.MOV
0.9134473204612732,0.2372126579284668,-0.021476740017533302,0.9908841252326965,0.9117313623428345,0.21787603199481964,-0.015757422894239426,0.98114013671875,0.9110580682754517,0.21638968586921692,-0.015815624967217445,0.9815474152565002,0.9104659557342529,0.21546319127082825,-0.01586613617837429,0.9825534820556641,0.9116460680961609,0.21800431609153748,-0.043295372277498245,0.9833213090896606,0.9109871983528137,0.2166040539741516,-0.04328305274248123,0.9851188659667969,0.9103897213935852,0.21569503843784332,-0.043349992483854294,0.9844045042991638,0.9023615121841431,0.21777158975601196,0.011278407648205757,0.9643133282661438,0.9025779962539673,0.21693210303783417,-0.10694367438554764,0.9825446009635925,0.909710705280304,0.24725572764873505,-0.0031072578858584166,0.9788634181022644,0.9094493389129639,0.2477055937051773,-0.040249053388834,0.9879859685897827,0.8766705393791199,0.29104647040367126,0.08327003568410873,0.9976938366889954,0.8873631954193115,0.2866562306880951,-0.1724126935005188,0.9998807311058044,0.8719635009765625,0.3968845009803772,0.10841034352779388,0.022331492975354195,0.8854706883430481,0.399133563041687,-0.22218656539916992,0.9485264420509338,0.8853442668914795,0.5183496475219727,0.09275127947330475,0.036790281534194946,0.9024434685707092,0.4883435368537903,-0.23184329271316528,0.9122737050056458,0.8850009441375732,0.5368497371673584,0.09938715398311615,0.048812590539455414,0.9037697315216064,0.5132622122764587,-0.25643056631088257,0.8963183164596558,0.8900273442268372,0.5444104671478271,0.0797647163271904,0.04791906476020813,0.9047502279281616,0.5140060186386108,-0.24682903289794922,0.8896188139915466,0.8883654475212097,0.5333880186080933,0.08333144336938858,0.04843004420399666,0.9039624929428101,0.5057243704795837,-0.22794097661972046,0.8329635858535767,0.8669753670692444,0.4944338798522949,0.07937546074390411,0.9976223111152649,0.8774768114089966,0.4947877526283264,-0.07947221398353577,0.9978033304214478,0.8769176602363586,0.6313563585281372,0.10063653439283371,0.28139540553092957,0.9137002229690552,0.6277263760566711,-0.06491072475910187,0.9558128714561462,0.8745073676109314,0.7658913731575012,0.1667737513780594,0.5473113656044006,0.8687275648117065,0.7457824349403381,0.02043979801237583,0.9580867886543274,0.8616043925285339,0.7879239916801453,0.1688380092382431,0.6086624264717102,0.8536385297775269,0.7659868001937866,0.028674228116869926,0.8815663456916809,0.9088764190673828,0.8016359806060791,0.13690783083438873,0.6932556629180908,0.8939110636711121,0.7921339273452759,0.0013817131984978914,0.9397076964378357,PD_Early,004_PD_01_MD.MOV
0.9151586294174194,0.23692698776721954,-0.021760931238532066,0.9911478161811829,0.9129695892333984,0.21755045652389526,-0.01634293422102928,0.9814776182174683,0.9121828079223633,0.21609796583652496,-0.016395607963204384,0.9818506836891174,0.911473274230957,0.21521328389644623,-0.016437286511063576,0.9829348921775818,0.9132155179977417,0.2176499366760254,-0.043040256947278976,0.9836191534996033,0.9124479293823242,0.2162250578403473,-0.04302964732050896,0.9853804111480713,0.9118661880493164,0.21531467139720917,-0.04309387505054474,0.9847350120544434,0.9036163687705994,0.2176331728696823,0.01201186515390873,0.9658178091049194,0.9044770002365112,0.21670523285865784,-0.10522507131099701,0.9831497073173523,0.9111965894699097,0.2470046728849411,-0.005176468752324581,0.9793677926063538,0.9110538959503174,0.2474413514137268,-0.040317874401807785,0.9883085489273071,0.8766496777534485,0.2910076975822449,0.0837097018957138,0.9976856708526611,0.888650119304657,0.2866649627685547,-0.17102397978305817,0.9998781085014343,0.873343825340271,0.3957130014896393,0.11042987555265427,0.02267828769981861,0.8858068585395813,0.3984675109386444,-0.21681560575962067,0.9493157267570496,0.8818004131317139,0.5144092440605164,0.09623976796865463,0.03600545600056648,0.9036521315574646,0.4885914623737335,-0.2234155237674713,0.9120118021965027,0.8849653005599976,0.5338854193687439,0.10257944464683533,0.047685835510492325,0.9050394892692566,0.5134459733963013,-0.2477017194032669,0.895560085773468,0.8886526823043823,0.5387996435165405,0.08273044973611832,0.046764057129621506,0.9056981205940247,0.5142093896865845,-0.2373376190662384,0.8886752724647522,0.8888981938362122,0.529388964176178,0.08676490932703018,0.04741048812866211,0.9049299955368042,0.5061087012290955,-0.2192632555961609,0.8323245644569397,0.8666995167732239,0.49466824531555176,0.0791439563035965,0.9975781440734863,0.8775928616523743,0.49494215846061707,-0.07925532013177872,0.9977421760559082,0.8778560757637024,0.6310713291168213,0.1035364642739296,0.28908205032348633,0.916204571723938,0.6273313760757446,-0.06213513761758804,0.9579286575317383,0.8774850368499756,0.7637344598770142,0.17809872329235077,0.5459607839584351,0.8786738514900208,0.7490097880363464,0.024019774049520493,0.9585342407226562,0.8629916310310364,0.7849510312080383,0.18153516948223114,0.6030556559562683,0.8617304563522339,0.7689189910888672,0.03214174136519432,0.8812831044197083,0.9082614779472351,0.8011016249656677,0.15394023060798645,0.6874029040336609,0.9020008444786072,0.7941386699676514,0.0058054872788488865,0.9398061633110046,PD_Early,004_PD_01_MD.MOV
0.9178036451339722,0.23670385777950287,-0.034495286643505096,0.990937352180481,0.9158416986465454,0.21750564873218536,-0.028655465692281723,0.9805250763893127,0.9149264693260193,0.2159818559885025,-0.028709344565868378,0.9808216691017151,0.9141477942466736,0.21502915024757385,-0.028747744858264923,0.9821649789810181,0.9162235856056213,0.21760103106498718,-0.0554257296025753,0.9829558730125427,0.9156740307807922,0.21610130369663239,-0.05542248487472534,0.9848191142082214,0.9151232242584229,0.21504142880439758,-0.05549436807632446,0.9843220710754395,0.9064130783081055,0.21620571613311768,0.006484386511147022,0.9654950499534607,0.9077312350273132,0.21534112095832825,-0.11407503485679626,0.9831207394599915,0.9138307571411133,0.24631819128990173,-0.016489177942276,0.9783899188041687,0.913793683052063,0.2468397319316864,-0.05185244232416153,0.9879217147827148,0.8793454766273499,0.29073262214660645,0.082899309694767,0.9975459575653076,0.8894758224487305,0.28661027550697327,-0.17765751481056213,0.9998706579208374,0.8770557045936584,0.3949449956417084,0.11338769644498825,0.021738417446613312,0.8857556581497192,0.39831218123435974,-0.22333256900310516,0.9494827389717102,0.8867365717887878,0.5079635977745056,0.09812905639410019,0.035367608070373535,0.9036340713500977,0.4887697696685791,-0.224884033203125,0.9097110033035278,0.8853803873062134,0.5326431393623352,0.10454092174768448,0.046963222324848175,0.9046286344528198,0.5139951705932617,-0.25045859813690186,0.8923088908195496,0.8908980488777161,0.5385570526123047,0.0837511494755745,0.04607294127345085,0.9055398106575012,0.5147318243980408,-0.23895467817783356,0.8851040005683899,0.8892311453819275,0.5273924469947815,0.08824422955513,0.046811603009700775,0.9048159718513489,0.5066518783569336,-0.22020620107650757,0.8283418416976929,0.8673230409622192,0.49626678228378296,0.0801452174782753,0.9975444078445435,0.8773615956306458,0.49628138542175293,-0.08021581918001175,0.9976459741592407,0.8783577084541321,0.6309438347816467,0.10915599018335342,0.30380842089653015,0.9171211123466492,0.6253628730773926,-0.065788634121418,0.9606987237930298,0.8781960010528564,0.7637653350830078,0.190552219748497,0.5593587756156921,0.8803555369377136,0.7484745383262634,0.02525227889418602,0.9601512551307678,0.8641436100006104,0.785742998123169,0.19468989968299866,0.6118433475494385,0.8661749362945557,0.769069254398346,0.03391221910715103,0.883735716342926,0.9090608358383179,0.8015335202217102,0.16733397543430328,0.6937360167503357,0.9019039273262024,0.7948253154754639,0.010593807324767113,0.941871702671051,PD_Early,004_PD_01_MD.MOV
0.919644296169281,0.2368045598268509,-0.033106353133916855,0.9908581376075745,0.9179543852806091,0.21748514473438263,-0.027298511937260628,0.9805705547332764,0.9171112179756165,0.21590948104858398,-0.02734755352139473,0.9805841445922852,0.9163357615470886,0.21491630375385284,-0.027379481121897697,0.9822190403938293,0.9182835221290588,0.2176612764596939,-0.053750135004520416,0.9831012487411499,0.9175431728363037,0.21610382199287415,-0.053751830011606216,0.9848437905311584,0.9169644713401794,0.21504506468772888,-0.0538235567510128,0.9846663475036621,0.9081911444664001,0.21593447029590607,0.010495488531887531,0.9656655192375183,0.9091406464576721,0.21526780724525452,-0.11288469284772873,0.983482301235199,0.9153961539268494,0.24618379771709442,-0.016239583492279053,0.9783466458320618,0.9152945280075073,0.24669672548770905,-0.050906337797641754,0.9880048036575317,0.881634533405304,0.29029175639152527,0.09018189460039139,0.9973331689834595,0.8902902007102966,0.286600261926651,-0.17799021303653717,0.999866783618927,0.8798525333404541,0.3940282464027405,0.11863204091787338,0.02096129208803177,0.8868662118911743,0.39832061529159546,-0.22570468485355377,0.9497379064559937,0.8900949358940125,0.49863025546073914,0.09727171808481216,0.034121111035346985,0.9032847285270691,0.4898310899734497,-0.22865398228168488,0.9099583625793457,0.8906118273735046,0.5304763913154602,0.10384277254343033,0.045526959002017975,0.9041679501533508,0.5166301727294922,-0.2549809515476227,0.8922857642173767,0.8929445147514343,0.5357556343078613,0.08302043378353119,0.044702138751745224,0.9050894975662231,0.5171874761581421,-0.24432119727134705,0.8850549459457397,0.8924472332000732,0.5270822644233704,0.08719044178724289,0.04557187482714653,0.9043946862220764,0.5097928643226624,-0.22423824667930603,0.8284242749214172,0.8670815825462341,0.4962025284767151,0.0816093385219574,0.9972057342529297,0.8781465291976929,0.4957071840763092,-0.08166836947202682,0.9974321722984314,0.8779714703559875,0.6294461488723755,0.11065913736820221,0.30732640624046326,0.9176523685455322,0.6245289444923401,-0.06650467962026596,0.9625492095947266,0.8792759776115417,0.7670449018478394,0.18442551791667938,0.5578336119651794,0.8859039545059204,0.7610766291618347,0.009005358442664146,0.961545467376709,0.8691820502281189,0.7894150614738464,0.18793846666812897,0.6098423600196838,0.8746016025543213,0.7824392318725586,0.015221195295453072,0.8864561319351196,0.9140276312828064,0.8007762432098389,0.16141241788864136,0.6912400722503662,0.9164302945137024,0.7992228865623474,-0.016508636996150017,0.9432578086853027,PD_Early,004_PD_01_MD.MOV
0.9221512675285339,0.2322530299425125,-0.03626743331551552,0.9895413517951965,0.9204677939414978,0.21371051669120789,-0.028806012123823166,0.9781006574630737,0.9198563098907471,0.21247795224189758,-0.028851380571722984,0.9780274033546448,0.9191333055496216,0.21171358227729797,-0.028870481997728348,0.9800558090209961,0.9206579923629761,0.2138122171163559,-0.05607141926884651,0.9812155365943909,0.920152485370636,0.21249502897262573,-0.05608517304062843,0.983256459236145,0.9197860360145569,0.21166348457336426,-0.05616507679224014,0.9835919141769409,0.9120491147041321,0.21279321610927582,0.01050320640206337,0.9613726735115051,0.912265956401825,0.21187734603881836,-0.11274909228086472,0.98220294713974,0.9187187552452087,0.24131444096565247,-0.017733070999383926,0.9753630757331848,0.9185331463813782,0.24179749190807343,-0.053286537528038025,0.9867414236068726,0.8877947926521301,0.288967102766037,0.08852598816156387,0.9965113997459412,0.8920580148696899,0.2858603894710541,-0.17651768028736115,0.9998466968536377,0.8826148509979248,0.3923408091068268,0.11642482876777649,0.0198993943631649,0.8877092599868774,0.3982250988483429,-0.22254134714603424,0.9478209614753723,0.8942014575004578,0.48762813210487366,0.0986504927277565,0.03211662173271179,0.9029916524887085,0.49178287386894226,-0.2278166115283966,0.9066942930221558,0.8942521810531616,0.5138320922851562,0.10728022456169128,0.04309618100523949,0.9039017558097839,0.5181682109832764,-0.2506505846977234,0.8888707160949707,0.8974387645721436,0.5228704214096069,0.08610532432794571,0.04232904687523842,0.9049338102340698,0.5190081596374512,-0.24302919209003448,0.8810209035873413,0.8972488641738892,0.5112615823745728,0.08858142793178558,0.043306730687618256,0.9041182398796082,0.5120631456375122,-0.22195373475551605,0.8234071135520935,0.8677810430526733,0.49546852707862854,0.081322081387043,0.9964613318443298,0.8796772360801697,0.4944417178630829,-0.0814111977815628,0.9970510005950928,0.8774740099906921,0.6276161074638367,0.1103767454624176,0.310625821352005,0.9148133397102356,0.6238179206848145,-0.06602568179368973,0.9647182822227478,0.8819621205329895,0.7668998837471008,0.18208204209804535,0.5620467662811279,0.8937644958496094,0.7684574723243713,0.009211578406393528,0.9638306498527527,0.8739906549453735,0.7896289229393005,0.18552105128765106,0.613705575466156,0.8845780491828918,0.7892612218856812,0.014271633699536324,0.8918988108634949,0.9124261140823364,0.7940004467964172,0.1553245335817337,0.6947579383850098,0.9234840869903564,0.803959846496582,-0.024792606011033058,0.9458504319190979,PD_Early,004_PD_01_MD.MOV
0.9253803491592407,0.2322693169116974,-0.0635356605052948,0.9883015155792236,0.9244062900543213,0.2137989103794098,-0.05529290437698364,0.9755026698112488,0.9238067865371704,0.2125607281923294,-0.0553245022892952,0.9751917123794556,0.9231154918670654,0.2117929458618164,-0.055323924869298935,0.9775182604789734,0.9244197607040405,0.21385350823402405,-0.0828024372458458,0.9795240759849548,0.9238439202308655,0.21252033114433289,-0.0828319787979126,0.9819034934043884,0.9232274889945984,0.21166855096817017,-0.08291424810886383,0.9828310608863831,0.9153103232383728,0.21275128424167633,-0.008722583763301373,0.9550385475158691,0.9148327112197876,0.21166515350341797,-0.1324952393770218,0.9811223149299622,0.9213539958000183,0.24124208092689514,-0.04216843098402023,0.9729202389717102,0.920863687992096,0.24170422554016113,-0.0779501423239708,0.986007571220398,0.8933039903640747,0.28851422667503357,0.0759190022945404,0.9953867197036743,0.8911287188529968,0.2858559489250183,-0.18678420782089233,0.9998400807380676,0.8892826437950134,0.3920696973800659,0.10673728585243225,0.018954064697027206,0.8874282836914062,0.39826056361198425,-0.22470280528068542,0.9467436075210571,0.9001157879829407,0.4881714880466461,0.07992902398109436,0.03066226840019226,0.9027208685874939,0.49439573287963867,-0.22490277886390686,0.9059213995933533,0.8999061584472656,0.5105818510055542,0.0876118615269661,0.04147454351186752,0.9037965536117554,0.5225865840911865,-0.25074508786201477,0.8879339694976807,0.902698278427124,0.5154184103012085,0.0652538388967514,0.04077139496803284,0.9047073125839233,0.5235501527786255,-0.24129456281661987,0.8795074820518494,0.9005022644996643,0.5073436498641968,0.06924634426832199,0.04188301041722298,0.9040060043334961,0.5152604579925537,-0.22000542283058167,0.8212653398513794,0.8705490231513977,0.4951106905937195,0.07918231189250946,0.9958907961845398,0.8802912831306458,0.4932860732078552,-0.0791737511754036,0.9968862533569336,0.8771094083786011,0.6254165172576904,0.11175893992185593,0.31693530082702637,0.9146262407302856,0.623232364654541,-0.0511152409017086,0.9666001796722412,0.8820751309394836,0.7667099833488464,0.18561901152133942,0.5738887786865234,0.9007158279418945,0.770733654499054,0.0200500451028347,0.9660187363624573,0.8753961324691772,0.7899356484413147,0.1891382783651352,0.6255888342857361,0.8919521570205688,0.7911887764930725,0.02311728149652481,0.8975810408592224,0.9112422466278076,0.790062427520752,0.15420649945735931,0.7044228911399841,0.9336346983909607,0.8044138550758362,-0.020261185243725777,0.9483569264411926,PD_Early,004_PD_01_MD.MOV
0.9284512400627136,0.23274901509284973,-0.0752577930688858,0.9882832765579224,0.927808403968811,0.21445530652999878,-0.06647374480962753,0.9754509925842285,0.9272603988647461,0.2131933718919754,-0.06649751216173172,0.9750065207481384,0.9267719388008118,0.21240180730819702,-0.06648459285497665,0.9773663878440857,0.927681565284729,0.21434536576271057,-0.09467151015996933,0.979812741279602,0.9270543456077576,0.2129027098417282,-0.09470894187688828,0.9821859002113342,0.926410973072052,0.21191762387752533,-0.09479521214962006,0.983318030834198,0.9188056588172913,0.21276670694351196,-0.016403723508119583,0.9532368779182434,0.9178352355957031,0.21163731813430786,-0.14310775697231293,0.9815287590026855,0.9243396520614624,0.2416052669286728,-0.05260584130883217,0.9731339812278748,0.9235798120498657,0.24193985760211945,-0.08932846039533615,0.9863908290863037,0.8989917635917664,0.2885265648365021,0.07133398205041885,0.9946531057357788,0.8907176852226257,0.28578081727027893,-0.19741860032081604,0.9998409152030945,0.8960086107254028,0.39210280776023865,0.09734191745519638,0.018617741763591766,0.8874667882919312,0.3982219994068146,-0.2339969277381897,0.9471519589424133,0.9035433530807495,0.48706918954849243,0.06100867688655853,0.030169043689966202,0.9028140306472778,0.49434882402420044,-0.2308308184146881,0.9069460034370422,0.9052577614784241,0.5116690993309021,0.06649181991815567,0.04089796915650368,0.903601884841919,0.523043155670166,-0.258517324924469,0.8887708783149719,0.9052401185035706,0.5163503289222717,0.04366091638803482,0.04030348360538483,0.9049192070960999,0.5237391591072083,-0.24897687137126923,0.8800280094146729,0.9045473337173462,0.5073589086532593,0.0496145524084568,0.041542500257492065,0.9042841792106628,0.5155070424079895,-0.22633333504199982,0.821834146976471,0.8760483264923096,0.4944847822189331,0.07916907221078873,0.9954876899719238,0.8809375762939453,0.4918400049209595,-0.07915554940700531,0.9968191385269165,0.8811895251274109,0.6244443655014038,0.11149990558624268,0.3287527561187744,0.912964403629303,0.6232348084449768,-0.05129474028944969,0.9685945510864258,0.885964572429657,0.7671855688095093,0.1835024356842041,0.5927918553352356,0.9042071104049683,0.7745029330253601,0.01479592639952898,0.968529462814331,0.8809458613395691,0.7913231253623962,0.18678368628025055,0.6435685753822327,0.8968623876571655,0.795125424861908,0.016770919784903526,0.904577374458313,0.9147005081176758,0.7905788421630859,0.14448055624961853,0.7190818190574646,0.9417209029197693,0.8069887161254883,-0.04246791452169418,0.9517344236373901,PD_Early,004_PD_01_MD.MOV
0.9307389855384827,0.23034991323947906,-0.07383449375629425,0.9885716438293457,0.9295300841331482,0.21270215511322021,-0.06564220041036606,0.9760353565216064,0.9288989305496216,0.2116187959909439,-0.065664142370224,0.9755430817604065,0.9284130930900574,0.21099801361560822,-0.06565134227275848,0.9778479337692261,0.9294702410697937,0.21257135272026062,-0.09345647692680359,0.9804837703704834,0.9287880659103394,0.2112734168767929,-0.09349198639392853,0.9828184247016907,0.9282029271125793,0.21039216220378876,-0.09357233345508575,0.9840492010116577,0.9205575585365295,0.21172118186950684,-0.01743217743933201,0.9533787369728088,0.9195874333381653,0.21026171743869781,-0.1423640102148056,0.9822500944137573,0.9268597364425659,0.24017658829689026,-0.051820240914821625,0.9739868640899658,0.9261486530303955,0.24029190838336945,-0.08799578249454498,0.9870080351829529,0.8999179005622864,0.2884032428264618,0.06976812332868576,0.9941105246543884,0.8924027681350708,0.28533345460891724,-0.19670207798480988,0.9998416900634766,0.8975426554679871,0.392116516828537,0.09580197185277939,0.018223639577627182,0.8894067406654358,0.39804989099502563,-0.23266109824180603,0.9469808340072632,0.9053546190261841,0.4869958460330963,0.06335093826055527,0.02949322760105133,0.9039331078529358,0.4943150281906128,-0.22964832186698914,0.9071183800697327,0.9077702760696411,0.5125628709793091,0.06909499317407608,0.04014180973172188,0.9044700860977173,0.5228447914123535,-0.25745317339897156,0.8887845277786255,0.9072845578193665,0.5167905688285828,0.046375714242458344,0.039628010243177414,0.9062860012054443,0.5235863327980042,-0.24820879101753235,0.8795617818832397,0.9066411256790161,0.5070971250534058,0.05211043357849121,0.04098975285887718,0.9055325388908386,0.5153933167457581,-0.2254766970872879,0.8212225437164307,0.8774534463882446,0.4942018985748291,0.07912079244852066,0.9953022599220276,0.8837859034538269,0.4910413920879364,-0.0791165679693222,0.9968320727348328,0.8817352056503296,0.6243557929992676,0.11136960983276367,0.3422084152698517,0.9147033095359802,0.6233187913894653,-0.051113490015268326,0.9707000255584717,0.886178731918335,0.7688421607017517,0.18238361179828644,0.613448441028595,0.9055749177932739,0.7759296298027039,0.014052849262952805,0.9710218906402588,0.8808567523956299,0.7954632043838501,0.18556736409664154,0.6619654893875122,0.8972979784011841,0.7967894673347473,0.0162388626486063,0.9113202095031738,0.914272665977478,0.7910848259925842,0.14182189106941223,0.734641969203949,0.9419262409210205,0.8097299337387085,-0.04207121953368187,0.9551096558570862,PD_Early,004_PD_01_MD.MOV
0.9318206906318665,0.23060542345046997,-0.07223423570394516,0.9892436861991882,0.9304590821266174,0.21295173466205597,-0.06378868222236633,0.9774332642555237,0.9298697710037231,0.21187278628349304,-0.06381366401910782,0.9769182205200195,0.9294033050537109,0.2112499624490738,-0.06379678845405579,0.9791068434715271,0.9304410219192505,0.21278557181358337,-0.09215325862169266,0.9817229509353638,0.9298135638237,0.21147023141384125,-0.09219098836183548,0.983939528465271,0.9292677044868469,0.21056413650512695,-0.09226825088262558,0.9851564764976501,0.92186039686203,0.21197469532489777,-0.015018587000668049,0.9554640650749207,0.920294463634491,0.21028603613376617,-0.1420387476682663,0.9834296107292175,0.9281269311904907,0.24043002724647522,-0.04996852949261665,0.9755785465240479,0.9273084998130798,0.24037481844425201,-0.08685922622680664,0.9878898859024048,0.9031116366386414,0.2885628342628479,0.07118261605501175,0.9939958453178406,0.8928976058959961,0.28546351194381714,-0.19899846613407135,0.9998457431793213,0.8999913930892944,0.3921533226966858,0.09679660946130753,0.018335649743676186,0.8902006149291992,0.3980523347854614,-0.23729801177978516,0.9485674500465393,0.9060890674591064,0.48645031452178955,0.06431940197944641,0.02978041023015976,0.904764711856842,0.49486100673675537,-0.23671698570251465,0.9094237089157104,0.9068126082420349,0.51325923204422,0.06966730207204819,0.040544893592596054,0.9052332043647766,0.5238528251647949,-0.2659476399421692,0.8909816741943359,0.9080870151519775,0.5171504020690918,0.04593895748257637,0.0401175282895565,0.9071073532104492,0.5243850350379944,-0.2568504512310028,0.8815696835517883,0.9076308012008667,0.5072904825210571,0.05255235359072685,0.04156836122274399,0.9066210389137268,0.5158886313438416,-0.2326769381761551,0.8237477540969849,0.8800027370452881,0.49402132630348206,0.07999169081449509,0.9953433275222778,0.8841193318367004,0.490987092256546,-0.07994993031024933,0.9968984127044678,0.8835607767105103,0.6243757605552673,0.10764551907777786,0.3580155372619629,0.9153596758842468,0.6232346892356873,-0.05900349095463753,0.9728908538818359,0.8870626091957092,0.7712655067443848,0.17089501023292542,0.6329803466796875,0.9048258662223816,0.776922345161438,-0.002071766648441553,0.9733557105064392,0.8815634250640869,0.7984940409660339,0.17277318239212036,0.6788799166679382,0.8959428071975708,0.7981600165367126,-0.0007518517668358982,0.9176309108734131,0.9153451919555664,0.7926221489906311,0.12916652858257294,0.7498455047607422,0.9423274397850037,0.8115733861923218,-0.059460580348968506,0.9584557414054871,PD_Early,004_PD_01_MD.MOV
0.9348039627075195,0.23064185678958893,-0.07508500665426254,0.9897444248199463,0.9341360330581665,0.21313367784023285,-0.06648064404726028,0.9784507155418396,0.9335895776748657,0.21210534870624542,-0.0665023922920227,0.9779143929481506,0.9330612421035767,0.211518794298172,-0.06648825109004974,0.9800244569778442,0.9340941905975342,0.21287713944911957,-0.09434643387794495,0.9826368689537048,0.9334894418716431,0.21155111491680145,-0.09437963366508484,0.9847667217254639,0.9328756332397461,0.21061575412750244,-0.09445187449455261,0.986005425453186,0.9251516461372375,0.2121547907590866,-0.017118075862526894,0.9569080471992493,0.9237976670265198,0.21033607423305511,-0.14249461889266968,0.9843037724494934,0.9306071996688843,0.24053658545017242,-0.052745211869478226,0.9767961502075195,0.9296432733535767,0.24041736125946045,-0.08906318247318268,0.988586962223053,0.9051474332809448,0.2894429564476013,0.06993231177330017,0.9937755465507507,0.8933398723602295,0.28560709953308105,-0.19701436161994934,0.9998486638069153,0.9004193544387817,0.39583396911621094,0.09533467888832092,0.01838045008480549,0.8908607959747314,0.39801159501075745,-0.2346779704093933,0.9486430883407593,0.9113729596138,0.4919578731060028,0.060633864253759384,0.029506085440516472,0.9062507152557373,0.4952757656574249,-0.23304343223571777,0.9081928133964539,0.9111472964286804,0.5147978663444519,0.06555575132369995,0.040223125368356705,0.906978964805603,0.5245934724807739,-0.26117390394210815,0.8893197178840637,0.9113174676895142,0.5174984931945801,0.0422515869140625,0.039863165467977524,0.9091378450393677,0.5249506831169128,-0.2519318461418152,0.8793716430664062,0.9106320142745972,0.5075118541717529,0.04908886179327965,0.041445013135671616,0.9086759090423584,0.5160824060440063,-0.2289419323205948,0.8208066821098328,0.8813995122909546,0.4938967525959015,0.0799645334482193,0.9953029155731201,0.8859421610832214,0.49070027470588684,-0.07993251830339432,0.9969424605369568,0.8844954967498779,0.6245579719543457,0.10766012966632843,0.3697573244571686,0.9183976650238037,0.6232813596725464,-0.05815521255135536,0.974744439125061,0.8868252635002136,0.7714398503303528,0.17123474180698395,0.649092435836792,0.9057942032814026,0.7767082452774048,0.0037069807294756174,0.9753252863883972,0.8813034892082214,0.7989508509635925,0.1733584851026535,0.6927037239074707,0.8963077664375305,0.7984383702278137,0.006455973256379366,0.9227769374847412,0.9146221280097961,0.7927990555763245,0.13374063372612,0.7621865272521973,0.9422755837440491,0.8124569654464722,-0.048001207411289215,0.9611234664916992,PD_Early,004_PD_01_MD.MOV
0.935965359210968,0.2306785136461258,-0.08229519426822662,0.9900579452514648,0.9350969791412354,0.21314522624015808,-0.07364268600940704,0.9790028929710388,0.9343993067741394,0.21211063861846924,-0.07366818934679031,0.9784295558929443,0.9337766170501709,0.21152126789093018,-0.0736541897058487,0.9805614352226257,0.9352014064788818,0.21289700269699097,-0.10200679302215576,0.9831939935684204,0.9345549941062927,0.21155858039855957,-0.10203839093446732,0.9852944612503052,0.9339538216590881,0.2106301486492157,-0.1021098718047142,0.9866048693656921,0.9248670935630798,0.21199597418308258,-0.02268768474459648,0.9574205875396729,0.9243018627166748,0.21019908785820007,-0.15036211907863617,0.9848592281341553,0.9315211176872253,0.24066583812236786,-0.059212565422058105,0.9774977564811707,0.9306089282035828,0.24050767719745636,-0.09619181603193283,0.9890308380126953,0.9044879078865051,0.28931567072868347,0.06780419498682022,0.9936904907226562,0.8954079747200012,0.28558188676834106,-0.20242442190647125,0.9998510479927063,0.9015797972679138,0.3961647152900696,0.09425488859415054,0.018411507830023766,0.8931013345718384,0.398016095161438,-0.23756419122219086,0.9494602084159851,0.9116983413696289,0.49096035957336426,0.06158725544810295,0.029723305255174637,0.9091622829437256,0.4958420991897583,-0.2319210320711136,0.9096400737762451,0.9132161736488342,0.5153312683105469,0.06701823323965073,0.04046383500099182,0.909384548664093,0.5254957675933838,-0.2598019540309906,0.8905366659164429,0.9134101271629333,0.5176881551742554,0.043969396501779556,0.04017007723450661,0.9117139577865601,0.5263476967811584,-0.25009381771087646,0.880470871925354,0.912861168384552,0.507793664932251,0.050199802964925766,0.041809916496276855,0.9113517999649048,0.5172947645187378,-0.22761821746826172,0.8222091197967529,0.884579062461853,0.4934294521808624,0.07989784330129623,0.9953192472457886,0.8882479071617126,0.4903169274330139,-0.07986783981323242,0.9969885945320129,0.8901146054267883,0.6247386336326599,0.10953288525342941,0.3791172206401825,0.9190165996551514,0.6233246922492981,-0.05635015293955803,0.9761244654655457,0.8877249360084534,0.7714947462081909,0.1789388209581375,0.6633337140083313,0.9057223200798035,0.7764565944671631,0.010973268188536167,0.9769667983055115,0.8820387721061707,0.7985166907310486,0.1817324012517929,0.7045395374298096,0.8955925107002258,0.7983165979385376,0.013594306074082851,0.9270342588424683,0.9189397096633911,0.8124989867210388,0.1398429274559021,0.773265540599823,0.9404175281524658,0.8139212727546692,-0.045870207250118256,0.9634364247322083,PD_Early,004_PD_01_MD.MOV
0.936903715133667,0.23115208745002747,-0.08151736855506897,0.9904078245162964,0.9361919164657593,0.2135487049818039,-0.07282158732414246,0.9795964360237122,0.9354698061943054,0.212471142411232,-0.07285099476575851,0.979013979434967,0.9348362684249878,0.21184727549552917,-0.07284288108348846,0.9811610579490662,0.9363157749176025,0.21317896246910095,-0.10080621391534805,0.9837347865104675,0.9356624484062195,0.21176129579544067,-0.10083473473787308,0.9858025312423706,0.9350724816322327,0.21075676381587982,-0.10090435296297073,0.9871461987495422,0.925609827041626,0.21202363073825836,-0.02249906398355961,0.9584173560142517,0.9252902269363403,0.21019785106182098,-0.1486315280199051,0.9854183793067932,0.9323564767837524,0.2412296086549759,-0.05879587307572365,0.978289783000946,0.9314013719558716,0.24097786843776703,-0.09534604102373123,0.9894675612449646,0.9051295518875122,0.28948184847831726,0.0669085830450058,0.9937478303909302,0.8965948820114136,0.2856404483318329,-0.20134392380714417,0.9998522996902466,0.9022245407104492,0.3970814645290375,0.09400951117277145,0.018742544576525688,0.8942966461181641,0.3979550898075104,-0.23789478838443756,0.9504603147506714,0.9125984907150269,0.4909957945346832,0.06337684392929077,0.03079502284526825,0.9109861254692078,0.49619102478027344,-0.23339039087295532,0.9112179279327393,0.9132431149482727,0.5163723826408386,0.06879350543022156,0.04169491305947304,0.9116147756576538,0.525754451751709,-0.26172536611557007,0.8920034170150757,0.9151970148086548,0.5183205604553223,0.045600999146699905,0.04144144430756569,0.9140035510063171,0.5265644192695618,-0.2515178620815277,0.8819528222084045,0.9142386317253113,0.5109310150146484,0.05206770449876785,0.04307907074689865,0.9136110544204712,0.5177004337310791,-0.22892215847969055,0.8242036700248718,0.8869062066078186,0.49302950501441956,0.07986429333686829,0.9953182935714722,0.8898970484733582,0.4897894263267517,-0.07982729375362396,0.9969862699508667,0.8938615918159485,0.6248418688774109,0.10920829325914383,0.3883081078529358,0.9199432730674744,0.6235185265541077,-0.05648356303572655,0.9773856997489929,0.8879777789115906,0.7713516354560852,0.1795005351305008,0.673746645450592,0.9060443043708801,0.7761526107788086,0.011238379403948784,0.9782301783561707,0.8811102509498596,0.8051301836967468,0.18239954113960266,0.7123133540153503,0.896039605140686,0.7975461483001709,0.014062556438148022,0.9301548600196838,0.918069064617157,0.8106933832168579,0.13997648656368256,0.7811987996101379,0.9399079084396362,0.8149005770683289,-0.04113459214568138,0.9651545286178589,PD_Early,004_PD_01_MD.MOV
0.9386059045791626,0.23228557407855988,-0.07664060592651367,0.9899249076843262,0.9382510781288147,0.214694082736969,-0.06815234571695328,0.9783775806427002,0.9375446438789368,0.21349415183067322,-0.06818274408578873,0.9777075052261353,0.93682861328125,0.2127135694026947,-0.06817721575498581,0.9800941348075867,0.9383952617645264,0.21447578072547913,-0.09598436206579208,0.982935905456543,0.9378160238265991,0.21300186216831207,-0.09601282328367233,0.9851464033126831,0.9372268319129944,0.21193598210811615,-0.09608643501996994,0.9867098927497864,0.9277248382568359,0.21225999295711517,-0.02007114887237549,0.9552901387214661,0.92777019739151,0.2107999473810196,-0.14543195068836212,0.9847826957702637,0.9340261816978455,0.24187780916690826,-0.05480801314115524,0.9772797226905823,0.933227002620697,0.2416612058877945,-0.09112700074911118,0.9890769720077515,0.9056521654129028,0.2889168858528137,0.0654088705778122,0.9934279918670654,0.8990334868431091,0.28593710064888,-0.1986834853887558,0.9998480081558228,0.9034332036972046,0.3961027264595032,0.08888693898916245,0.018385857343673706,0.8965545892715454,0.3993912637233734,-0.23734182119369507,0.9502420425415039,0.9146588444709778,0.49052944779396057,0.056520722806453705,0.030343567952513695,0.9152221083641052,0.497565895318985,-0.22900892794132233,0.9113608598709106,0.9145789742469788,0.5164088606834412,0.06142079085111618,0.04120819270610809,0.9161797761917114,0.525621771812439,-0.25613677501678467,0.8920655846595764,0.9173393249511719,0.5178664326667786,0.039518699049949646,0.04097696393728256,0.9182617664337158,0.5260429978370667,-0.2464691698551178,0.8819584846496582,0.9152287840843201,0.5109653472900391,0.045609306544065475,0.042675185948610306,0.9175807237625122,0.5176318883895874,-0.2246444672346115,0.824137270450592,0.8903136849403381,0.4927232563495636,0.07862939685583115,0.9949381351470947,0.8930914998054504,0.4900609850883484,-0.07858709245920181,0.9968082308769226,0.8961572051048279,0.6249025464057922,0.10839153826236725,0.3868412375450134,0.9206201434135437,0.6251639127731323,-0.05291855335235596,0.9772320985794067,0.8875486254692078,0.7707923650741577,0.17945808172225952,0.6729422211647034,0.9055884480476379,0.776853084564209,0.012069945223629475,0.9784193634986877,0.8803950548171997,0.8040245175361633,0.18230986595153809,0.7119900584220886,0.8955771923065186,0.7978419065475464,0.014484550803899765,0.9308568835258484,0.9126793742179871,0.8031970858573914,0.14030762016773224,0.7810471653938293,0.9392483234405518,0.8146050572395325,-0.03809479996562004,0.9650293588638306,PD_Early,004_PD_01_MD.MOV
0.9410913586616516,0.23182937502861023,-0.0860949382185936,0.9890458583831787,0.9408281445503235,0.21424053609371185,-0.07682880759239197,0.9765831232070923,0.9401636719703674,0.21302111446857452,-0.07685479521751404,0.9756409525871277,0.9395354986190796,0.21220143139362335,-0.0768437534570694,0.9783748984336853,0.9408852458000183,0.21416950225830078,-0.1049623191356659,0.9818788170814514,0.9403003454208374,0.21278135478496552,-0.10499254614114761,0.9841991066932678,0.9397426247596741,0.21177120506763458,-0.10507678240537643,0.9860764145851135,0.9302743673324585,0.21181516349315643,-0.025974111631512642,0.9498625993728638,0.9299402832984924,0.21073970198631287,-0.152508944272995,0.9837619066238403,0.9364151358604431,0.24138502776622772,-0.06320439279079437,0.9754899740219116,0.9356639385223389,0.2412230372428894,-0.09986808896064758,0.9883486032485962,0.9077416062355042,0.287239670753479,0.059880636632442474,0.9928650856018066,0.9015926718711853,0.2860042452812195,-0.20329710841178894,0.9998431205749512,0.9038783311843872,0.3943563401699066,0.0804874375462532,0.017974549904465675,0.8988004922866821,0.40081045031547546,-0.23923788964748383,0.9486997723579407,0.9145623445510864,0.4880216717720032,0.04177180677652359,0.02947833202779293,0.9166794419288635,0.49824461340904236,-0.23059290647506714,0.9086722731590271,0.9157975912094116,0.5106132626533508,0.04520083963871002,0.04017208516597748,0.9184626340866089,0.5250391364097595,-0.25758641958236694,0.8887888789176941,0.9180612564086914,0.5112278461456299,0.024500306695699692,0.03996601700782776,0.9207188487052917,0.5244963765144348,-0.24863219261169434,0.8783247470855713,0.9172449111938477,0.5062780976295471,0.031035225838422775,0.041654422879219055,0.9198739528656006,0.5168396830558777,-0.22646783292293549,0.8187795877456665,0.8948041796684265,0.4896005690097809,0.07856323570013046,0.9946193099021912,0.8971856832504272,0.4888874888420105,-0.07853090018033981,0.9967173337936401,0.8979578614234924,0.6237350106239319,0.12231124937534332,0.38561463356018066,0.9214826226234436,0.6265804767608643,-0.038269203156232834,0.9756960868835449,0.8872864246368408,0.7628805041313171,0.20596076548099518,0.6737149953842163,0.9049528241157532,0.7774142026901245,0.038563888520002365,0.9780169725418091,0.8799892067909241,0.7866443395614624,0.2104514092206955,0.71281898021698,0.8949548006057739,0.798763632774353,0.04221213981509209,0.9302479028701782,0.910243034362793,0.7862582206726074,0.17143575847148895,0.7831825613975525,0.9397680759429932,0.810802698135376,-0.014998084865510464,0.964479386806488,PD_Early,004_PD_01_MD.MOV
0.9417617321014404,0.22918768227100372,-0.0889347717165947,0.9881173372268677,0.9410635232925415,0.21163812279701233,-0.08024073392152786,0.9743831753730774,0.9404119253158569,0.21058818697929382,-0.08026584982872009,0.9733722805976868,0.9396952390670776,0.20987851917743683,-0.08025231957435608,0.9763984680175781,0.9411281943321228,0.211609348654747,-0.10792506486177444,0.9804894924163818,0.9405539631843567,0.21042440831661224,-0.10795841366052628,0.9831647872924805,0.9399112462997437,0.20954138040542603,-0.1080489233136177,0.9852631092071533,0.93098384141922,0.2104177325963974,-0.02996084652841091,0.9451096057891846,0.9303786158561707,0.2094346433877945,-0.15433774888515472,0.9825725555419922,0.9374263286590576,0.2394786924123764,-0.06615998595952988,0.9738783836364746,0.93680739402771,0.23916998505592346,-0.10217462480068207,0.987674355506897,0.9107171297073364,0.28694966435432434,0.05764758959412575,0.9922014474868774,0.9031637907028198,0.28599533438682556,-0.2038194239139557,0.999838650226593,0.908470094203949,0.3930548429489136,0.08104245364665985,0.017665106803178787,0.900809109210968,0.40063589811325073,-0.2374744713306427,0.9460608959197998,0.9182430505752563,0.4855175018310547,0.048021357506513596,0.029070338234305382,0.9173893332481384,0.4981750547885895,-0.23178018629550934,0.9066020846366882,0.9191821813583374,0.5069482922554016,0.05266707390546799,0.03974465653300285,0.9188866019248962,0.5249082446098328,-0.25878259539604187,0.8867061734199524,0.9220370054244995,0.5081917643547058,0.03156748041510582,0.039547860622406006,0.9214765429496765,0.5230191349983215,-0.25006580352783203,0.8756406307220459,0.9210383296012878,0.5036493539810181,0.037425149232149124,0.04128827154636383,0.9206492304801941,0.5154884457588196,-0.22780390083789825,0.8151167035102844,0.8993844389915466,0.4882749915122986,0.07760803401470184,0.9942297339439392,0.8985642790794373,0.48810672760009766,-0.07756383717060089,0.9965834617614746,0.901096761226654,0.6234514713287354,0.11926064640283585,0.3763657808303833,0.9215495586395264,0.6271324157714844,-0.03778555244207382,0.972834587097168,0.8869890570640564,0.7621179819107056,0.1985870748758316,0.6612011194229126,0.9049054384231567,0.7810510993003845,0.034237392246723175,0.9760908484458923,0.8797246813774109,0.7845627069473267,0.20293404161930084,0.7065621018409729,0.8953189849853516,0.8016883134841919,0.037525832653045654,0.9282804131507874,0.9102553129196167,0.7836130261421204,0.1669725924730301,0.7764759063720703,0.9423514604568481,0.8104596734046936,-0.018441565334796906,0.9617220759391785,PD_Early,004_PD_01_MD.MOV
0.9423987865447998,0.22904737293720245,-0.087983638048172,0.9879016280174255,0.9413305521011353,0.21102727949619293,-0.07944741100072861,0.9738277792930603,0.9406217336654663,0.20997169613838196,-0.07947573810815811,0.9727478623390198,0.9399566650390625,0.20929832756519318,-0.07946393638849258,0.9759793877601624,0.9412030577659607,0.21099087595939636,-0.1071806475520134,0.9801433682441711,0.9404597878456116,0.20981651544570923,-0.10721124708652496,0.9829155206680298,0.9397372007369995,0.20897243916988373,-0.1072971448302269,0.9851037263870239,0.9317382574081421,0.2102842777967453,-0.029615584760904312,0.9436410069465637,0.930210292339325,0.20917439460754395,-0.15409371256828308,0.9821584820747375,0.9381948709487915,0.23956479132175446,-0.0654035210609436,0.9736564755439758,0.9374009966850281,0.23929892480373383,-0.10143905133008957,0.9875465035438538,0.9134618639945984,0.28703197836875916,0.05826370045542717,0.992001473903656,0.9041138291358948,0.2866327166557312,-0.20429617166519165,0.9998331665992737,0.9106093049049377,0.39176860451698303,0.08300654590129852,0.01741492934525013,0.9029102325439453,0.4005843997001648,-0.23702028393745422,0.9438570737838745,0.9194822311401367,0.48459959030151367,0.04880738630890846,0.0291360504925251,0.9200220108032227,0.49801957607269287,-0.23269443213939667,0.9045467376708984,0.9201965928077698,0.5074660181999207,0.052294593304395676,0.04005667194724083,0.9218341112136841,0.5230457186698914,-0.2598413825035095,0.8845623731613159,0.9218236804008484,0.5070275664329529,0.031238330528140068,0.03987007960677147,0.9236751198768616,0.5198875665664673,-0.2518271803855896,0.8729360699653625,0.9212505221366882,0.502632200717926,0.038139667361974716,0.04162152111530304,0.9227007031440735,0.5126742720603943,-0.22899460792541504,0.8114208579063416,0.9052391648292542,0.4879895746707916,0.0776142030954361,0.9940659999847412,0.9004179239273071,0.48796653747558594,-0.07757118344306946,0.9965000748634338,0.9086361527442932,0.6235820055007935,0.11796925216913223,0.36723536252975464,0.9230417013168335,0.6274957656860352,-0.04119240120053291,0.9698370695114136,0.8872098326683044,0.7625671029090881,0.19677281379699707,0.6499601006507874,0.9044599533081055,0.7827188372612,0.030843688175082207,0.9739059209823608,0.8794571161270142,0.7851646542549133,0.20018270611763,0.701422393321991,0.894589364528656,0.8028994798660278,0.035306353121995926,0.9254375696182251,0.9126614332199097,0.785344660282135,0.1610625684261322,0.7715021967887878,0.9433175325393677,0.8110798001289368,-0.024060308933258057,0.9590837359428406,PD_Early,004_PD_01_MD.MOV
0.9445720911026001,0.22880913317203522,-0.09191964566707611,0.9880412220954895,0.9430640935897827,0.21077685058116913,-0.08365640789270401,0.9742231369018555,0.9422006607055664,0.20964288711547852,-0.08369097858667374,0.9732106924057007,0.9413940906524658,0.20890207588672638,-0.08368245512247086,0.9764582514762878,0.9430620074272156,0.21089018881320953,-0.11197879165410995,0.980311930179596,0.9423759579658508,0.20976248383522034,-0.11200383305549622,0.9831327795982361,0.9416701793670654,0.2089550793170929,-0.11208022385835648,0.9852683544158936,0.9326082468032837,0.21029089391231537,-0.03379504382610321,0.9446636438369751,0.9315711259841919,0.20919570326805115,-0.16090895235538483,0.982337236404419,0.9401602149009705,0.2391694188117981,-0.06922510266304016,0.9740956425666809,0.9396088719367981,0.23915815353393555,-0.10601499676704407,0.9877080917358398,0.914530873298645,0.2870568335056305,0.057411279529333115,0.9920864105224609,0.9069505929946899,0.288734495639801,-0.2112772911787033,0.9998248815536499,0.9106754064559937,0.39040908217430115,0.08454369753599167,0.01686619035899639,0.9116165041923523,0.4019191265106201,-0.2433888018131256,0.939311146736145,0.920037031173706,0.48466429114341736,0.05304934084415436,0.028647607192397118,0.9232008457183838,0.49800634384155273,-0.2391374707221985,0.899888277053833,0.9191392064094543,0.5045393705368042,0.05826176330447197,0.039678968489170074,0.9244275689125061,0.5224694609642029,-0.2672538161277771,0.8800911903381348,0.9218830466270447,0.5058103203773499,0.036616191267967224,0.039471644908189774,0.9255821108818054,0.5176988244056702,-0.2584623694419861,0.8676509857177734,0.9210976958274841,0.5016303062438965,0.04228745773434639,0.04125821217894554,0.9250302910804749,0.5110496282577515,-0.2354951649904251,0.804389238357544,0.906988799571991,0.4875812232494354,0.07889191061258316,0.9942267537117004,0.9025514721870422,0.48791831731796265,-0.07885399460792542,0.9965168833732605,0.9130645990371704,0.6243618726730347,0.11683090776205063,0.3621821999549866,0.924273669719696,0.6270596385002136,-0.04484246298670769,0.9681739211082458,0.8878966569900513,0.7624611854553223,0.19473178684711456,0.6472917199134827,0.9044284224510193,0.7808763980865479,0.02882111445069313,0.9724685549736023,0.8795990347862244,0.7841033935546875,0.19822075963020325,0.70097416639328,0.8942113518714905,0.8024939894676208,0.032891809940338135,0.9230728149414062,0.9159538745880127,0.7861995100975037,0.15866845846176147,0.7715252637863159,0.9445933699607849,0.8110471963882446,-0.025371216237545013,0.9575169086456299,PD_Early,004_PD_01_MD.MOV
0.9456560611724854,0.2243521511554718,-0.09088559448719025,0.9876484274864197,0.9435485005378723,0.2072514295578003,-0.08277299255132675,0.9735049605369568,0.9427191019058228,0.20623405277729034,-0.08280869573354721,0.9725826978683472,0.9419013857841492,0.20558011531829834,-0.08280117064714432,0.976028323173523,0.9436872005462646,0.20790213346481323,-0.1103072538971901,0.9796327352523804,0.9430497288703918,0.20720617473125458,-0.11033065617084503,0.9825626611709595,0.9423841834068298,0.20678049325942993,-0.11040925234556198,0.9848005771636963,0.9329054355621338,0.20853950083255768,-0.03453509137034416,0.9435867667198181,0.9326043725013733,0.2084553986787796,-0.1581510603427887,0.9816171526908875,0.9415605664253235,0.23494024574756622,-0.06873521953821182,0.9733778238296509,0.9411957859992981,0.2356591373682022,-0.10450045764446259,0.9873191118240356,0.9135570526123047,0.28651946783065796,0.05464814603328705,0.9919859170913696,0.9099637866020203,0.2898034155368805,-0.20800447463989258,0.9998134970664978,0.9091847538948059,0.3891327679157257,0.08074519783258438,0.016157103702425957,0.9153831005096436,0.4035986363887787,-0.2429853230714798,0.9323266744613647,0.9189751148223877,0.4825916290283203,0.05366028845310211,0.027814524248242378,0.9259512424468994,0.4980195164680481,-0.23567704856395721,0.8904841542243958,0.9180412292480469,0.5025238394737244,0.0587150938808918,0.038929108530282974,0.927045464515686,0.5212939381599426,-0.26318639516830444,0.8712785243988037,0.92142254114151,0.5043545365333557,0.03771408274769783,0.03868705406785011,0.9287961721420288,0.517110288143158,-0.25542721152305603,0.8577538728713989,0.9212759137153625,0.5003005266189575,0.04324167221784592,0.040423545986413956,0.9279021620750427,0.5105200409889221,-0.23262113332748413,0.7922786474227905,0.9065013527870178,0.4869817793369293,0.07887843251228333,0.994333028793335,0.9054481387138367,0.4879334568977356,-0.07884249836206436,0.9965602159500122,0.9123183488845825,0.6241953372955322,0.1263548880815506,0.3585160970687866,0.9251392483711243,0.6279444694519043,-0.035476766526699066,0.9667947888374329,0.8874865174293518,0.7599827647209167,0.20841550827026367,0.6456221342086792,0.9064010381698608,0.7806873321533203,0.042711954563856125,0.9715187549591064,0.8790438175201416,0.780769944190979,0.21324048936367035,0.6997828483581543,0.8960455656051636,0.8029984831809998,0.04680843651294708,0.921454668045044,0.9156437516212463,0.7837691307067871,0.1817750185728073,0.7728490829467773,0.9474304914474487,0.8105931282043457,-0.006675603333860636,0.9565936326980591,PD_Early,004_PD_01_MD.MOV
0.9463161826133728,0.21736012399196625,-0.08810217678546906,0.9831169843673706,0.9439383149147034,0.2019156515598297,-0.07996902614831924,0.9666311740875244,0.943119466304779,0.20117945969104767,-0.08000580966472626,0.9662386775016785,0.9422870874404907,0.2007673978805542,-0.07999841868877411,0.9707194566726685,0.9442196488380432,0.20281076431274414,-0.10773780196905136,0.9733015894889832,0.94366055727005,0.2022436112165451,-0.10776049643754959,0.9773021936416626,0.9430662393569946,0.20206280052661896,-0.10784506797790527,0.9799493551254272,0.933053731918335,0.20567640662193298,-0.03234001621603966,0.9332026243209839,0.9334173798561096,0.2064373791217804,-0.15737269818782806,0.9756853580474854,0.9423405528068542,0.22869262099266052,-0.06616330146789551,0.9667119383811951,0.9422435760498047,0.2298509031534195,-0.10223457217216492,0.9832369685173035,0.9124057292938232,0.2855348587036133,0.05614367872476578,0.9917377829551697,0.9134248495101929,0.2897232472896576,-0.20892305672168732,0.9997803568840027,0.9099448323249817,0.387402206659317,0.08442769944667816,0.015433723106980324,0.9172095656394958,0.40353402495384216,-0.24112799763679504,0.9220155477523804,0.9206737279891968,0.4750380218029022,0.06679917126893997,0.02722109481692314,0.9311790466308594,0.4953966438770294,-0.2352665513753891,0.8815878629684448,0.9189164042472839,0.4998931288719177,0.07321086525917053,0.038512829691171646,0.9311855435371399,0.5168558359146118,-0.26329487562179565,0.863531768321991,0.9227927327156067,0.5017004013061523,0.05253557488322258,0.03822517767548561,0.9329848885536194,0.5110564231872559,-0.2548760175704956,0.8486967086791992,0.923270046710968,0.4942712187767029,0.05671946704387665,0.03992417827248573,0.9323257207870483,0.5055558085441589,-0.2319948822259903,0.7802993655204773,0.9065366983413696,0.485462486743927,0.08118999004364014,0.9943817257881165,0.9078791737556458,0.4877723455429077,-0.08118967711925507,0.9964883923530579,0.9130975604057312,0.6240414381027222,0.13047219812870026,0.3415139317512512,0.9254966378211975,0.627910315990448,-0.0364997498691082,0.9597449898719788,0.8876628875732422,0.7584582567214966,0.21250249445438385,0.6241645812988281,0.9058915972709656,0.7804396748542786,0.0450887605547905,0.9659955501556396,0.8790098428726196,0.7788588404655457,0.21751748025417328,0.6846605539321899,0.8957768678665161,0.8025280833244324,0.04941966384649277,0.9144699573516846,0.9183560609817505,0.7811720967292786,0.18730702996253967,0.7602925300598145,0.9492369890213013,0.8080692887306213,-0.0037888374645262957,0.9506087303161621,PD_Early,004_PD_01_MD.MOV
0.9451398849487305,0.21579134464263916,-0.07472623139619827,0.9800888299942017,0.9435989260673523,0.20024049282073975,-0.06754691898822784,0.9619637131690979,0.9428207874298096,0.19959166646003723,-0.0675860121846199,0.9615275859832764,0.9420644044876099,0.19925163686275482,-0.06757624447345734,0.967013418674469,0.9436475038528442,0.20107676088809967,-0.0953105166554451,0.9695637822151184,0.9429966807365417,0.2007312774658203,-0.09532823413610458,0.9739875793457031,0.9423550367355347,0.2006588578224182,-0.09543593227863312,0.9770243167877197,0.9326245188713074,0.2041255682706833,-0.02532590553164482,0.9246905446052551,0.9323882460594177,0.2049359232187271,-0.14984433352947235,0.9714905023574829,0.9409516453742981,0.22723188996315002,-0.05471992865204811,0.9627741575241089,0.9406953454017639,0.22845010459423065,-0.09071649610996246,0.9810556173324585,0.9116349816322327,0.2856096923351288,0.06217150390148163,0.9913899302482605,0.9139558672904968,0.28956061601638794,-0.2069684863090515,0.9997634291648865,0.910384476184845,0.38745659589767456,0.09629423916339874,0.014789020642638206,0.9195518493652344,0.40261778235435486,-0.23670002818107605,0.9156053066253662,0.9209699034690857,0.47666800022125244,0.08271505683660507,0.026713289320468903,0.9310349225997925,0.4952569007873535,-0.23271234333515167,0.8772128224372864,0.9196706414222717,0.4997900426387787,0.08938505500555038,0.03807801380753517,0.930746853351593,0.516075074672699,-0.2608327269554138,0.8598417043685913,0.9236752986907959,0.501555860042572,0.06830987334251404,0.03777564316987991,0.9327135682106018,0.511385440826416,-0.25307032465934753,0.844021737575531,0.9233413338661194,0.4955305755138397,0.07240535318851471,0.039456557482481,0.932374119758606,0.5055841207504272,-0.22971132397651672,0.7739105820655823,0.9077171683311462,0.4854801893234253,0.08180820196866989,0.9944624304771423,0.9102161526679993,0.4876094162464142,-0.0818273052573204,0.996491551399231,0.9151880741119385,0.6240347027778625,0.13324540853500366,0.3245266377925873,0.9263092875480652,0.6279438138008118,-0.031086502596735954,0.9529671669006348,0.8898827433586121,0.758339524269104,0.2157590389251709,0.5996460318565369,0.9056988954544067,0.7806791663169861,0.04903066158294678,0.9618529677391052,0.8806372284889221,0.777877688407898,0.22087322175502777,0.6665600538253784,0.8957914710044861,0.8030692338943481,0.053044360131025314,0.9104040861129761,0.9229662418365479,0.7819972038269043,0.1904078871011734,0.7451584935188293,0.948348343372345,0.8072537183761597,-0.002386899432167411,0.9465329051017761,PD_Early,004_PD_01_MD.MOV
0.9446216821670532,0.21468408405780792,-0.04904627427458763,0.9768355488777161,0.9421626329421997,0.19955439865589142,-0.04203397035598755,0.9574356079101562,0.9414768218994141,0.19901205599308014,-0.04208076745271683,0.9570066928863525,0.9407933950424194,0.19876742362976074,-0.04207547381520271,0.9632967114448547,0.9422377943992615,0.20014631748199463,-0.06924940645694733,0.9655991792678833,0.9416531920433044,0.19983398914337158,-0.06926251947879791,0.9703959822654724,0.9410523772239685,0.1993461549282074,-0.069369837641716,0.9737260341644287,0.9312645196914673,0.20350441336631775,-0.003475797362625599,0.9172025322914124,0.9323136806488037,0.20372159779071808,-0.12504194676876068,0.9673525094985962,0.9404365420341492,0.226173534989357,-0.03076377511024475,0.9589679837226868,0.9400478005409241,0.22721099853515625,-0.0659499391913414,0.9788344502449036,0.9111143946647644,0.28571560978889465,0.07816718518733978,0.9908314943313599,0.9143579602241516,0.2893805503845215,-0.18734097480773926,0.9997363686561584,0.9095937013626099,0.3866463601589203,0.10855076462030411,0.01399038452655077,0.9187986850738525,0.4015963077545166,-0.21800370514392853,0.9068441390991211,0.922077476978302,0.47559577226638794,0.09359931200742722,0.025289403274655342,0.9314247369766235,0.49243226647377014,-0.21133610606193542,0.8677447438240051,0.92170250415802,0.49958333373069763,0.09983210265636444,0.03629593923687935,0.9312928915023804,0.514334499835968,-0.23679475486278534,0.8507375121116638,0.9258548021316528,0.5010026097297668,0.07969440519809723,0.036004144698381424,0.9329634308815002,0.5107511281967163,-0.22934433817863464,0.8334448933601379,0.9246304035186768,0.49331551790237427,0.08335945010185242,0.0376812107861042,0.9325092434883118,0.5036103129386902,-0.2082718461751938,0.7610819339752197,0.9080232977867126,0.48550283908843994,0.08206561207771301,0.994555652141571,0.9116947054862976,0.48762190341949463,-0.08208611607551575,0.996494710445404,0.9170514941215515,0.6239604353904724,0.13247504830360413,0.31047606468200684,0.9272867441177368,0.6276291012763977,-0.034237220883369446,0.9490944147109985,0.8916445374488831,0.758564293384552,0.20114758610725403,0.5840916037559509,0.9054442048072815,0.7805107235908508,0.04657404124736786,0.9602439403533936,0.8815306425094604,0.7771956324577332,0.2045142948627472,0.65531986951828,0.895612359046936,0.8028697967529297,0.048329852521419525,0.9086501002311707,0.9259607791900635,0.7830327153205872,0.17306144535541534,0.7363834381103516,0.9478909373283386,0.8064502477645874,-0.011335230432450771,0.945045530796051,PD_Early,004_PD_01_MD.MOV
0.9440991282463074,0.21475963294506073,-0.07080819457769394,0.9732663035392761,0.9415938258171082,0.19956639409065247,-0.06257794797420502,0.9513500332832336,0.9408921003341675,0.19898943603038788,-0.06262203305959702,0.9504187107086182,0.9402005076408386,0.1987064927816391,-0.06260798126459122,0.9580798745155334,0.9417029023170471,0.20008710026741028,-0.09185989201068878,0.9608991742134094,0.9411166906356812,0.19972540438175201,-0.09187199920415878,0.9662811160087585,0.9405146241188049,0.1993340402841568,-0.09199406206607819,0.9700460433959961,0.9308944344520569,0.20304842293262482,-0.01331892516463995,0.9039437770843506,0.9317269921302795,0.20306873321533203,-0.14441488683223724,0.9621179699897766,0.9401400685310364,0.22585147619247437,-0.04789967089891434,0.9532784819602966,0.9398806691169739,0.22676120698451996,-0.08592240512371063,0.9755269885063171,0.9120848774909973,0.2858108580112457,0.07413623481988907,0.9902191758155823,0.9145458340644836,0.2890395522117615,-0.20404423773288727,0.9997053742408752,0.9128106832504272,0.38679537177085876,0.10637076199054718,0.013295541517436504,0.9207488894462585,0.40157350897789,-0.23775486648082733,0.9028894901275635,0.9245249629020691,0.4763365685939789,0.08560175448656082,0.025098701938986778,0.9325450658798218,0.49320000410079956,-0.23535436391830444,0.8662550449371338,0.9246916174888611,0.5000889897346497,0.0915738046169281,0.03636275604367256,0.9326661825180054,0.5152792930603027,-0.26385626196861267,0.8490848541259766,0.9289941191673279,0.5013638734817505,0.06993084400892258,0.036101941019296646,0.934769868850708,0.5139290690422058,-0.2561042308807373,0.8310816884040833,0.9283770322799683,0.49431049823760986,0.07480858266353607,0.037780728191137314,0.9344732761383057,0.5058737397193909,-0.23210670053958893,0.7569849491119385,0.9102429151535034,0.48561933636665344,0.08447148650884628,0.9944462776184082,0.9133002758026123,0.4875164330005646,-0.08452367037534714,0.9963237047195435,0.9185940623283386,0.6237941980361938,0.13140393793582916,0.29587504267692566,0.9286576509475708,0.6276206970214844,-0.036540620028972626,0.9425321817398071,0.8948662281036377,0.7585362792015076,0.208087757229805,0.5656998753547668,0.9044023156166077,0.7803847193717957,0.04191375523805618,0.9570456147193909,0.8848020434379578,0.7770309448242188,0.21193739771842957,0.6426696181297302,0.8940901160240173,0.8026910424232483,0.04447571933269501,0.9043758511543274,0.9306588768959045,0.7836188077926636,0.17636863887310028,0.7259823679924011,0.9473098516464233,0.8064721822738647,-0.015532887540757656,0.9419095516204834,PD_Early,004_PD_01_MD.MOV
0.9453335404396057,0.21573752164840698,-0.0814291387796402,0.9614488482475281,0.9422730803489685,0.20015177130699158,-0.07269665598869324,0.9329459071159363,0.9412557482719421,0.19949159026145935,-0.07273660600185394,0.9310849905014038,0.9404571652412415,0.19916410744190216,-0.07271953672170639,0.9417497515678406,0.9423547387123108,0.20060046017169952,-0.10273345559835434,0.946804940700531,0.9414291381835938,0.2001127451658249,-0.10275609791278839,0.9537175893783569,0.9407107830047607,0.19969850778579712,-0.10288777947425842,0.9587942957878113,0.9315139651298523,0.2033010870218277,-0.02051970548927784,0.8713328242301941,0.9323316812515259,0.20319612324237823,-0.15545687079429626,0.947629988193512,0.9416248202323914,0.2267034351825714,-0.057432010769844055,0.9360668659210205,0.941143810749054,0.22755616903305054,-0.09642735123634338,0.9657882452011108,0.9131200909614563,0.2861016094684601,0.07230566442012787,0.989118754863739,0.9156456589698792,0.2889968454837799,-0.2132323831319809,0.9996626377105713,0.9150492548942566,0.3869149684906006,0.10706855356693268,0.012651086784899235,0.9211652278900146,0.40288469195365906,-0.24667945504188538,0.9003602862358093,0.9265609383583069,0.47511184215545654,0.08333083987236023,0.0248687993735075,0.9334538578987122,0.4976677894592285,-0.24358394742012024,0.8675248622894287,0.9262403845787048,0.5003923177719116,0.08915513008832932,0.03641309216618538,0.9337253570556641,0.5207087397575378,-0.2726319134235382,0.8503652811050415,0.9307786822319031,0.501349925994873,0.06716323643922806,0.0361771322786808,0.9361111521720886,0.5211527943611145,-0.2654203474521637,0.8322174549102783,0.9302891492843628,0.4949854612350464,0.07243459671735764,0.03781668469309807,0.9353705644607544,0.5141371488571167,-0.24037136137485504,0.7573819756507874,0.9114260077476501,0.48738759756088257,0.08734284341335297,0.9940319657325745,0.915136992931366,0.48869696259498596,-0.08740770071744919,0.9959607720375061,0.9191660284996033,0.623842716217041,0.14247961342334747,0.2837350368499756,0.9313734173774719,0.6286695003509521,-0.036829546093940735,0.93506920337677,0.8967556357383728,0.7574889063835144,0.23319250345230103,0.5469229817390442,0.9047885537147522,0.7803950309753418,0.04881579428911209,0.9534066915512085,0.8867411017417908,0.7768716812133789,0.23840849101543427,0.6300853490829468,0.8940483927726746,0.802975058555603,0.05308877304196358,0.9005231261253357,0.9313080906867981,0.7833952307701111,0.20401248335838318,0.7138673663139343,0.9470279216766357,0.8074164986610413,-0.006894162390381098,0.9382335543632507,PD_Early,004_PD_01_MD.MOV
0.9471811652183533,0.21589891612529755,-0.08994638174772263,0.9503908753395081,0.9439859390258789,0.19998487830162048,-0.08075015246868134,0.9150955080986023,0.9431068301200867,0.1992993801832199,-0.08078621327877045,0.911212146282196,0.9423360228538513,0.19894231855869293,-0.08076559752225876,0.9251959919929504,0.943928062915802,0.20030899345874786,-0.11113341152667999,0.934116005897522,0.9430431127548218,0.19972707331180573,-0.11116446554660797,0.9419153332710266,0.9418408870697021,0.19916877150535583,-0.11130429804325104,0.9490139484405518,0.9332581162452698,0.20284588634967804,-0.02672073245048523,0.8390907645225525,0.9335829615592957,0.20242567360401154,-0.1633531153202057,0.9358342885971069,0.9436932802200317,0.22687214612960815,-0.06546399742364883,0.923109233379364,0.9431657195091248,0.22767473757266998,-0.10486181825399399,0.9589101076126099,0.9159964323043823,0.28541094064712524,0.07193199545145035,0.9883079528808594,0.9147678017616272,0.28826797008514404,-0.22084124386310577,0.9996484518051147,0.9163076877593994,0.3869943618774414,0.10446903854608536,0.012147786095738411,0.9198437333106995,0.40284231305122375,-0.2549368143081665,0.9012504816055298,0.9265558123588562,0.47552627325057983,0.07079844921827316,0.02480296790599823,0.9320636987686157,0.5025596618652344,-0.25212109088897705,0.8708184957504272,0.9273026585578918,0.5006944537162781,0.07250123471021652,0.036574505269527435,0.9325145483016968,0.5269606709480286,-0.28140926361083984,0.8532614707946777,0.9308924078941345,0.5015472173690796,0.05091104283928871,0.03641711175441742,0.9353631734848022,0.5285630822181702,-0.2759767770767212,0.8353275656700134,0.9306325912475586,0.4954303205013275,0.05932049825787544,0.038021575659513474,0.9350203275680542,0.5202739834785461,-0.24940185248851776,0.7607355713844299,0.9150056838989258,0.4874693751335144,0.08832023292779922,0.9936943054199219,0.915517270565033,0.48872867226600647,-0.0883767157793045,0.9956978559494019,0.9215088486671448,0.6239292025566101,0.1433044821023941,0.26863133907318115,0.9320775270462036,0.6294823884963989,-0.03597871586680412,0.9224275350570679,0.8993914127349854,0.7575855851173401,0.23559609055519104,0.522241473197937,0.9049028754234314,0.7803331017494202,0.05451042950153351,0.945932149887085,0.8896923065185547,0.777380108833313,0.2408245950937271,0.6135900616645813,0.8940519094467163,0.8030153512954712,0.05915011093020439,0.8945013284683228,0.9342510104179382,0.7835591435432434,0.2031458467245102,0.6960459351539612,0.9467594027519226,0.8074259161949158,-0.004212760366499424,0.9316895008087158,PD_Early,004_PD_01_MD.MOV
0.9494146704673767,0.21625936031341553,-0.10298669338226318,0.9436131119728088,0.9461299180984497,0.20003697276115417,-0.09393494576215744,0.9022467136383057,0.9453578591346741,0.1993645876646042,-0.09397831559181213,0.8965679407119751,0.9446276426315308,0.19903211295604706,-0.09397172927856445,0.9126945734024048,0.9459604024887085,0.2005162537097931,-0.12310627102851868,0.9236449599266052,0.9451027512550354,0.19995206594467163,-0.12313319742679596,0.9317662119865417,0.9441280961036682,0.19941043853759766,-0.12325839698314667,0.9404574632644653,0.9354035258293152,0.20300590991973877,-0.040193311870098114,0.8166221976280212,0.9354197978973389,0.20256981253623962,-0.171550914645195,0.9255223870277405,0.9454222917556763,0.2273869514465332,-0.07859088480472565,0.9151870608329773,0.944891631603241,0.22801728546619415,-0.11649182438850403,0.9545754790306091,0.918248176574707,0.28612425923347473,0.052808333188295364,0.9879299402236938,0.9148592352867126,0.28814196586608887,-0.2230691909790039,0.9996363520622253,0.9150484204292297,0.39495986700057983,0.09112720936536789,0.011528799310326576,0.9173219799995422,0.403414249420166,-0.2572747468948364,0.9006665945053101,0.926260232925415,0.4784374237060547,0.05440901219844818,0.024010587483644485,0.9318132996559143,0.5048081278800964,-0.2557332217693329,0.8712154030799866,0.9282189011573792,0.5041544437408447,0.05318619683384895,0.03572307527065277,0.9324127435684204,0.5304135084152222,-0.2850150465965271,0.8530883193016052,0.9310235381126404,0.5041744112968445,0.03321903571486473,0.035615064203739166,0.935034453868866,0.5300350785255432,-0.28127771615982056,0.8350223898887634,0.9306296706199646,0.49880558252334595,0.043518099933862686,0.03722521290183067,0.9347152709960938,0.5219048261642456,-0.25383493304252625,0.7596564888954163,0.9188591837882996,0.4922444224357605,0.08786546438932419,0.9936278462409973,0.9168053865432739,0.493064820766449,-0.0879586860537529,0.9956080317497253,0.9247179627418518,0.6259710192680359,0.15076032280921936,0.2515438497066498,0.9324365258216858,0.6299201846122742,-0.014255331829190254,0.911187469959259,0.905474066734314,0.7591555714607239,0.25644779205322266,0.49765169620513916,0.9063320755958557,0.7801245450973511,0.09568063169717789,0.9404285550117493,0.8955526351928711,0.7829965949058533,0.2631071209907532,0.596936047077179,0.8951731324195862,0.8035898804664612,0.1029239073395729,0.8885783553123474,0.9415087103843689,0.7896104454994202,0.2240426242351532,0.6798961758613586,0.9467093348503113,0.8074766993522644,0.04285528510808945,0.92645663022995,PD_Early,004_PD_01_MD.MOV
0.9515673518180847,0.21658653020858765,-0.09687884896993637,0.9420098662376404,0.9486543536186218,0.2003418505191803,-0.08808829635381699,0.8985493779182434,0.9481040239334106,0.19963790476322174,-0.08813326805830002,0.891804039478302,0.9475536346435547,0.19927649199962616,-0.08812711387872696,0.9086976647377014,0.9482296109199524,0.2007513791322708,-0.11690092831850052,0.9211706519126892,0.9473991990089417,0.20012232661247253,-0.11692862212657928,0.9291782975196838,0.946510374546051,0.1995505541563034,-0.11704899370670319,0.9385659694671631,0.9394482970237732,0.20306813716888428,-0.03641849756240845,0.8084647059440613,0.9372302889823914,0.20263737440109253,-0.1660190373659134,0.9236147999763489,0.9475051760673523,0.2275426685810089,-0.0734267607331276,0.9142578840255737,0.9467822909355164,0.2282416820526123,-0.11085673421621323,0.954354465007782,0.9222185611724854,0.28710365295410156,0.05331403389573097,0.9877285957336426,0.9145300984382629,0.2881300747394562,-0.21855802834033966,0.9996363520622253,0.9170690774917603,0.3961392045021057,0.090550497174263,0.011319264769554138,0.915752649307251,0.40334266424179077,-0.2523004114627838,0.90308678150177,0.9284343123435974,0.4829632341861725,0.054668817669153214,0.024091392755508423,0.9311811327934265,0.5066767334938049,-0.25027498602867126,0.8748489022254944,0.93123859167099,0.5063455700874329,0.053437240421772,0.03587062284350395,0.9319544434547424,0.5318780541419983,-0.2788252830505371,0.8562239408493042,0.9357473850250244,0.5060513019561768,0.03344345837831497,0.035884540528059006,0.9352255463600159,0.5310510396957397,-0.2747669517993927,0.8386185169219971,0.932836651802063,0.49891334772109985,0.04379115626215935,0.0375392884016037,0.9346252679824829,0.5232428908348083,-0.24815966188907623,0.7639681100845337,0.9230815172195435,0.49357011914253235,0.08342763781547546,0.9935668706893921,0.9168965816497803,0.4937454164028168,-0.08348368853330612,0.9955432415008545,0.9328450560569763,0.6262573599815369,0.14615820348262787,0.2438858598470688,0.9318835735321045,0.6297531723976135,-0.017688250169157982,0.9060600399971008,0.9132108092308044,0.7611246109008789,0.238491490483284,0.484912246465683,0.9072503447532654,0.7796230912208557,0.08296883851289749,0.9364931583404541,0.9033240079879761,0.7839899659156799,0.24419726431369781,0.5886420011520386,0.8964948058128357,0.8034735321998596,0.0889500081539154,0.8832013607025146,0.950484573841095,0.7924960255622864,0.20600591599941254,0.6735868453979492,0.9476709961891174,0.8073537349700928,0.02690374106168747,0.9234917163848877,PD_Early,004_PD_01_MD.MOV
0.9535163044929504,0.21895389258861542,-0.10497535765171051,0.9403744339942932,0.9503875374794006,0.20104090869426727,-0.09591183811426163,0.8967270851135254,0.9497575759887695,0.20024904608726501,-0.09594808518886566,0.8892111778259277,0.9490894675254822,0.19977180659770966,-0.09593408554792404,0.9068694114685059,0.9498027563095093,0.2010962963104248,-0.12490403652191162,0.9195815324783325,0.9488146901130676,0.20025742053985596,-0.12493904680013657,0.9270709156990051,0.9477883577346802,0.19960634410381317,-0.12506307661533356,0.9371781945228577,0.9403142929077148,0.20350421965122223,-0.04275326430797577,0.8026687502861023,0.9380083680152893,0.20265884697437286,-0.17318864166736603,0.9218870997428894,0.9490476250648499,0.22941838204860687,-0.08110402524471283,0.9129642844200134,0.948200523853302,0.2294774055480957,-0.11878599226474762,0.9537218809127808,0.9208009243011475,0.2878934442996979,0.04813786596059799,0.9874124526977539,0.9154744744300842,0.28795522451400757,-0.22427335381507874,0.9996289610862732,0.9162901043891907,0.40094438195228577,0.07860036939382553,0.01099100150167942,0.9155077338218689,0.40356650948524475,-0.2570336163043976,0.9025698900222778,0.9281994700431824,0.48687541484832764,0.03747957572340965,0.02357778325676918,0.9298447370529175,0.5061730146408081,-0.25217562913894653,0.8734147548675537,0.9296375513076782,0.5120391249656677,0.035741619765758514,0.03515845537185669,0.9320053458213806,0.5317007303237915,-0.27994033694267273,0.8539834022521973,0.9343996047973633,0.5101341009140015,0.01562923938035965,0.035276222974061966,0.9354637861251831,0.5300735831260681,-0.27707213163375854,0.8367253541946411,0.9330078363418579,0.5017743110656738,0.026262186467647552,0.03693574666976929,0.934805691242218,0.5222838521003723,-0.25043371319770813,0.7614324688911438,0.9221979379653931,0.49332359433174133,0.08365780860185623,0.9935635924339294,0.918336808681488,0.49359866976737976,-0.08371229469776154,0.9954867959022522,0.9325426816940308,0.6267881989479065,0.14267227053642273,0.23816777765750885,0.9320515990257263,0.6285637021064758,-0.018367469310760498,0.9022423028945923,0.9152640104293823,0.7644108533859253,0.2319522500038147,0.4775436818599701,0.9095821380615234,0.7795820832252502,0.07070747762918472,0.9329209327697754,0.9040642380714417,0.7863137125968933,0.23722274601459503,0.5829853415489197,0.8985790610313416,0.8034391403198242,0.07600900530815125,0.8781248331069946,0.9511545300483704,0.795184314250946,0.20404832065105438,0.6706502437591553,0.9486169815063477,0.8073157072067261,0.016097748652100563,0.9212440848350525,PD_Early,004_PD_01_MD.MOV
0.9566527605056763,0.22031858563423157,-0.10749384015798569,0.9392768144607544,0.9543238282203674,0.2013394981622696,-0.09832893311977386,0.8943575024604797,0.9537836909294128,0.20049282908439636,-0.09837491810321808,0.8860275149345398,0.953256368637085,0.19995039701461792,-0.09836990386247635,0.9042218923568726,0.9535375833511353,0.2012109011411667,-0.12744487822055817,0.9182692170143127,0.9524930715560913,0.20030291378498077,-0.1274828463792801,0.9255726933479309,0.9509497284889221,0.1997329145669937,-0.127608522772789,0.9361287355422974,0.9437158703804016,0.20357558131217957,-0.04487694054841995,0.7971929311752319,0.9415687918663025,0.2027391642332077,-0.17584770917892456,0.9212879538536072,0.9522823095321655,0.23081684112548828,-0.08357381075620651,0.9123435020446777,0.9507904052734375,0.23044762015342712,-0.12147748470306396,0.9536535143852234,0.9249478578567505,0.28782379627227783,0.04209704324603081,0.9867819547653198,0.9151740670204163,0.28788793087005615,-0.22444462776184082,0.9996161460876465,0.9219128489494324,0.39996638894081116,0.07561130076646805,0.010871539823710918,0.915399432182312,0.403543084859848,-0.25652876496315,0.9045424461364746,0.9320694804191589,0.48796403408050537,0.039476584643125534,0.023491470143198967,0.9297118782997131,0.5069781541824341,-0.25154969096183777,0.8742449283599854,0.935211718082428,0.5148543119430542,0.03823960945010185,0.0348980650305748,0.9317104816436768,0.5324831604957581,-0.2785681188106537,0.8538928031921387,0.9377609491348267,0.5125817656517029,0.019164560362696648,0.035143859684467316,0.935197114944458,0.5303778648376465,-0.2766193747520447,0.8371855616569519,0.9358764290809631,0.50335693359375,0.028847742825746536,0.036866314709186554,0.9345871806144714,0.5224611163139343,-0.2501883804798126,0.7621427178382874,0.9287211894989014,0.49314841628074646,0.08120383322238922,0.9933897852897644,0.9181953072547913,0.4935409426689148,-0.08123130351305008,0.9953180551528931,0.9380158185958862,0.6268625259399414,0.14043854176998138,0.23541992902755737,0.9289534687995911,0.6288211941719055,-0.016370637342333794,0.8978995680809021,0.920547604560852,0.7641378045082092,0.23660802841186523,0.468765527009964,0.9091393351554871,0.7795669436454773,0.08467872440814972,0.9280425310134888,0.9099101424217224,0.7857043147087097,0.24270406365394592,0.5762656331062317,0.8992051482200623,0.8025965094566345,0.09049435704946518,0.8711230754852295,0.9570903778076172,0.7947552800178528,0.20347946882247925,0.6669146418571472,0.9504620432853699,0.8063797950744629,0.024928618222475052,0.9176425933837891,PD_Early,004_PD_01_MD.MOV
0.9586085081100464,0.22206901013851166,-0.10367647558450699,0.9346840381622314,0.9563131332397461,0.20202264189720154,-0.09428037703037262,0.8842960000038147,0.9558832049369812,0.201175257563591,-0.0943303257226944,0.8750775456428528,0.955478310585022,0.20063525438308716,-0.09432780742645264,0.8937706351280212,0.9553471803665161,0.20152105391025543,-0.12362714111804962,0.9099321365356445,0.9543024897575378,0.200424924492836,-0.12366048991680145,0.9175607562065125,0.9525452256202698,0.19979655742645264,-0.12378993630409241,0.9283965229988098,0.9460140466690063,0.2040705680847168,-0.041678596287965775,0.7784836292266846,0.9435487985610962,0.20280183851718903,-0.1722049117088318,0.9143937230110168,0.9538565278053284,0.23309309780597687,-0.07945277541875839,0.9066200256347656,0.952374279499054,0.2325376272201538,-0.1176341325044632,0.9503049254417419,0.9292696118354797,0.288006067276001,0.04646928608417511,0.9868433475494385,0.9150569438934326,0.2878971993923187,-0.22182272374629974,0.9995977878570557,0.926881730556488,0.39943841099739075,0.07959427684545517,0.011201491579413414,0.9152565002441406,0.403730183839798,-0.2543087303638458,0.9069386720657349,0.9353546500205994,0.48937880992889404,0.03905074670910835,0.024952180683612823,0.9276365637779236,0.5066288113594055,-0.25092196464538574,0.8765640258789062,0.9382137656211853,0.518316924571991,0.035269662737846375,0.03629681468009949,0.9258259534835815,0.5320206880569458,-0.27839311957359314,0.8549585938453674,0.9391615986824036,0.5150026082992554,0.01647098734974861,0.03677865117788315,0.9339827299118042,0.5305793881416321,-0.27731385827064514,0.8388587236404419,0.9374497532844543,0.5048847198486328,0.02839338593184948,0.038495562970638275,0.933205246925354,0.5219720005989075,-0.24978019297122955,0.7641253471374512,0.9334672093391418,0.49384409189224243,0.07894819229841232,0.9930369257926941,0.9197669625282288,0.49347054958343506,-0.07895870506763458,0.9948127865791321,0.9424563050270081,0.6268460750579834,0.13974902033805847,0.22707560658454895,0.9280579686164856,0.6296212077140808,-0.01759231835603714,0.8760437369346619,0.9362437129020691,0.7674003839492798,0.24161608517169952,0.44958728551864624,0.9094659686088562,0.7793289422988892,0.09761562943458557,0.9061622023582458,0.9275861382484436,0.7920408248901367,0.24840494990348816,0.560730516910553,0.9001928567886353,0.8004915714263916,0.10503073036670685,0.8459617495536804,0.9657400250434875,0.7944703698158264,0.20559968054294586,0.6506248116493225,0.9503839015960693,0.8056730031967163,0.0372249111533165,0.8993317484855652,PD_Early,004_PD_01_MD.MOV
0.9606849551200867,0.22206340730190277,-0.10727597773075104,0.9304677248001099,0.958397626876831,0.20201434195041656,-0.09750010818243027,0.8769406080245972,0.9579182267189026,0.20113515853881836,-0.09754598885774612,0.8668965101242065,0.9574553370475769,0.2005646526813507,-0.09753872454166412,0.8859867453575134,0.9576134085655212,0.20152845978736877,-0.12751159071922302,0.9040367007255554,0.9566424489021301,0.20038153231143951,-0.1275511234998703,0.911874532699585,0.9554823637008667,0.1996406763792038,-0.12768778204917908,0.9234449863433838,0.9479405283927917,0.2041274756193161,-0.04197601601481438,0.7623043656349182,0.9456283450126648,0.20267266035079956,-0.17652033269405365,0.9105724692344666,0.9557245373725891,0.23309338092803955,-0.08223423361778259,0.9009300470352173,0.9543361663818359,0.23260028660297394,-0.12133821845054626,0.9475231170654297,0.9304909110069275,0.28786930441856384,0.046366386115550995,0.9864136576652527,0.9162276387214661,0.2878366708755493,-0.22566348314285278,0.9995882511138916,0.9257250428199768,0.39880719780921936,0.07843934744596481,0.011027602478861809,0.914950966835022,0.40370655059814453,-0.25754645466804504,0.910045862197876,0.9342911839485168,0.4891039729118347,0.03369506821036339,0.024686820805072784,0.9275849461555481,0.5063786506652832,-0.2521640360355377,0.8790417313575745,0.9371178150177002,0.5175101161003113,0.0299692265689373,0.03579467162489891,0.9261089563369751,0.5326359868049622,-0.2792765200138092,0.856137216091156,0.938542902469635,0.5145503878593445,0.011335975490510464,0.036379747092723846,0.9337232112884521,0.5306574106216431,-0.27817395329475403,0.840660572052002,0.9368850588798523,0.5047416090965271,0.02291279286146164,0.038128335028886795,0.9331464767456055,0.5222356915473938,-0.250883013010025,0.7661942839622498,0.9335082769393921,0.49273163080215454,0.07919228821992874,0.9926889538764954,0.9211008548736572,0.492215633392334,-0.0792049840092659,0.9943974614143372,0.9420559406280518,0.6252585053443909,0.13896289467811584,0.2187129706144333,0.9270444512367249,0.6296989321708679,-0.02021224983036518,0.860075831413269,0.9370567202568054,0.7685258984565735,0.23999077081680298,0.43382319808006287,0.9093011021614075,0.7790621519088745,0.09108977764844894,0.8899836540222168,0.928658664226532,0.7944383025169373,0.24630065262317657,0.5479962825775146,0.8998054265975952,0.7986392974853516,0.09812214970588684,0.8278627395629883,0.9679864048957825,0.7942118048667908,0.20288772881031036,0.6370916962623596,0.9500460028648376,0.8040403127670288,0.030244596302509308,0.8858060240745544,PD_Early,004_PD_01_MD.MOV
0.9627336263656616,0.22395989298820496,-0.12454959005117416,0.9340289235115051,0.9607284665107727,0.20388321578502655,-0.11553122848272324,0.881129264831543,0.9602830410003662,0.2027992606163025,-0.11557566374540329,0.8710319995880127,0.9598516821861267,0.2018192857503891,-0.11556979268789291,0.888793408870697,0.9597927927970886,0.2033390998840332,-0.14450301229953766,0.9080424308776855,0.958733856678009,0.2017519325017929,-0.1445479840040207,0.9156320691108704,0.9576441645622253,0.20075155794620514,-0.14467917382717133,0.9266120791435242,0.951006293296814,0.2050461620092392,-0.05855182185769081,0.7657709121704102,0.9475784301757812,0.2034190148115158,-0.18955938518047333,0.9151149988174438,0.9578678011894226,0.23468580842018127,-0.09896135330200195,0.9057127237319946,0.9563674926757812,0.2344217598438263,-0.13694944977760315,0.9504690766334534,0.9340368509292603,0.28766340017318726,0.026514895260334015,0.9869312047958374,0.9166011810302734,0.2879265248775482,-0.23012283444404602,0.9996100068092346,0.9306402802467346,0.3964439630508423,0.06357523053884506,0.011717298068106174,0.9138175249099731,0.40356341004371643,-0.26014891266822815,0.9164146780967712,0.9387069940567017,0.48903876543045044,0.01788712479174137,0.02650214172899723,0.9266115427017212,0.5065670609474182,-0.2559327781200409,0.8866583108901978,0.9416786432266235,0.5168056488037109,0.012415811419487,0.037613268941640854,0.9261760115623474,0.5333402752876282,-0.28247472643852234,0.8635463118553162,0.9425385594367981,0.5142673850059509,-0.006062775384634733,0.038517892360687256,0.9325280785560608,0.5326302647590637,-0.2831134498119354,0.8491843938827515,0.9407265782356262,0.5039253234863281,0.007255968172103167,0.0403231680393219,0.9321877360343933,0.52308189868927,-0.2551775574684143,0.7777303457260132,0.9384328722953796,0.492131769657135,0.07408095896244049,0.992993175983429,0.922112762928009,0.49189192056655884,-0.0741041749715805,0.9945822358131409,0.9445849657058716,0.6242091655731201,0.13837741315364838,0.22260187566280365,0.925950288772583,0.6300045251846313,-0.0027918843552470207,0.8531338572502136,0.9419438242912292,0.7682558298110962,0.24645362794399261,0.43742936849594116,0.9091593027114868,0.7761558890342712,0.12941579520702362,0.8836956024169922,0.9333632588386536,0.7938242554664612,0.25381824374198914,0.5516679883003235,0.8995466232299805,0.7949554324150085,0.1384483426809311,0.8175827860832214,0.9712638854980469,0.7940329313278198,0.2067442536354065,0.6434623003005981,0.9471039175987244,0.8038555979728699,0.06878867745399475,0.8824301362037659,PD_Early,004_PD_01_MD.MOV
0.9623092412948608,0.21696452796459198,-0.1306041181087494,0.9380516409873962,0.959830641746521,0.19866296648979187,-0.12104970961809158,0.8866384029388428,0.9593707323074341,0.1979569047689438,-0.1210956797003746,0.8769367933273315,0.9589301943778992,0.1974603831768036,-0.12109225243330002,0.8931827545166016,0.95929354429245,0.1985277533531189,-0.15016399323940277,0.9129109978675842,0.9584999680519104,0.19757014513015747,-0.1502101570367813,0.9202291369438171,0.9576985836029053,0.19696055352687836,-0.1503463238477707,0.9303988218307495,0.9506402611732483,0.2029861956834793,-0.06159515306353569,0.7729107141494751,0.9485715627670288,0.20150808990001678,-0.19303640723228455,0.9200326204299927,0.9586812257766724,0.22997282445430756,-0.1042107492685318,0.9109570384025574,0.9575015306472778,0.22996997833251953,-0.14228348433971405,0.9535287022590637,0.9372037649154663,0.2873609960079193,0.02627614140510559,0.9873437285423279,0.9193724393844604,0.28736215829849243,-0.23494163155555725,0.9996230602264404,0.9368631839752197,0.39632776379585266,0.06275825947523117,0.012296285480260849,0.913751482963562,0.4034040570259094,-0.2672020494937897,0.9215670824050903,0.9440343379974365,0.4886854290962219,0.015216335654258728,0.027410117909312248,0.9265041351318359,0.5083343386650085,-0.2648833394050598,0.8908858895301819,0.9471385478973389,0.5162807106971741,0.00923129078000784,0.038242124021053314,0.9263027906417847,0.5349750518798828,-0.2922707796096802,0.8660069704055786,0.9472022652626038,0.5141443014144897,-0.009983165189623833,0.03941919654607773,0.932519257068634,0.5348523855209351,-0.2934490740299225,0.8523334264755249,0.9453452825546265,0.503226101398468,0.0041709234938025475,0.041200317442417145,0.9321592450141907,0.5246998071670532,-0.2644021809101105,0.7815867066383362,0.9419647455215454,0.49052783846855164,0.07294104993343353,0.9931577444076538,0.9241650104522705,0.48941531777381897,-0.07292892038822174,0.9945691227912903,0.9463617205619812,0.6202819347381592,0.1225198358297348,0.22607450187206268,0.9253159761428833,0.6285311579704285,-0.0011838966747745872,0.8399501442909241,0.9447227716445923,0.7677554488182068,0.22866958379745483,0.43839403986930847,0.9083302021026611,0.7727449536323547,0.1363561451435089,0.8720699548721313,0.9359287619590759,0.7866121530532837,0.2355097234249115,0.5536504983901978,0.8975679278373718,0.7902839183807373,0.14541994035243988,0.800796627998352,0.9734506011009216,0.7944284677505493,0.1797020584344864,0.6474250555038452,0.9425003528594971,0.803591251373291,0.07066528499126434,0.8739647269248962,PD_Early,004_PD_01_MD.MOV
0.9644012451171875,0.21679894626140594,-0.13214845955371857,0.9413136839866638,0.9618181586265564,0.1985311508178711,-0.12238127738237381,0.8916398882865906,0.9613322615623474,0.1978122591972351,-0.1224248856306076,0.8821436762809753,0.9608760476112366,0.1973215788602829,-0.12241373211145401,0.8972485065460205,0.9613587260246277,0.19837482273578644,-0.15169157087802887,0.9170516133308411,0.9605855345726013,0.19742441177368164,-0.1517348736524582,0.9239792823791504,0.9598264694213867,0.1967625766992569,-0.1518649458885193,0.9336880445480347,0.9528048038482666,0.20290322601795197,-0.06296654045581818,0.7794502377510071,0.9503120183944702,0.20136982202529907,-0.19535118341445923,0.9243921637535095,0.960566520690918,0.22983135282993317,-0.10582903027534485,0.9153628349304199,0.9594483971595764,0.2298852652311325,-0.14416202902793884,0.9561144113540649,0.9372138977050781,0.2873591184616089,0.02434714511036873,0.9877265691757202,0.9206052422523499,0.2873397171497345,-0.23674838244915009,0.9996384382247925,0.9351784586906433,0.39623886346817017,0.05716734752058983,0.012385143898427486,0.9135837554931641,0.40327173471450806,-0.2699347734451294,0.9266307950019836,0.941469132900238,0.48988422751426697,0.006980659440159798,0.027792181819677353,0.9236788153648376,0.5081264972686768,-0.2673102617263794,0.8961611986160278,0.9443294405937195,0.5178819298744202,0.0007847624365240335,0.03853053227066994,0.9238538146018982,0.5346100330352783,-0.2952597737312317,0.8706061840057373,0.945046603679657,0.5152351260185242,-0.01810437999665737,0.039871618151664734,0.9311307072639465,0.5342960357666016,-0.29557642340660095,0.8576883673667908,0.9433174729347229,0.504607081413269,-0.0040892683900892735,0.04170839861035347,0.9311287999153137,0.5243906378746033,-0.2666535973548889,0.7887465357780457,0.9415276646614075,0.48906412720680237,0.07336869090795517,0.9934661388397217,0.9254812598228455,0.48780912160873413,-0.07337161898612976,0.9947444200515747,0.9449694156646729,0.6191449165344238,0.13712486624717712,0.22718402743339539,0.9245039820671082,0.6284708380699158,0.005558974575251341,0.8361105918884277,0.94314044713974,0.7675648927688599,0.25694260001182556,0.44369253516197205,0.9080376029014587,0.7728002667427063,0.14522670209407806,0.869759202003479,0.9348669052124023,0.7883204221725464,0.26491647958755493,0.5604345798492432,0.8975590467453003,0.7908740043640137,0.1546168178319931,0.7968901991844177,0.9704173803329468,0.7943934798240662,0.21440979838371277,0.6561489701271057,0.9429040551185608,0.8031870126724243,0.08275576680898666,0.8738207817077637,PD_Early,004_PD_01_MD.MOV
0.9652581810951233,0.2166547179222107,-0.12538784742355347,0.9411754608154297,0.9626368880271912,0.1983121633529663,-0.11572638154029846,0.8905235528945923,0.9621526598930359,0.19760628044605255,-0.11577118933200836,0.8805308938026428,0.9617077112197876,0.19714520871639252,-0.11575529724359512,0.8951114416122437,0.9622772932052612,0.19814129173755646,-0.14507345855236053,0.91645747423172,0.9615757465362549,0.1972121149301529,-0.14511613547801971,0.9230583310127258,0.9609041213989258,0.19654500484466553,-0.14524486660957336,0.9332013726234436,0.9533424973487854,0.20275770127773285,-0.05812706798315048,0.774983823299408,0.9517518281936646,0.2013443112373352,-0.1905089169740677,0.9255439639091492,0.9617955088615417,0.2296610325574875,-0.09974824637174606,0.9153985977172852,0.9608069062232971,0.22977682948112488,-0.1380538046360016,0.9566437602043152,0.9363457560539246,0.2873355746269226,0.029177237302064896,0.9879701733589172,0.9242925643920898,0.28725525736808777,-0.23425468802452087,0.9996461868286133,0.9330600500106812,0.39317595958709717,0.05698682367801666,0.012303430587053299,0.9140778183937073,0.40203937888145447,-0.26663413643836975,0.9305886626243591,0.9374364018440247,0.48987239599227905,0.004281805362552404,0.028037935495376587,0.9221382737159729,0.5067378878593445,-0.2614494562149048,0.900195837020874,0.9399603605270386,0.5180575251579285,-0.0024096439592540264,0.03890588507056236,0.9224568009376526,0.5328649878501892,-0.2895027995109558,0.8740662932395935,0.9397662281990051,0.5153937935829163,-0.02049107477068901,0.040320560336112976,0.9291819334030151,0.5319826602935791,-0.2901165783405304,0.8617050647735596,0.9386329054832458,0.5051117539405823,-0.006537149194628,0.04215943068265915,0.9291099309921265,0.5220085978507996,-0.26043713092803955,0.7943715453147888,0.9408085346221924,0.4895341694355011,0.0740300789475441,0.9937573671340942,0.9277876019477844,0.48808276653289795,-0.07403433322906494,0.9948854446411133,0.9430942535400391,0.6187742948532104,0.14905565977096558,0.22761811316013336,0.9245105385780334,0.6285114288330078,0.012911160476505756,0.8363128304481506,0.942001223564148,0.7680089473724365,0.2689759135246277,0.4500974416732788,0.9084398746490479,0.7729707360267639,0.15669609606266022,0.869696855545044,0.933843195438385,0.791799783706665,0.27690431475639343,0.5680984258651733,0.8981791138648987,0.7913389205932617,0.16695454716682434,0.7964096665382385,0.9732282757759094,0.7945166826248169,0.23180599510669708,0.6644207239151001,0.9447073340415955,0.8023911118507385,0.10187947750091553,0.8747727870941162,PD_Early,004_PD_01_MD.MOV
0.9648712277412415,0.2167321890592575,-0.124418705701828,0.9419062733650208,0.9619620442390442,0.19836221635341644,-0.11471392959356308,0.890212893486023,0.961479902267456,0.19767610728740692,-0.11475833505392075,0.879938542842865,0.9610386490821838,0.1972365826368332,-0.11474432796239853,0.8938633799552917,0.9615742564201355,0.19817619025707245,-0.143938809633255,0.9171874523162842,0.960847795009613,0.19726762175559998,-0.14398425817489624,0.923809289932251,0.9599596858024597,0.19660036265850067,-0.14411921799182892,0.9339539408683777,0.9531120657920837,0.20278669893741608,-0.05627729371190071,0.7713726162910461,0.9514035582542419,0.20137256383895874,-0.18818406760692596,0.9274085760116577,0.9619988203048706,0.22968128323554993,-0.09842613339424133,0.9161347150802612,0.9610211849212646,0.2298000454902649,-0.13657206296920776,0.9574321508407593,0.9412123560905457,0.28667110204696655,0.03181908652186394,0.9878961443901062,0.9250466227531433,0.28693363070487976,-0.23267245292663574,0.9996549487113953,0.9368423223495483,0.39251774549484253,0.06084704026579857,0.012171616777777672,0.914301872253418,0.40019258856773376,-0.2656537592411041,0.9353382587432861,0.9426822662353516,0.48640069365501404,0.01435796357691288,0.028035597875714302,0.9209172129631042,0.5061389207839966,-0.26285257935523987,0.9054350852966309,0.945422887802124,0.5149482488632202,0.00953100435435772,0.038793597370386124,0.9216962456703186,0.532748281955719,-0.2909110486507416,0.8787546157836914,0.9456308484077454,0.5121238231658936,-0.009424518793821335,0.04032589867711067,0.9285677671432495,0.5315533876419067,-0.2909020781517029,0.8670399785041809,0.9441782236099243,0.5016286969184875,0.0034426585771143436,0.04220733046531677,0.9286525249481201,0.5214666128158569,-0.2619555592536926,0.8016058206558228,0.9445315599441528,0.48927628993988037,0.07408139854669571,0.9938631653785706,0.9292712807655334,0.48786208033561707,-0.07407934218645096,0.9948695302009583,0.9453876614570618,0.6179221272468567,0.1339208036661148,0.22822469472885132,0.9245768785476685,0.6274234056472778,0.006810550577938557,0.8319311141967773,0.9458959102630615,0.767365574836731,0.24516698718070984,0.451798677444458,0.9084574580192566,0.7712722420692444,0.14524881541728973,0.8641226887702942,0.9391586184501648,0.7810487151145935,0.2522052228450775,0.5715007185935974,0.8980771899223328,0.7879802584648132,0.1546211689710617,0.7869834899902344,0.9723338484764099,0.7937484383583069,0.19899891316890717,0.6688193678855896,0.9447682499885559,0.8011338710784912,0.08451955020427704,0.8710044622421265,PD_Early,004_PD_01_MD.MOV
0.9657091498374939,0.216875359416008,-0.12302308529615402,0.9411281943321228,0.9628499746322632,0.19849756360054016,-0.1133662760257721,0.8871254920959473,0.9623516798019409,0.19779182970523834,-0.11341063678264618,0.8767724633216858,0.9618993401527405,0.1973303258419037,-0.11339792609214783,0.8898316621780396,0.9624488949775696,0.19832055270671844,-0.14227552711963654,0.9155558347702026,0.96169114112854,0.1974000185728073,-0.14232255518436432,0.9226677417755127,0.9606180191040039,0.1967177540063858,-0.14246031641960144,0.9328325390815735,0.9538915753364563,0.20282810926437378,-0.05498363822698593,0.7624925374984741,0.9522594809532166,0.20138566195964813,-0.1871180385351181,0.9275833368301392,0.9628978371620178,0.22970989346504211,-0.09708399325609207,0.9145423769950867,0.9619681239128113,0.22986452281475067,-0.13486050069332123,0.9569876790046692,0.9439907073974609,0.28589412569999695,0.033166151493787766,0.987592339515686,0.9255995154380798,0.286371648311615,-0.23212844133377075,0.9996591210365295,0.9385812878608704,0.39251407980918884,0.06323543190956116,0.012095018289983273,0.914967954158783,0.39959460496902466,-0.26539409160614014,0.9395199418067932,0.9445866346359253,0.48609501123428345,0.01811143197119236,0.027944548055529594,0.9213704466819763,0.5045185685157776,-0.26128238439559937,0.9097937941551208,0.947392463684082,0.5148526430130005,0.013637498021125793,0.03857298195362091,0.9220977425575256,0.5311940908432007,-0.28967979550361633,0.8824569582939148,0.9477884769439697,0.5120601654052734,-0.0054852524772286415,0.04021547734737396,0.9286875128746033,0.5299378037452698,-0.2884939908981323,0.8713523149490356,0.946133553981781,0.501483142375946,0.007164825219660997,0.042163699865341187,0.9287221431732178,0.5206016302108765,-0.26013267040252686,0.8074814677238464,0.947454035282135,0.48901933431625366,0.07391174882650375,0.9938223958015442,0.9301719665527344,0.4876793622970581,-0.07390426099300385,0.9947577118873596,0.9473881125450134,0.6168365478515625,0.12380411475896835,0.23100130259990692,0.9244996309280396,0.6271291971206665,0.002847355091944337,0.8274968862533569,0.9433347582817078,0.7596766948699951,0.2268894761800766,0.4555169939994812,0.9078804850578308,0.7705094218254089,0.13246707618236542,0.859058678150177,0.9389410018920898,0.7777392268180847,0.2329239398241043,0.5759729146957397,0.8976057767868042,0.7871150970458984,0.1410079002380371,0.7775551676750183,0.9699847102165222,0.7932673096656799,0.17991195619106293,0.6741397380828857,0.9434829950332642,0.801095724105835,0.07336808741092682,0.8678784966468811,PD_Early,004_PD_01_MD.MOV
0.9666480422019958,0.2151505947113037,-0.1290995329618454,0.9418648481369019,0.9635339975357056,0.1973326951265335,-0.1191222295165062,0.8871697783470154,0.9630343317985535,0.19671708345413208,-0.1191675141453743,0.8768599629402161,0.9625821709632874,0.19635090231895447,-0.11915773898363113,0.8892258405685425,0.963169515132904,0.19720670580863953,-0.1478385627269745,0.9160364866256714,0.9624271392822266,0.19639383256435394,-0.14788861572742462,0.9233651757240295,0.9613666534423828,0.19577649235725403,-0.14802876114845276,0.9333941340446472,0.9547315239906311,0.2019442915916443,-0.05849349498748779,0.7584895491600037,0.9531369805335999,0.20049995183944702,-0.18872474133968353,0.9289887547492981,0.9643576145172119,0.2283795177936554,-0.10243939608335495,0.9150944948196411,0.9634276628494263,0.22840295732021332,-0.1399349570274353,0.9574988484382629,0.9471892714500427,0.2847921848297119,0.03010484389960766,0.9875853657722473,0.9269443154335022,0.28602099418640137,-0.23236866295337677,0.9996638298034668,0.9421551823616028,0.39069852232933044,0.062466781586408615,0.012125074863433838,0.9159336090087891,0.3996344804763794,-0.2648962438106537,0.9430962204933167,0.946895182132721,0.4860744774341583,0.01507571991533041,0.027949688956141472,0.9216411709785461,0.5056949257850647,-0.26085036993026733,0.913019597530365,0.9497804641723633,0.5148341655731201,0.009871961548924446,0.038383547216653824,0.922281801700592,0.5332468748092651,-0.28851598501205444,0.8848047852516174,0.9500467777252197,0.5122761130332947,-0.008910040371119976,0.040160637348890305,0.9287734627723694,0.532455563545227,-0.2886624038219452,0.8742988109588623,0.948258638381958,0.5016419291496277,0.004127278458327055,0.04220541939139366,0.9288562536239624,0.522156298160553,-0.2602047622203827,0.8116034269332886,0.950046956539154,0.48833245038986206,0.07411854714155197,0.993955671787262,0.9317128658294678,0.4873182475566864,-0.07411610335111618,0.9947937726974487,0.9488649368286133,0.6173952221870422,0.12669897079467773,0.23359975218772888,0.9245434999465942,0.6273435354232788,0.0011812193552032113,0.8238925933837891,0.9437720775604248,0.7599767446517944,0.2386494278907776,0.4629138708114624,0.9074147343635559,0.7693432569503784,0.13641728460788727,0.8572970032691956,0.9367845058441162,0.7809002995491028,0.24552090466022491,0.5824439525604248,0.8974303007125854,0.7863601446151733,0.14531318843364716,0.7719290256500244,0.9702399969100952,0.792926549911499,0.1890166848897934,0.6826384663581848,0.9436208605766296,0.8006237745285034,0.07280595600605011,0.8682641983032227,PD_Early,004_PD_01_MD.MOV
0.9681626558303833,0.2172383815050125,-0.12630906701087952,0.9419270753860474,0.9650043845176697,0.19882138073444366,-0.1165417805314064,0.8862834572792053,0.9644935131072998,0.19817590713500977,-0.11658599972724915,0.8760362267494202,0.9640375971794128,0.19781120121479034,-0.11657483875751495,0.8874635696411133,0.9644480347633362,0.19857175648212433,-0.14606091380119324,0.9157264232635498,0.9635763764381409,0.19767756760120392,-0.1461026519536972,0.9234025478363037,0.9624708294868469,0.1970118135213852,-0.14623183012008667,0.9331752061843872,0.956146240234375,0.2030780017375946,-0.05827055498957634,0.753170371055603,0.954228401184082,0.20146788656711578,-0.18245650827884674,0.9299581050872803,0.9657222032546997,0.23012040555477142,-0.10032172501087189,0.9152663350105286,0.9646549820899963,0.23001550137996674,-0.13933846354484558,0.9577103853225708,0.9498127102851868,0.2847409248352051,0.031347621232271194,0.9877004027366638,0.9279526472091675,0.2863631546497345,-0.22370770573616028,0.9996684193611145,0.9447351098060608,0.3901834189891815,0.06397022306919098,0.012437514960765839,0.9166224002838135,0.3997246026992798,-0.2528291940689087,0.946560263633728,0.9528186321258545,0.48591625690460205,0.01666327193379402,0.02877812087535858,0.9218360185623169,0.503370463848114,-0.24898168444633484,0.9167908430099487,0.9528804421424866,0.5112888216972351,0.012503170408308506,0.03915668651461601,0.9224530458450317,0.5303531289100647,-0.2740441858768463,0.8882220983505249,0.9564189314842224,0.5122715830802917,-0.006536903325468302,0.041170474141836166,0.928777813911438,0.5298995971679688,-0.2773338854312897,0.8784281015396118,0.9542332291603088,0.5016552805900574,0.005687879864126444,0.04333946481347084,0.9289248585700989,0.5207422971725464,-0.2492903172969818,0.8173882365226746,0.9519934058189392,0.4909348785877228,0.0726390928030014,0.9940939545631409,0.9331257939338684,0.4893982410430908,-0.07263227552175522,0.9947961568832397,0.9506189823150635,0.6225564479827881,0.11606153845787048,0.2386280596256256,0.9245591759681702,0.6293925046920776,0.002294897334650159,0.8165844678878784,0.9459307193756104,0.7636775970458984,0.21299178898334503,0.4676927626132965,0.9073862433433533,0.7688105702400208,0.13844983279705048,0.8486584424972534,0.9378942847251892,0.7882660031318665,0.21842731535434723,0.5866036415100098,0.897424042224884,0.7859382033348083,0.1474434733390808,0.7573918104171753,0.9719904065132141,0.7932317852973938,0.16286635398864746,0.6886247992515564,0.9436885714530945,0.8006210923194885,0.07500613480806351,0.8638201951980591,PD_Early,004_PD_01_MD.MOV
